1,0,30,18,31,12,8,-8,0,1,0,0,0,0,0,0,0,0,0,0
2,500,28,19,30,12,8,-8,0,1,0,0,0,0,0,0,0,0,0,0
3,1000,28,19,31,12,8,-7,0,1,0,0,0,0,0,0,0,0,0,0
4,1500,28,19,31,12,8,-7,0,1,0,0,0,0,0,0,0,0,0,0
5,2000,30,18,31,12,6,-7,0,1,0,0,0,0,0,0,0,0,0,0
6,2500,28,19,31,12,8,-7,0,1,0,0,0,0,0,0,0,0,0,0
7,3000,30,21,33,12,9,-6,0,1,0,0,0,0,0,0,0,0,0,0
8,3500,28,21,32,12,9,-7,0,1,0,0,0,0,0,0,0,0,0,0
9,4000,30,21,33,12,9,-6,0,1,0,0,0,0,0,0,0,0,0,0
10,4500,28,19,32,12,8,-7,0,1,0,0,0,0,0,0,0,0,0,0
11,5000,28,19,31,12,9,-7,0,1,0,0,0,0,0,0,0,0,0,0
12,5500,30,21,33,12,9,-7,0,1,0,0,0,0,0,0,0,0,0,0
13,6000,30,18,31,12,8,-8,0,1,0,0,0,0,0,0,0,0,0,0
14,6500,28,19,31,12,8,-7,0,1,0,0,0,0,0,0,0,0,0,0
15,7000,30,19,31,12,6,-7,0,1,0,0,0,0,0,0,0,0,0,0
16,7500,28,19,31,12,6,-8,0,1,0,0,0,0,0,0,0,0,0,0
17,8000,28,19,31,12,7,-7,0,1,0,0,0,0,0,0,0,0,0,0
18,8500,30,19,31,12,6,-7,0,1,0,0,0,0,0,0,0,0,0,0
19,9000,28,19,31,12,8,-7,0,1,0,0,0,0,0,0,0,0,0,0
20,9500,29,21,33,12,9,-7,0,1,0,0,0,0,0,0,0,0,0,0
21,10000,28,19,32,12,9,-7,0,1,0,0,0,0,0,0,0,0,0,0
22,10500,28,19,31,12,8,-7,0,1,0,0,0,0,0,0,0,0,0,0
23,11000,28,18,31,12,7,-8,0,1,0,0,0,0,0,0,0,0,0,0
24,11500,28,19,31,12,8,-7,0,1,0,0,0,0,0,0,0,0,0,0
25,12000,30,19,31,12,8,-8,0,1,0,0,0,0,0,0,0,0,0,0
26,12500,28,21,33,12,9,-7,0,1,0,0,0,0,0,0,0,0,0,0
27,13000,28,19,31,12,7,-7,0,1,0,0,0,0,0,0,0,0,0,0
28,13500,30,19,31,12,8,-8,0,1,0,0,0,0,0,0,0,0,0,0
29,14000,30,21,33,12,9,-7,0,1,0,0,0,0,0,0,0,0,0,0
30,14500,29,21,33,12,9,-6,0,1,0,0,0,0,0,0,0,0,0,0
31,15000,28,19,31,12,7,-7,0,1,0,0,0,0,0,0,0,0,0,0
32,15500,28,19,31,12,8,-7,0,1,0,0,0,0,0,0,0,0,0,0
33,16000,28,19,31,12,8,-7,0,1,0,0,0,0,0,0,0,0,0,0
34,16500,28,18,31,12,8,-7,0,1,0,0,0,0,0,0,0,0,0,0
35,17000,28,19,31,12,8,-7,0,1,0,0,0,0,0,0,0,0,0,0
36,17500,28,19,31,12,8,-7,0,1,0,0,0,0,0,0,0,0,0,0
37,18000,30,21,32,12,9,-7,0,1,0,0,0,0,0,0,0,0,0,0
38,18500,29,21,33,12,9,-6,0,1,0,0,0,0,0,0,0,0,0,0
39,19000,30,19,31,12,7,-7,0,1,0,0,0,0,0,0,0,0,0,0
40,19500,28,19,31,12,8,-7,0,1,0,0,0,0,0,0,0,0,0,0
41,20000,28,19,31,12,8,-7,0,1,0,0,0,0,0,0,0,0,0,0
42,20500,28,19,31,12,6,-8,0,1,0,0,0,0,0,0,0,0,0,0
43,21000,28,20,31,12,8,-7,0,1,0,0,0,0,0,0,0,0,0,0
44,21500,30,19,31,12,7,-7,0,1,0,0,0,0,0,0,0,0,0,0
45,22000,30,21,33,12,9,-7,0,1,0,0,0,0,0,0,0,0,0,0
46,22500,28,20,32,12,9,-7,0,1,0,0,0,0,0,0,0,0,0,0
47,23000,28,19,31,12,8,-7,0,1,0,0,0,0,0,0,0,0,0,0
48,23500,29,21,33,12,9,-6,0,1,0,0,0,0,0,0,0,0,0,0
49,24000,30,21,33,12,9,-6,0,1,0,0,0,0,0,0,0,0,0,0
50,24500,28,19,32,12,8,-7,0,1,0,0,0,0,0,0,0,0,0,0
51,25000,28,19,31,12,9,-7,0,1,0,0,0,0,0,0,0,0,0,0
52,25500,28,20,31,12,9,-7,0,1,0,0,0,0,0,0,0,0,0,0
53,26000,28,19,31,12,7,-7,0,1,0,0,0,0,0,0,0,0,0,0
54,26500,28,18,32,12,8,-7,0,1,0,0,0,0,0,0,0,0,0,0
55,27000,28,19,32,12,8,-7,0,1,0,0,0,0,0,0,0,0,0,0
56,27500,28,19,31,12,8,-7,0,1,0,0,0,0,0,0,0,0,0,0
57,28000,28,21,33,12,9,-6,0,1,0,0,0,0,0,0,0,0,0,0
58,28500,29,21,33,12,9,-6,0,1,0,0,0,0,0,0,0,0,0,0
59,29000,28,19,31,12,9,-7,0,1,0,0,0,0,0,0,0,0,0,0
60,29500,29,21,32,12,9,-6,0,1,0,0,0,0,0,0,0,0,0,0
61,30000,28,19,31,12,8,-7,0,1,0,0,0,0,0,0,0,0,0,0
62,30500,28,20,31,12,8,-7,0,1,0,0,0,0,0,0,0,0,0,0
63,31000,30,21,33,12,9,-6,0,1,0,0,0,0,0,0,0,0,0,0
64,31500,28,19,32,12,8,-7,0,1,0,0,0,0,0,0,0,0,0,0
65,32000,28,20,31,12,9,-7,0,1,0,0,0,0,0,0,0,0,0,0
66,32500,28,19,31,12,8,-7,0,1,0,0,0,0,0,0,0,0,0,0
67,33000,28,19,31,12,9,-7,0,1,0,0,0,0,0,0,0,0,0,0
68,33500,28,19,31,12,7,-7,0,1,0,0,0,0,0,0,0,0,0,0
69,34000,28,20,33,12,9,-7,0,1,0,0,0,0,0,0,0,0,0,0
70,34500,28,19,31,12,8,-7,0,1,0,0,0,0,0,0,0,0,0,0
71,35000,28,19,31,12,8,-7,0,1,0,0,0,0,0,0,0,0,0,0
72,35500,28,19,31,12,8,-7,0,1,0,0,0,0,0,0,0,0,0,0
73,36000,30,18,31,12,7,-8,0,1,0,0,0,0,0,0,0,0,0,0
74,36500,30,21,33,12,8,-6,0,1,0,0,0,0,0,0,0,0,0,0
75,37000,28,19,32,12,8,-7,0,1,0,0,0,0,0,0,0,0,0,0
76,37500,28,18,31,12,6,-7,0,1,0,0,0,0,0,0,0,0,0,0
77,38000,28,19,31,12,8,-7,0,1,0,0,0,0,0,0,0,0,0,0
78,38500,30,19,31,12,8,-8,0,1,0,0,0,0,0,0,0,0,0,0
79,39000,29,21,33,12,9,-6,0,1,0,0,0,0,0,0,0,0,0,0
80,39500,28,19,32,12,9,-6,0,1,0,0,0,0,0,0,0,0,0,0
81,40000,29,21,32,12,9,-6,0,1,0,0,0,0,0,0,0,0,0,0
82,40500,28,19,31,12,7,-7,0,1,0,0,0,0,0,0,0,0,0,0
83,41000,28,19,31,12,8,-7,0,1,0,0,0,0,0,0,0,0,0,0
84,41500,28,19,31,12,8,-7,0,1,0,0,0,0,0,0,0,0,0,0
85,42000,30,18,31,12,6,-8,0,1,0,0,0,0,0,0,0,0,0,0
86,42500,28,18,31,12,6,-7,0,1,0,0,0,0,0,0,0,0,0,0
87,43000,28,19,31,12,8,-7,0,1,0,0,0,0,0,0,0,0,0,0
88,43500,30,18,31,12,7,-7,0,1,0,0,0,0,0,0,0,0,0,0
89,44000,28,18,31,12,6,-7,0,1,0,0,0,0,0,0,0,0,0,0
90,44500,28,19,31,12,8,-7,0,1,0,0,0,0,0,0,0,0,0,0
91,45000,28,19,31,12,8,-7,0,1,0,0,0,0,0,0,0,0,0,0
92,45500,30,19,31,12,8,-7,0,1,0,0,0,0,0,0,0,0,0,0
93,46000,28,19,32,12,8,-7,0,1,0,0,0,0,0,0,0,0,0,0
94,46500,28,19,32,12,9,-7,0,1,0,0,0,0,0,0,0,0,0,0
95,47000,30,20,33,12,9,-6,0,1,0,0,0,0,0,0,0,0,0,0
96,47500,28,19,31,12,8,-7,0,1,0,0,0,0,0,0,0,0,0,0
97,48000,33,21,33,15,9,-6,0,1,0,0,0,0,0,0,0,0,0,0
98,48500,59,19,32,42,9,-6,0,1,0,0,0,0,0,0,0,0,0,0
99,49000,103,18,31,78,7,-7,0,1,0,0,0,0,0,0,0,0,0,0
100,49500,142,18,31,115,8,-7,0,1,0,0,0,0,0,0,0,0,0,0
101,50000,180,18,31,147,6,-7,0,1,0,0,0,0,0,0,0,0,0,0
102,50500,213,18,31,178,8,-7,0,1,0,0,0,0,0,0,0,0,0,0
103,51000,245,16,30,203,8,-8,0,1,0,0,0,0,0,0,0,0,0,0
104,51500,267,18,31,225,8,-7,0,1,0,0,0,0,0,0,0,0,0,0
105,52000,285,17,31,239,9,-7,0,1,0,0,0,0,0,0,0,0,0,0
106,52500,296,16,31,246,8,-7,0,1,0,0,0,0,0,0,0,0,0,0
107,53000,300,18,33,248,9,-7,0,1,0,0,0,0,0,0,0,0,0,0
108,53500,295,16,31,244,8,-7,0,1,0,0,0,0,0,0,0,0,0,0
109,54000,286,16,31,234,8,-7,0,1,0,0,0,0,0,0,0,0,0,0
110,54500,267,18,31,218,8,-7,0,1,0,0,0,0,0,0,0,0,0,0
111,55000,242,17,31,196,8,-7,0,1,0,0,0,0,0,0,0,0,0,0
112,55500,214,19,32,169,9,-7,0,1,0,0,0,0,0,0,0,0,0,0
113,56000,177,18,31,138,8,-7,0,1,0,0,0,0,0,0,0,0,0,0
114,56500,137,18,31,103,8,-8,0,1,0,0,0,0,0,0,0,0,0,0
115,57000,96,18,31,64,6,-7,0,1,0,0,0,0,0,0,0,0,0,0
116,57500,52,18,31,25,8,-8,0,1,0,0,0,0,0,0,0,0,0,0
117,58000,5,19,32,-14,6,-7,0,1,0,0,0,0,0,0,0,0,0,0
118,58500,-41,19,31,-54,8,-7,0,1,0,0,0,0,0,0,0,0,0,0
119,59000,-85,20,31,-92,8,-8,0,1,0,0,0,0,0,0,0,0,0,0
120,59500,-128,19,31,-129,6,-7,0,1,0,0,0,0,0,0,0,0,0,0
121,60000,-163,21,31,-162,8,-7,0,1,0,0,0,0,0,0,0,0,0,0
122,60500,-218,19,31,-202,9,-7,0,1,0,0,0,0,0,0,0,0,0,0
123,61000,-248,21,31,-229,8,-7,0,1,0,0,0,0,0,0,0,0,0,0
124,61500,-267,21,31,-247,8,-7,0,1,0,0,0,0,0,0,0,0,0,0
125,62000,-283,21,31,-259,8,-8,0,1,0,0,0,0,0,0,0,0,0,0
126,62500,-293,21,31,-266,9,-7,0,1,0,0,0,0,0,0,0,0,0,0
127,63000,-294,21,31,-267,8,-7,0,1,0,0,0,0,0,0,0,0,0,0
128,63500,-292,21,31,-265,8,-7,0,1,0,0,0,0,0,0,0,0,0,0
129,64000,-277,19,31,-250,9,-7,0,1,0,0,0,0,0,0,0,0,0,0
130,64500,-257,19,31,-232,9,-7,0,1,0,0,0,0,0,0,0,0,0,0
131,65000,-231,21,31,-209,9,-8,0,1,0,0,0,0,0,0,0,0,1,0
132,65500,-176,21,31,-180,9,-7,0,1,0,0,0,0,0,0,0,0,1,0
133,66000,-138,19,31,-136,9,-7,0,1,0,0,0,0,0,0,0,0,1,0
134,66500,-100,21,31,-99,8,-7,0,1,0,0,0,0,0,0,0,0,1,0
135,67000,-56,21,31,-62,9,-7,0,1,0,0,0,0,0,0,0,0,1,0
136,67500,-12,19,32,-22,7,-6,0,1,0,0,0,0,0,0,0,0,1,0
137,68000,36,19,31,17,6,-7,0,1,0,0,0,0,0,0,0,0,1,0
138,68500,80,21,32,59,8,-8,0,1,0,0,0,0,0,0,0,0,1,0
139,69000,124,21,33,96,9,-6,0,1,0,0,0,0,0,0,0,0,1,0
140,69500,162,18,31,132,8,-7,0,1,0,0,0,0,0,0,0,0,1,0
141,70000,200,19,33,164,9,-7,0,1,0,0,0,0,0,0,0,0,1,0
142,70500,230,19,33,192,9,-6,0,1,0,0,0,0,0,0,0,0,1,0
143,71000,254,18,32,214,9,-7,0,1,0,0,0,0,0,0,0,0,1,0
144,71500,274,16,31,232,8,-7,0,1,0,0,0,0,0,0,0,0,1,0
145,72000,292,17,31,245,8,-7,0,1,0,0,0,0,0,0,0,0,1,0
146,72500,303,16,31,253,7,-8,0,1,0,0,0,0,0,0,0,0,1,0
147,73000,287,17,31,258,8,-7,0,1,0,0,0,0,0,0,0,0,1,0
148,73500,301,16,31,250,7,-8,0,1,0,0,0,0,0,0,0,0,1,0
149,74000,290,16,31,240,8,-8,0,1,0,0,0,0,0,0,0,0,1,0
150,74500,271,17,31,223,8,-7,0,1,0,0,0,0,0,0,0,0,1,0
151,75000,247,19,33,200,9,-6,0,1,0,0,0,0,0,0,0,0,1,0
152,75500,217,18,31,172,7,-7,0,1,0,0,0,0,0,0,0,0,1,0
153,76000,180,18,31,141,6,-8,0,1,0,0,0,0,0,0,0,0,1,0
154,76500,142,18,31,106,6,-7,0,1,0,0,0,0,0,0,0,0,1,0
155,77000,99,18,31,67,8,-8,0,1,0,0,0,0,0,0,0,0,1,0
156,77500,52,19,31,30,8,-7,0,1,0,0,0,0,0,0,0,0,1,0
157,78000,6,20,30,-11,8,-8,0,1,0,0,0,0,0,0,0,0,1,0
158,78500,-37,19,31,-51,9,-7,0,1,0,0,0,0,0,0,0,0,1,0
159,79000,-81,21,31,-92,8,-7,0,1,0,0,0,0,0,0,0,0,1,0
160,79500,-123,21,31,-124,8,-8,0,1,0,0,0,0,0,0,0,0,1,0
161,80000,-161,19,31,-158,9,-7,0,1,0,0,0,0,0,0,0,0,1,0
162,80500,-214,20,31,-202,8,-7,0,1,0,0,0,0,0,0,0,0,1,0
163,81000,-242,20,31,-224,8,-7,0,1,0,0,0,0,0,0,0,0,1,0
164,81500,-265,21,31,-246,8,-7,0,1,0,0,0,0,0,0,0,0,1,0
165,82000,-283,20,31,-256,8,-7,0,1,0,0,0,0,0,0,0,0,1,0
166,82500,-292,19,31,-264,9,-7,0,1,0,0,0,0,0,0,0,0,1,0
167,83000,-292,19,31,-265,9,-7,0,1,0,0,0,0,0,0,0,0,0,0
168,83500,-285,21,31,-258,8,-7,0,1,0,0,0,0,0,0,0,0,0,0
169,84000,-274,21,31,-248,8,-7,0,1,0,0,0,0,0,0,0,0,0,0
170,84500,-252,21,31,-231,9,-7,0,1,0,0,0,0,0,0,0,0,0,0
171,85000,-222,21,31,-205,9,-7,0,1,0,0,0,0,0,0,0,0,0,0
172,85500,-172,19,31,-179,7,-8,0,1,0,0,0,0,0,0,0,0,0,0
173,86000,-136,21,31,-133,8,-8,0,1,0,0,0,0,0,0,0,0,0,0
174,86500,-95,21,31,-95,8,-8,0,1,0,0,0,0,0,0,1,0,0,0
175,87000,-51,19,31,-58,9,-7,0,1,0,0,0,0,0,0,1,0,0,0
176,87500,-7,19,33,-18,7,-6,0,1,0,0,0,0,0,0,1,0,0,0
177,88000,39,22,31,22,6,-7,0,1,0,0,0,0,0,0,1,0,0,0
178,88500,84,19,31,62,8,-7,0,1,0,0,0,0,0,0,1,0,0,0
179,89000,128,21,31,101,9,-8,0,1,0,0,0,0,0,0,1,0,0,0
180,89500,169,19,30,137,8,-7,0,1,0,0,0,0,0,0,1,0,0,0
181,90000,206,18,31,169,8,-8,0,1,0,0,0,0,0,0,1,0,0,0
182,90500,237,18,31,198,9,-7,0,1,0,0,0,0,0,0,1,0,0,0
183,91000,264,18,31,222,9,-7,0,1,0,0,0,0,0,0,1,0,0,0
184,91500,282,16,31,238,8,-7,0,1,0,0,0,0,0,0,1,0,0,0
185,92000,294,16,31,249,6,-8,0,1,0,0,0,0,0,0,1,0,0,0
186,92500,286,16,31,259,8,-7,0,1,0,0,0,0,0,0,1,0,0,0
187,93000,289,17,31,261,8,-7,0,1,0,0,0,0,0,0,1,0,0,0
188,93500,284,16,31,255,7,-7,0,1,0,0,0,0,0,0,1,0,0,0
189,94000,291,18,31,242,8,-7,0,1,0,0,0,0,0,0,1,0,0,0
190,94500,273,16,31,225,7,-7,0,1,0,0,0,0,0,0,1,0,0,0
191,95000,248,18,31,203,7,-7,0,1,0,0,0,0,0,0,1,0,0,0
192,95500,218,20,32,175,9,-7,0,1,0,0,0,0,0,0,1,0,0,0
193,96000,181,19,31,144,9,-7,0,1,0,0,0,0,0,0,1,0,0,0
194,96500,141,19,31,109,8,-7,0,1,0,0,0,0,0,0,1,0,0,0
195,97000,99,19,31,70,9,-7,0,1,0,0,0,0,0,0,1,0,0,0
196,97500,53,18,31,30,8,-7,0,1,0,0,0,0,0,0,1,0,0,0
197,98000,6,19,32,-11,8,-7,0,1,0,0,0,0,0,0,1,0,0,0
198,98500,-37,21,31,-51,9,-7,0,1,0,0,0,0,0,0,1,0,0,0
199,99000,-81,19,33,-89,8,-7,0,1,0,0,0,0,0,0,1,0,0,0
200,99500,-122,21,32,-124,9,-7,0,1,0,0,0,0,0,0,1,0,0,0
201,100000,-159,22,31,-157,9,-7,0,1,0,0,0,0,0,0,1,0,0,0
202,100500,-213,19,31,-186,9,-7,0,1,0,0,0,0,0,0,1,0,0,0
203,101000,-240,21,31,-220,9,-7,0,1,0,0,0,0,0,0,1,0,0,0
204,101500,-265,19,31,-239,9,-7,0,1,0,0,0,0,0,0,1,0,0,0
205,102000,-283,22,31,-255,9,-7,0,1,0,0,0,0,0,0,1,0,0,0
206,102500,-292,21,31,-259,9,-7,0,1,0,0,0,0,0,0,1,0,0,0
207,103000,-292,20,31,-259,8,-8,0,1,0,0,0,0,0,0,1,0,0,0
208,103500,-283,22,31,-256,9,-7,0,1,0,0,0,0,0,0,1,0,0,0
209,104000,-266,19,33,-240,8,-6,0,1,0,0,0,0,0,0,1,0,0,0
210,104500,-248,21,32,-222,8,-7,0,1,0,0,0,0,0,0,1,0,0,0
211,105000,-222,19,31,-198,8,-8,0,1,0,0,0,0,0,0,1,0,0,0
212,105500,-169,21,31,-161,9,-7,0,1,0,0,0,0,0,0,1,0,0,0
213,106000,-133,22,31,-127,9,-7,0,1,0,0,0,0,0,0,1,0,0,0
214,106500,-94,22,31,-92,8,-7,0,1,0,0,0,0,0,0,1,0,0,0
215,107000,-47,19,31,-55,9,-7,0,1,0,0,0,0,0,0,1,0,0,0
216,107500,-3,19,31,-14,9,-7,0,1,0,0,0,0,0,0,1,0,0,0
217,108000,42,19,31,26,9,-6,0,1,0,0,0,0,0,0,1,0,0,0
218,108500,87,18,31,66,8,-7,0,1,0,0,0,0,0,0,1,0,0,0
219,109000,131,20,33,104,9,-7,0,1,0,0,0,0,0,0,1,0,0,0
220,109500,171,19,32,141,8,-7,0,1,0,0,0,0,0,0,1,0,0,0
221,110000,208,18,31,173,4,-7,0,1,0,0,0,0,0,0,1,0,0,0
222,110500,242,19,38,201,8,-6,0,1,0,0,0,0,0,0,1,0,0,0
223,111000,269,16,32,224,7,-11,0,1,0,0,0,0,0,0,1,0,0,0
224,111500,289,16,31,248,7,-8,0,1,0,0,0,0,0,0,1,0,0,0
225,112000,300,16,31,254,8,-7,0,1,0,0,0,0,0,0,1,0,0,0
226,112500,306,16,31,260,6,-7,0,1,0,0,0,0,0,0,1,0,0,0
227,113000,289,16,31,261,6,-7,0,1,0,0,0,0,0,0,1,0,0,0
228,113500,284,16,31,256,6,-7,0,1,0,0,0,0,0,0,1,0,0,0
229,114000,292,16,31,243,6,-7,0,1,0,0,0,0,0,0,1,0,0,0
230,114500,274,17,31,227,8,-8,0,1,0,0,0,0,0,0,1,0,0,0
231,115000,249,19,32,203,9,-7,0,1,0,0,0,0,0,0,1,0,0,0
232,115500,218,17,31,176,7,-7,0,1,0,0,0,0,0,0,1,0,0,0
233,116000,181,18,31,145,6,-8,0,1,0,0,0,0,0,0,1,0,0,0
234,116500,142,18,31,109,8,-7,0,1,0,0,0,0,0,0,1,0,0,0
235,117000,99,20,32,70,9,-6,0,1,0,0,0,0,0,0,1,0,0,0
236,117500,53,19,31,32,9,-7,0,1,0,0,0,0,0,0,1,0,0,0
237,118000,9,20,31,-11,9,-7,0,1,0,0,0,0,0,0,1,0,0,0
238,118500,-38,19,32,-49,7,-6,0,1,0,0,0,0,0,0,1,0,0,0
239,119000,-81,19,33,-87,6,-11,0,1,0,0,0,0,0,0,1,0,0,0
240,119500,-122,21,31,-123,8,-8,0,1,0,0,0,0,0,0,1,0,0,0
241,120000,-161,19,31,-156,6,-8,0,1,0,0,0,0,0,0,1,0,0,0
242,120500,-213,21,31,-195,8,-7,0,1,0,0,0,0,0,0,1,0,0,0
243,121000,-240,19,33,-220,8,-7,0,1,0,0,0,0,0,0,1,0,0,0
244,121500,-270,19,32,-238,9,-6,0,1,0,0,0,0,0,0,1,0,0,0
245,122000,-283,20,31,-255,8,-7,0,1,0,0,0,0,0,0,1,0,0,0
246,122500,-292,19,31,-258,9,-7,0,1,0,0,0,0,0,0,1,0,0,0
247,123000,-292,19,31,-257,9,-7,0,1,0,0,0,0,0,0,1,0,0,0
248,123500,-283,19,32,-249,8,-6,0,1,0,0,0,0,0,0,1,0,0,0
249,124000,-265,19,33,-239,6,-7,0,1,0,0,0,0,0,0,1,0,0,0
250,124500,-242,19,32,-222,8,-7,0,1,0,0,0,0,0,0,1,0,0,0
251,125000,-218,21,31,-198,8,-7,0,1,0,0,0,0,0,0,1,0,0,0
252,125500,-167,22,31,-158,9,-7,0,1,0,0,0,0,0,0,1,0,0,0
253,126000,-130,19,31,-126,9,-7,0,1,0,0,0,0,0,0,1,0,0,0
254,126500,-89,19,34,-89,9,-7,0,1,0,0,0,0,0,0,1,0,0,0
255,127000,-47,19,33,-52,8,-6,0,1,0,0,0,0,0,0,1,0,0,0
256,127500,0,20,32,-11,8,-7,0,1,0,0,0,0,0,0,1,0,0,0
257,128000,46,25,31,29,8,-8,0,1,0,0,0,0,0,0,1,0,0,0
258,128500,90,19,31,69,12,-7,0,1,0,0,0,0,0,0,1,0,0,0
259,129000,134,18,28,107,8,-8,0,1,0,0,0,0,0,0,1,0,0,0
260,129500,169,18,30,142,6,-8,0,1,0,0,0,0,0,0,1,0,0,0
261,130000,211,17,31,179,6,-8,0,1,0,0,0,0,0,0,1,0,0,0
262,130500,243,16,31,204,8,-7,0,1,0,0,0,0,0,0,1,0,0,0
263,131000,271,18,32,226,9,-7,0,1,0,0,0,0,0,0,1,0,0,0
264,131500,290,16,31,245,7,-7,0,1,0,0,0,0,0,0,1,0,0,0
265,132000,304,16,31,256,8,-7,0,1,0,0,0,0,0,0,1,0,0,0
266,132500,307,16,31,261,8,-7,0,1,0,0,0,0,0,0,1,0,0,0
267,133000,289,18,33,263,9,-7,0,1,0,0,0,0,0,0,1,0,0,0
268,133500,285,16,32,257,8,-7,0,1,0,0,0,0,0,0,1,0,0,0
269,134000,293,17,32,243,9,-6,0,1,0,0,0,0,0,0,1,0,0,0
270,134500,274,17,31,227,8,-7,0,1,0,0,0,0,0,0,1,0,0,0
271,135000,249,18,31,203,8,-3,0,1,0,0,0,0,0,0,1,0,0,0
272,135500,217,18,31,177,8,-6,0,1,0,0,0,0,0,0,1,0,0,0
273,136000,183,16,32,144,9,-6,0,1,0,0,0,0,0,0,1,0,0,0
274,136500,141,18,31,109,14,-7,0,1,0,0,0,0,0,0,1,0,0,0
275,137000,100,18,26,70,7,-7,0,1,0,0,0,0,0,0,1,0,0,0
276,137500,53,19,30,31,8,-5,0,1,0,0,0,0,0,0,1,0,0,0
277,138000,8,18,33,-5,6,-6,0,1,0,0,0,0,0,0,1,0,0,0
278,138500,-37,19,31,-48,8,-8,0,1,0,0,0,0,0,0,1,0,0,0
279,139000,-81,19,30,-87,9,-8,0,1,0,0,0,0,0,0,1,0,0,0
280,139500,-123,19,30,-123,7,-8,0,1,0,0,0,0,0,0,1,0,0,0
281,140000,-158,19,31,-156,6,-8,0,1,0,0,0,0,0,0,1,0,0,0
282,140500,-213,21,31,-196,8,-7,0,1,0,0,0,0,0,0,1,0,0,0
283,141000,-239,19,33,-220,8,-7,0,1,0,0,0,0,0,0,1,0,0,0
284,141500,-265,22,32,-238,8,-7,0,1,0,0,0,0,0,0,1,0,0,0
285,142000,-278,19,33,-251,8,-6,0,1,0,0,0,0,0,0,1,0,0,0
286,142500,-287,19,32,-257,9,-7,0,1,0,0,0,0,0,0,1,0,0,0
287,143000,-287,19,31,-257,9,-6,0,1,0,0,0,0,0,0,1,0,0,0
288,143500,-275,19,33,-248,7,-6,0,1,0,0,0,0,0,0,1,0,0,0
289,144000,-260,19,33,-239,8,-6,0,1,0,0,0,0,0,0,1,0,0,0
290,144500,-240,20,31,-222,12,-7,0,1,0,0,0,0,0,0,1,0,0,0
291,145000,-218,21,26,-197,9,-7,0,1,0,0,0,0,0,0,1,0,0,0
292,145500,-163,19,30,-157,9,-7,0,1,0,0,0,0,0,0,1,0,0,0
293,146000,-128,21,31,-118,8,-7,0,1,0,0,0,0,0,0,1,0,0,0
294,146500,-87,20,31,-86,8,-7,0,1,0,0,0,0,0,0,1,0,0,0
295,147000,-44,19,31,-48,9,-8,0,1,0,0,0,0,0,0,1,0,0,0
296,147500,2,20,31,-8,8,-8,0,1,0,0,0,0,0,0,1,0,0,0
297,148000,43,19,31,32,8,-7,0,1,0,0,0,0,0,0,1,0,0,0
298,148500,93,18,31,69,8,-8,0,1,0,0,0,0,0,0,1,0,0,0
299,149000,134,16,31,109,6,-7,0,1,0,0,0,0,0,0,1,0,0,0
300,149500,176,17,31,145,6,-7,0,1,0,0,0,0,0,0,1,0,0,0
301,150000,213,19,33,176,9,-7,0,1,0,0,0,0,0,0,1,0,0,0
302,150500,245,16,31,204,8,-7,0,1,0,0,0,0,0,0,1,0,0,0
303,151000,272,17,31,229,8,-7,0,1,0,0,0,0,0,0,1,0,0,0
304,151500,293,17,31,246,8,-7,0,1,0,0,0,0,0,0,1,0,0,0
305,152000,287,17,31,260,8,-7,0,1,0,0,0,0,0,0,1,0,0,0
306,152500,289,16,31,264,8,-7,0,1,0,0,0,0,0,0,1,0,0,0
307,153000,289,16,36,263,8,-7,0,1,0,0,0,0,0,0,1,0,0,0
308,153500,304,16,32,256,6,-3,0,1,0,0,0,0,0,0,1,0,0,0
309,154000,294,15,31,243,6,-6,0,1,0,0,0,0,0,0,1,0,0,0
310,154500,274,12,31,227,8,-7,0,1,0,0,0,0,0,0,1,0,0,0
311,155000,248,17,31,204,12,-7,0,1,0,0,0,0,0,0,1,0,0,0
312,155500,218,19,31,176,9,-7,0,1,0,0,0,0,0,0,1,0,0,0
313,156000,182,20,31,143,9,-6,0,1,0,0,0,0,0,0,1,0,0,0
314,156500,142,18,31,107,7,-7,0,1,0,0,0,0,0,0,1,0,0,0
315,157000,97,20,31,70,8,-7,0,1,0,0,0,0,0,0,1,0,0,0
316,157500,52,19,31,30,8,-7,0,1,0,0,0,0,0,0,1,0,0,0
317,158000,8,18,31,-11,9,-7,0,1,0,0,0,0,0,0,1,0,0,0
318,158500,-37,19,32,-49,7,-7,0,1,0,0,0,0,0,0,1,0,0,0
319,159000,-83,19,31,-89,6,-7,0,1,0,0,0,0,0,0,1,0,0,0
320,159500,-125,19,32,-123,6,-6,0,1,0,0,0,0,0,0,1,0,0,0
321,160000,-162,19,33,-156,8,-6,0,1,0,0,0,0,0,0,1,0,0,0
322,160500,-213,19,31,-196,9,-6,0,1,0,0,0,0,0,0,1,0,0,0
323,161000,-240,21,26,-220,8,-7,0,1,0,0,0,0,0,0,1,0,0,0
324,161500,-265,21,30,-238,8,-7,0,1,0,0,0,0,0,0,1,0,0,0
325,162000,-276,19,31,-251,8,-8,0,1,0,0,0,0,0,0,1,0,0,0
326,162500,-287,13,31,-257,9,-7,0,1,0,0,0,0,0,0,1,0,0,0
327,163000,-283,21,31,-256,12,-8,0,1,0,0,0,0,0,0,1,0,0,0
328,163500,-274,19,30,-248,8,-8,0,1,0,0,0,0,0,0,1,0,0,0
329,164000,-252,21,31,-239,8,-8,0,1,0,0,0,0,0,0,1,0,0,0
330,164500,-240,19,31,-217,7,-7,0,1,0,0,0,0,0,0,1,0,0,0
331,165000,-213,23,31,-196,8,-7,0,1,0,0,0,0,0,0,1,0,0,0
332,165500,-164,22,31,-156,8,-8,0,1,0,0,0,0,0,0,1,0,0,0
333,166000,-128,19,32,-121,8,-7,0,1,0,0,0,0,0,0,1,0,0,0
334,166500,-85,19,31,-86,6,-7,0,1,0,0,0,0,0,0,1,0,0,0
335,167000,-41,18,31,-48,8,-7,0,1,0,0,0,0,0,0,1,0,0,0
336,167500,3,20,31,-6,8,-7,0,1,0,0,0,0,0,0,1,0,0,0
337,168000,50,19,31,33,7,-8,0,1,0,0,0,0,0,0,1,0,0,0
338,168500,95,20,33,73,9,-7,0,1,0,0,0,0,0,0,1,0,0,0
339,169000,139,20,33,110,9,-6,0,1,0,0,0,0,0,0,1,0,0,0
340,169500,177,18,31,146,7,-12,0,1,0,0,0,0,0,0,1,0,0,0
341,170000,215,19,33,178,9,-8,0,1,0,0,0,0,0,0,1,0,0,0
342,170500,248,16,31,205,7,-7,0,1,0,0,0,0,0,0,1,0,0,0
343,171000,274,17,31,229,14,-7,0,1,0,0,0,0,0,0,1,0,0,0
344,171500,294,18,35,247,9,-7,0,1,0,0,0,0,0,0,1,0,0,0
345,172000,308,18,33,257,9,-7,0,1,0,0,0,0,0,0,1,0,0,0
346,172500,293,16,31,259,8,-8,0,1,0,0,0,0,0,0,1,0,0,0
347,173000,289,20,32,263,8,-7,0,1,0,0,0,0,0,0,1,0,0,0
348,173500,306,16,31,256,6,-7,0,1,0,0,0,0,0,0,1,0,0,0
349,174000,292,16,29,244,6,-8,0,1,0,0,0,0,0,0,1,0,0,0
350,174500,273,16,30,226,6,-8,0,1,0,0,0,0,0,0,1,0,0,0
351,175000,248,16,31,202,6,-8,0,1,0,0,0,0,0,0,1,0,0,0
352,175500,216,17,31,175,8,-7,0,1,0,0,0,0,0,0,1,0,0,0
353,176000,182,18,31,143,6,-8,0,1,0,0,0,0,0,0,1,0,0,0
354,176500,140,18,31,107,8,-8,0,1,0,0,0,0,0,0,1,0,0,0
355,177000,98,18,31,69,8,-8,0,1,0,0,0,0,0,0,1,0,0,0
356,177500,52,18,31,29,6,-5,0,1,0,0,0,0,0,0,1,0,0,0
357,178000,6,19,33,-11,6,-6,0,1,0,0,0,0,0,0,1,0,0,0
358,178500,-41,19,31,-51,6,-7,0,1,0,0,0,0,0,0,1,0,0,0
359,179000,-84,19,33,-89,6,-7,0,1,0,0,0,0,0,0,1,0,0,0
360,179500,-125,19,31,-124,6,-7,0,1,0,0,0,0,0,0,1,0,0,0
361,180000,-166,21,31,-156,8,-8,0,1,0,0,0,0,0,0,1,0,0,0
362,180500,-195,19,31,-206,6,-8,0,1,0,0,0,0,0,0,1,0,0,0
363,181000,-239,20,31,-221,8,-8,0,1,0,0,0,0,0,0,1,0,0,0
364,181500,-265,19,32,-238,5,-7,0,1,0,0,0,0,0,0,1,0,0,0
365,182000,-276,19,30,-255,6,-7,0,1,0,0,0,0,0,0,1,0,0,0
366,182500,-283,19,31,-256,9,-8,0,1,0,0,0,0,0,0,1,0,0,0
367,183000,-283,19,31,-256,7,-8,0,1,0,0,0,0,0,0,1,0,0,0
368,183500,-274,19,32,-248,7,-6,0,1,0,0,0,0,0,0,1,0,0,0
369,184000,-258,21,31,-234,8,-7,0,1,0,0,0,0,0,0,1,0,0,0
370,184500,-239,19,31,-217,9,-7,0,1,0,0,0,0,0,0,1,0,0,0
371,185000,-213,19,32,-196,8,-7,0,1,0,0,0,0,0,0,1,0,0,0
372,185500,-162,22,31,-155,8,-8,0,1,0,0,0,0,0,0,1,0,0,0
373,186000,-125,21,31,-121,8,-8,0,1,0,0,0,0,0,0,1,0,0,0
374,186500,-83,21,31,-84,7,-7,0,1,0,0,0,0,0,0,1,0,0,0
375,187000,-41,19,33,-45,5,-6,0,1,0,0,0,0,0,0,1,0,0,0
376,187500,6,18,32,-6,8,-6,0,1,0,0,0,0,0,0,1,0,0,0
377,188000,52,18,31,34,7,-11,0,1,0,0,0,0,0,0,1,0,0,0
378,188500,97,20,33,73,8,-8,0,1,0,0,0,0,0,0,1,0,0,0
379,189000,140,20,33,112,9,-6,0,1,0,0,0,0,0,0,1,0,0,0
380,189500,180,19,31,147,12,-6,0,1,0,0,0,0,0,0,1,0,0,0
381,190000,215,19,34,179,9,-7,0,1,0,0,0,0,0,0,1,0,0,0
382,190500,247,17,32,207,8,-7,0,1,0,0,0,0,0,0,1,0,0,0
383,191000,274,16,31,229,8,-7,0,1,0,0,0,0,0,0,1,0,0,0
384,191500,296,17,31,248,8,-7,0,1,0,0,0,0,0,0,1,0,0,0
385,192000,289,16,30,261,7,-7,0,1,0,0,0,0,0,0,1,0,0,0
386,192500,293,16,31,266,8,-7,0,1,0,0,0,0,0,0,1,0,0,0
387,193000,289,16,31,264,8,-7,0,1,0,0,0,0,0,0,1,0,0,0
388,193500,286,16,31,258,6,-7,0,1,0,0,0,0,0,0,1,0,0,0
389,194000,292,16,31,243,6,-8,0,1,0,0,0,0,0,0,1,0,0,0
390,194500,273,16,31,226,8,-8,0,1,0,0,0,0,0,0,1,0,0,0
391,195000,248,18,33,202,9,-7,0,1,0,0,0,0,0,0,1,0,0,0
392,195500,216,19,32,175,8,-7,0,1,0,0,0,0,0,0,1,0,0,0
393,196000,179,19,31,143,8,-7,0,1,0,0,0,0,0,0,1,0,0,0
394,196500,141,18,31,106,6,-8,0,1,0,0,0,0,0,0,1,0,0,0
395,197000,95,19,31,68,8,-7,0,1,0,0,0,0,0,0,1,0,0,0
396,197500,50,19,31,29,8,-7,0,1,0,0,0,0,0,0,1,0,0,0
397,198000,6,21,31,-12,8,-7,0,1,0,0,0,0,0,0,1,0,0,0
398,198500,-41,21,31,-52,8,-7,0,1,0,0,0,0,0,0,1,0,0,0
399,199000,-83,21,31,-90,9,-7,0,1,0,0,0,0,0,0,1,0,0,0
400,199500,-125,19,31,-124,8,-8,0,1,0,0,0,0,0,0,1,0,0,0
401,200000,-161,19,31,-157,9,-7,0,1,0,0,0,0,0,0,1,0,0,0
402,200500,-213,19,31,-196,7,-8,0,1,0,0,0,0,0,0,1,0,0,0
403,201000,-240,19,31,-220,7,-7,0,1,0,0,0,0,0,0,1,0,0,0
404,201500,-265,19,33,-239,8,-7,0,1,0,0,0,0,0,0,1,0,0,0
405,202000,-276,21,31,-250,8,-7,0,1,0,0,0,0,0,0,1,0,0,0
406,202500,-283,21,31,-256,8,-7,0,1,0,0,0,0,0,0,1,0,0,0
407,203000,-283,19,31,-256,9,-7,0,1,0,0,0,0,0,0,1,0,0,0
408,203500,-274,19,33,-248,8,-7,0,1,0,0,0,0,0,0,1,0,0,0
409,204000,-257,19,32,-234,9,-7,0,1,0,0,0,0,0,0,1,0,0,0
410,204500,-239,19,31,-217,9,-7,0,1,0,0,0,0,0,0,1,0,0,0
411,205000,-213,19,31,-196,7,-8,0,1,0,0,0,0,0,0,1,0,0,0
412,205500,-162,19,33,-152,6,-7,0,1,0,0,0,0,0,0,1,0,0,0
413,206000,-125,21,31,-118,8,-7,0,1,0,0,0,0,0,0,1,0,0,0
414,206500,-81,21,31,-83,9,-7,0,1,0,0,0,0,0,0,1,0,0,0
415,207000,-39,19,33,-45,8,-6,0,1,0,0,0,0,0,0,1,0,0,0
416,207500,6,19,31,-5,6,-7,0,1,0,0,0,0,0,0,1,0,0,0
417,208000,52,18,31,36,7,-8,0,1,0,0,0,0,0,0,1,0,0,0
418,208500,97,19,31,76,8,-7,0,1,0,0,0,0,0,0,1,0,0,0
419,209000,141,19,31,114,9,-7,0,1,0,0,0,0,0,0,1,0,0,0
420,209500,181,19,31,149,8,-7,0,1,0,0,0,0,0,0,1,0,0,0
421,210000,217,18,31,181,9,-6,0,1,0,0,0,0,0,0,1,0,0,0
422,210500,250,16,31,207,8,-8,0,1,0,0,0,0,0,0,1,0,0,0
423,211000,276,17,31,231,8,-7,0,1,0,0,0,0,0,0,1,0,0,0
424,211500,297,18,32,248,9,-7,0,1,0,0,0,0,0,0,1,0,0,0
425,212000,310,16,31,259,8,-7,0,1,0,0,0,0,0,0,1,0,0,0
426,212500,294,16,31,265,6,-8,0,1,0,0,0,0,0,0,1,0,0,0
427,213000,289,16,31,264,8,-7,0,1,0,0,0,0,0,0,1,0,0,0
428,213500,286,16,31,258,8,-7,0,1,0,0,0,0,0,0,1,0,0,0
429,214000,292,17,31,245,8,-7,0,1,0,0,0,0,0,0,1,0,0,0
430,214500,273,17,31,227,8,-7,0,1,0,0,0,0,0,0,1,0,0,0
431,215000,248,19,33,202,9,-6,0,1,0,0,0,0,0,0,1,0,0,0
432,215500,215,17,31,174,7,-8,0,1,0,0,0,0,0,0,1,0,0,0
433,216000,178,18,31,141,6,-7,0,1,0,0,0,0,0,0,1,0,0,0
434,216500,139,19,31,106,8,-7,0,1,0,0,0,0,0,0,1,0,0,0
435,217000,94,19,31,67,8,-7,0,1,0,0,0,0,0,0,1,0,0,0
436,217500,50,19,31,27,8,-7,0,1,0,0,0,0,0,0,1,0,0,0
437,218000,4,21,31,-14,8,-7,0,1,0,0,0,0,0,0,1,0,0,0
438,218500,-42,19,33,-53,7,-7,0,1,0,0,0,0,0,0,1,0,0,0
439,219000,-84,19,31,-92,8,-7,0,1,0,0,0,0,0,0,1,0,0,0
440,219500,-126,19,32,-126,8,-6,0,1,0,0,0,0,0,0,1,0,0,0
441,220000,-163,20,31,-157,6,-7,0,1,0,0,0,0,0,0,1,0,0,0
442,220500,-213,21,31,-198,8,-8,0,1,0,0,0,0,0,0,1,0,0,0
443,221000,-241,19,31,-221,7,-8,0,1,0,0,0,0,0,0,1,0,0,0
444,221500,-265,19,31,-240,9,-7,0,1,0,0,0,0,0,0,1,0,0,0
445,222000,-276,19,30,-250,7,-7,0,1,0,0,0,0,0,0,1,0,0,0
446,222500,-283,19,32,-256,7,-7,0,1,0,0,0,0,0,0,1,0,0,0
447,223000,-283,19,31,-256,9,-7,0,1,0,0,0,0,0,0,1,0,0,0
448,223500,-274,19,33,-248,7,-6,0,1,0,0,0,0,0,0,1,0,0,0
449,224000,-257,19,33,-233,6,-6,0,1,0,0,0,0,0,0,1,0,0,0
450,224500,-239,19,31,-215,7,-8,0,1,0,0,0,0,0,0,1,0,0,0
451,225000,-213,21,31,-192,9,-8,0,1,0,0,0,0,0,0,1,0,0,0
452,225500,-159,21,30,-151,7,-8,0,1,0,0,0,0,0,0,1,0,0,0
453,226000,-122,22,31,-120,8,-7,0,1,0,0,0,0,0,0,1,0,0,0
454,226500,-81,19,31,-83,8,-7,0,1,0,0,0,0,0,0,1,0,0,0
455,227000,-37,19,33,-43,8,-6,0,1,0,0,0,0,0,0,1,0,0,0
456,227500,9,21,32,-3,8,-7,0,1,0,0,0,0,0,0,1,0,0,0
457,228000,55,21,33,37,9,-7,0,1,0,0,0,0,0,0,1,0,0,0
458,228500,100,18,31,76,7,-7,0,1,0,0,0,0,0,0,1,0,0,0
459,229000,143,18,31,114,6,-8,0,1,0,0,0,0,0,0,1,0,0,0
460,229500,183,19,33,149,9,-7,0,1,0,0,0,0,0,0,1,0,0,0
461,230000,220,17,31,181,7,-8,0,1,0,0,0,0,0,0,1,0,0,0
462,230500,251,19,33,208,8,-6,0,1,0,0,0,0,0,0,1,0,0,0
463,231000,277,16,31,231,7,-8,0,1,0,0,0,0,0,0,1,0,0,0
464,231500,297,16,31,248,7,-8,0,1,0,0,0,0,0,0,1,0,0,0
465,232000,289,15,31,261,6,-8,0,1,0,0,0,0,0,0,1,0,0,0
466,232500,295,16,31,266,8,-7,0,1,0,0,0,0,0,0,1,0,0,0
467,233000,293,16,31,264,7,-7,0,1,0,0,0,0,0,0,1,0,0,0
468,233500,286,16,31,258,8,-7,0,1,0,0,0,0,0,0,1,0,0,0
469,234000,292,18,33,243,9,-7,0,1,0,0,0,0,0,0,1,0,0,0
470,234500,272,18,32,225,9,-7,0,1,0,0,0,0,0,0,1,0,0,0
471,235000,247,18,31,203,9,-7,0,1,0,0,0,0,0,0,1,0,0,0
472,235500,214,17,31,174,8,-7,0,1,0,0,0,0,0,0,1,0,0,0
473,236000,177,18,31,140,6,-8,0,1,0,0,0,0,0,0,1,0,0,0
474,236500,139,18,31,104,8,-8,0,1,0,0,0,0,0,0,1,0,0,0
475,237000,93,19,31,66,6,-7,0,1,0,0,0,0,0,0,1,0,0,0
476,237500,49,20,31,26,9,-7,0,1,0,0,0,0,0,0,1,0,0,0
477,238000,2,19,30,-14,7,-8,0,1,0,0,0,0,0,0,1,0,0,0
478,238500,-44,19,32,-54,6,-7,0,1,0,0,0,0,0,0,1,0,0,0
479,239000,-85,20,31,-92,7,-7,0,1,0,0,0,0,0,0,1,0,0,0
480,239500,-126,20,30,-126,8,-8,0,1,0,0,0,0,0,0,1,0,0,0
481,240000,-164,19,32,-161,6,-6,0,1,0,0,0,0,0,0,1,0,0,0
482,240500,-214,19,31,-202,8,-8,0,1,0,0,0,0,0,0,1,0,0,0
483,241000,-242,20,31,-222,8,-8,0,1,0,0,0,0,0,0,1,0,0,0
484,241500,-265,19,33,-239,6,-7,0,1,0,0,0,0,0,0,1,0,0,0
485,242000,-275,21,31,-255,8,-7,0,1,0,0,0,0,0,0,1,0,0,0
486,242500,-283,19,31,-256,9,-7,0,1,0,0,0,0,0,0,1,0,0,0
487,243000,-283,21,31,-256,8,-7,0,1,0,0,0,0,0,0,1,0,0,0
488,243500,-269,21,31,-248,7,-7,0,1,0,0,0,0,0,0,1,0,0,0
489,244000,-257,19,31,-233,8,-7,0,1,0,0,0,0,0,0,1,0,0,0
490,244500,-239,19,31,-215,9,-7,0,1,0,0,0,0,0,0,1,0,0,0
491,245000,-213,19,31,-190,9,-7,0,1,0,0,0,0,0,0,1,0,0,0
492,245500,-158,19,31,-151,9,-7,0,1,0,0,0,0,0,0,1,0,0,0
493,246000,-122,20,31,-117,8,-7,0,1,0,0,0,0,0,0,1,0,0,0
494,246500,-81,19,33,-80,6,-6,0,1,0,0,0,0,0,0,1,0,0,0
495,247000,-36,19,33,-42,6,-6,0,1,0,0,0,0,0,0,1,0,0,0
496,247500,11,21,31,-2,8,-7,0,1,0,0,0,0,0,0,1,0,0,0
497,248000,55,19,31,39,8,-7,0,1,0,0,0,0,0,0,1,0,0,0
498,248500,101,18,31,78,6,-8,0,1,0,0,0,0,0,0,1,0,0,0
499,249000,143,19,31,116,7,-7,0,1,0,0,0,0,0,0,1,0,0,0
500,249500,184,18,31,150,8,-7,0,1,0,0,0,0,0,0,1,0,0,0
501,250000,219,17,31,182,6,-8,0,1,0,0,0,0,0,0,1,0,0,0
502,250500,252,16,31,209,6,-8,0,1,0,0,0,0,0,0,1,0,0,0
503,251000,277,16,31,232,6,-8,0,1,0,0,0,0,0,0,1,0,0,0
504,251500,297,16,31,250,8,-7,0,1,0,0,0,0,0,0,1,0,0,0
505,252000,311,15,31,260,6,-8,0,1,0,0,0,0,0,0,1,0,0,0
506,252500,295,17,33,265,8,-7,0,1,0,0,0,0,0,0,1,0,0,0
507,253000,293,16,31,263,7,-8,0,1,0,0,0,0,0,0,1,0,0,0
508,253500,285,16,30,257,7,-8,0,1,0,0,0,0,0,0,1,0,0,0
509,254000,292,18,33,242,9,-7,0,1,0,0,0,0,0,0,1,0,0,0
510,254500,273,16,31,224,7,-7,0,1,0,0,0,0,0,0,1,0,0,0
511,255000,246,18,31,202,8,-7,0,1,0,0,0,0,0,0,1,0,0,0
512,255500,212,18,31,172,6,-7,0,1,0,0,0,0,0,0,1,0,0,0
513,256000,176,18,31,139,6,-8,0,1,0,0,0,0,0,0,1,0,0,0
514,256500,137,17,31,103,6,-8,0,1,0,0,0,0,0,0,1,0,0,0
515,257000,93,18,31,64,6,-7,0,1,0,0,0,0,0,0,1,0,0,0
516,257500,49,18,31,24,6,-8,0,1,0,0,0,0,0,0,1,0,0,0
517,258000,0,19,31,-15,8,-8,0,1,0,0,0,0,0,0,1,0,0,0
518,258500,-44,21,31,-56,8,-8,0,1,0,0,0,0,0,0,1,0,0,0
519,259000,-87,21,31,-92,8,-7,0,1,0,0,0,0,0,0,1,0,0,0
520,259500,-126,19,31,-129,9,-7,0,1,0,0,0,0,0,0,1,0,0,0
521,260000,-166,20,31,-161,7,-7,0,1,0,0,0,0,0,0,1,0,0,0
522,260500,-214,19,32,-202,6,-7,0,1,0,0,0,0,0,0,1,0,0,0
523,261000,-242,21,31,-223,8,-7,0,1,0,0,0,0,0,0,1,0,0,0
524,261500,-265,19,31,-239,9,-7,0,1,0,0,0,0,0,0,1,0,0,0
525,262000,-276,20,31,-251,7,-8,0,1,0,0,0,0,0,0,1,0,0,0
526,262500,-283,19,32,-256,6,-6,0,1,0,0,0,0,0,0,1,0,0,0
527,263000,-283,21,31,-256,8,-7,0,1,0,0,0,0,0,0,1,0,0,0
528,263500,-274,19,32,-248,6,-7,0,1,0,0,0,0,0,0,1,0,0,0
529,264000,-257,21,31,-232,8,-7,0,1,0,0,0,0,0,0,1,0,0,0
530,264500,-239,19,32,-214,7,-7,0,1,0,0,0,0,0,0,1,0,0,0
531,265000,-213,21,31,-190,8,-7,0,1,0,0,0,0,0,0,1,0,0,0
532,265500,-156,19,31,-151,9,-7,0,1,0,0,0,0,0,0,1,0,0,0
533,266000,-120,19,31,-117,7,-8,0,1,0,0,0,0,0,0,1,0,0,0
534,266500,-80,21,31,-80,6,-8,0,1,0,0,0,0,0,0,1,0,0,0
535,267000,-34,21,31,-41,8,-8,0,1,0,0,0,0,0,0,1,0,0,0
536,267500,11,19,31,0,8,-8,0,1,0,0,0,0,0,0,1,0,0,0
537,268000,56,19,31,41,8,-7,0,1,0,0,0,0,0,0,1,0,0,0
538,268500,102,19,31,81,9,-7,0,1,0,0,0,0,0,0,1,0,0,0
539,269000,146,18,31,116,7,-7,0,1,0,0,0,0,0,0,1,0,0,0
540,269500,184,18,31,152,8,-8,0,1,0,0,0,0,0,0,1,0,0,0
541,270000,220,19,31,184,8,-7,0,1,0,0,0,0,0,0,1,0,0,0
542,270500,254,16,31,210,7,-7,0,1,0,0,0,0,0,0,1,0,0,0
543,271000,278,16,31,232,6,-8,0,1,0,0,0,0,0,0,1,0,0,0
544,271500,298,16,31,250,6,-7,0,1,0,0,0,0,0,0,1,0,0,0
545,272000,289,16,31,263,8,-7,0,1,0,0,0,0,0,0,1,0,0,0
546,272500,297,15,31,266,6,-8,0,1,0,0,0,0,0,0,1,0,0,0
547,273000,293,16,31,264,8,-8,0,1,0,0,0,0,0,0,1,0,0,0
548,273500,285,16,31,258,8,-7,0,1,0,0,0,0,0,0,1,0,0,0
549,274000,292,18,33,243,9,-6,0,1,0,0,0,0,0,0,1,0,0,0
550,274500,272,16,31,224,8,-7,0,1,0,0,0,0,0,0,1,0,0,0
551,275000,245,18,33,200,9,-7,0,1,0,0,0,0,0,0,1,0,0,0
552,275500,212,18,31,172,8,-7,0,1,0,0,0,0,0,0,1,0,0,0
553,276000,176,18,31,138,6,-8,0,1,0,0,0,0,0,0,1,0,0,0
554,276500,134,18,30,102,6,-8,0,1,0,0,0,0,0,0,1,0,0,0
555,277000,92,18,31,64,6,-7,0,1,0,0,0,0,0,0,1,0,0,0
556,277500,47,20,31,24,9,-7,0,1,0,0,0,0,0,0,1,0,0,0
557,278000,0,21,31,-17,8,-7,0,1,0,0,0,0,0,0,1,0,0,0
558,278500,-45,19,33,-56,7,-6,0,1,0,0,0,0,0,0,1,0,0,0
559,279000,-88,19,33,-93,7,-6,0,1,0,0,0,0,0,0,1,0,0,0
560,279500,-128,21,31,-129,8,-7,0,1,0,0,0,0,0,0,1,0,0,0
561,280000,-166,19,32,-161,6,-7,0,1,0,0,0,0,0,0,1,0,0,0
562,280500,-216,20,31,-202,8,-7,0,1,0,0,0,0,0,0,1,0,0,0
563,281000,-242,21,31,-223,8,-7,0,1,0,0,0,0,0,0,1,0,0,0
564,281500,-265,19,31,-239,7,-8,0,1,0,0,0,0,0,0,1,0,0,0
565,282000,-276,21,31,-251,8,-8,0,1,0,0,0,0,0,0,1,0,0,0
566,282500,-283,19,32,-256,6,-7,0,1,0,0,0,0,0,0,1,0,0,0
567,283000,-283,21,32,-256,8,-7,0,1,0,0,0,0,0,0,1,0,0,0
568,283500,-274,19,31,-248,9,-7,0,1,0,0,0,0,0,0,1,0,0,0
569,284000,-257,19,31,-232,7,-8,0,1,0,0,0,0,0,0,1,0,0,0
570,284500,-239,19,31,-214,8,-7,0,1,0,0,0,0,0,0,1,0,0,0
571,285000,-207,19,31,-189,9,-7,0,1,0,0,0,0,0,0,1,0,0,0
572,285500,-156,20,31,-148,8,-7,0,1,0,0,0,0,0,0,1,0,0,0
573,286000,-119,21,31,-115,8,-7,0,1,0,0,0,0,0,0,1,0,0,0
574,286500,-78,19,32,-78,6,-7,0,1,0,0,0,0,0,0,1,0,0,0
575,287000,-33,19,31,-39,8,-7,0,1,0,0,0,0,0,0,1,0,0,0
576,287500,14,21,31,1,9,-7,0,1,0,0,0,0,0,0,1,0,0,0
577,288000,59,19,31,42,8,-7,0,1,0,0,0,0,0,0,1,0,0,0
578,288500,105,18,30,81,8,-8,0,1,0,0,0,0,0,0,1,0,0,0
579,289000,146,19,33,118,9,-7,0,1,0,0,0,0,0,0,1,0,0,0
580,289500,186,18,31,153,7,-7,0,1,0,0,0,0,0,0,1,0,0,0
581,290000,223,19,33,184,9,-7,0,1,0,0,0,0,0,0,1,0,0,0
582,290500,255,16,31,210,7,-7,0,1,0,0,0,0,0,0,1,0,0,0
583,291000,279,18,31,234,8,-7,0,1,0,0,0,0,0,0,1,0,0,0
584,291500,299,18,33,250,9,-6,0,1,0,0,0,0,0,0,1,0,0,0
585,292000,292,16,32,263,8,-7,0,1,0,0,0,0,0,0,1,0,0,0
586,292500,297,16,31,266,8,-7,0,1,0,0,0,0,0,0,1,0,0,0
587,293000,293,16,31,264,7,-8,0,1,0,0,0,0,0,0,1,0,0,0
588,293500,285,15,31,257,8,-8,0,1,0,0,0,0,0,0,1,0,0,0
589,294000,290,16,31,242,7,-7,0,1,0,0,0,0,0,0,1,0,0,0
590,294500,271,16,31,224,6,-7,0,1,0,0,0,0,0,0,1,0,0,0
591,295000,244,17,31,200,7,-7,0,1,0,0,0,0,0,0,1,0,0,0
592,295500,212,18,31,171,6,-8,0,1,0,0,0,0,0,0,1,0,0,0
593,296000,175,19,31,138,8,-7,0,1,0,0,0,0,0,0,1,0,0,0
594,296500,133,18,31,101,7,-7,0,1,0,0,0,0,0,0,1,0,0,0
595,297000,89,19,31,63,6,-7,0,1,0,0,0,0,0,0,1,0,0,0
596,297500,45,21,32,23,9,-6,0,1,0,0,0,0,0,0,1,0,0,0
597,298000,-1,21,31,-18,8,-7,0,1,0,0,0,0,0,0,1,0,0,0
598,298500,-47,20,30,-57,8,-7,0,1,0,0,0,0,0,0,1,0,0,0
599,299000,-91,19,32,-95,6,-7,0,1,0,0,0,0,0,0,1,0,0,0
600,299500,-131,19,31,-129,7,-7,0,1,0,0,0,0,0,0,1,0,0,0
601,300000,-167,22,31,-162,8,-8,0,1,0,0,0,0,0,0,1,0,0,0
602,300500,-222,19,31,-202,7,-8,0,1,0,0,0,0,0,0,1,0,0,0
603,301000,-242,21,31,-223,8,-7,0,1,0,0,0,0,0,0,1,0,0,0
604,301500,-265,22,31,-241,9,-7,0,1,0,0,0,0,0,0,1,0,0,0
605,302000,-276,19,31,-255,9,-7,0,1,0,0,0,0,0,0,1,0,0,0
606,302500,-283,19,32,-256,7,-7,0,1,0,0,0,0,0,0,1,0,0,0
607,303000,-283,19,31,-256,6,-7,0,1,0,0,0,0,0,0,1,0,0,0
608,303500,-268,20,31,-248,6,-7,0,1,0,0,0,0,0,0,1,0,0,0
609,304000,-257,19,31,-231,7,-7,0,1,0,0,0,0,0,0,1,0,0,0
610,304500,-235,19,33,-214,8,-6,0,1,0,0,0,0,0,0,1,0,0,0
611,305000,-206,19,34,-188,6,-6,0,1,0,0,0,0,0,0,1,0,0,0
612,305500,-155,21,32,-148,8,-7,0,1,0,0,0,0,0,0,1,0,0,0
613,306000,-117,19,31,-114,9,-7,0,1,0,0,0,0,0,0,1,0,0,0
614,306500,-76,19,31,-76,9,-8,0,1,0,0,0,0,0,0,1,0,0,0
615,307000,-30,19,33,-39,7,-7,0,1,0,0,0,0,0,0,1,0,0,0
616,307500,15,20,32,1,8,-7,0,1,0,0,0,0,0,0,1,0,0,0
617,308000,59,19,31,42,8,-7,0,1,0,0,0,0,0,0,1,0,0,0
618,308500,106,18,30,82,8,-8,0,1,0,0,0,0,0,0,1,0,0,0
619,309000,147,18,31,119,8,-8,0,1,0,0,0,0,0,0,1,0,0,0
620,309500,186,18,31,154,8,-7,0,1,0,0,0,0,0,0,1,0,0,0
621,310000,223,19,31,185,8,-7,0,1,0,0,0,0,0,0,1,0,0,0
622,310500,254,18,31,212,8,-7,0,1,0,0,0,0,0,0,1,0,0,0
623,311000,279,16,31,234,8,-7,0,1,0,0,0,0,0,0,1,0,0,0
624,311500,298,16,31,250,8,-7,0,1,0,0,0,0,0,0,1,0,0,0
625,312000,293,15,31,262,6,-7,0,1,0,0,0,0,0,0,1,0,0,0
626,312500,296,17,33,266,8,-7,0,1,0,0,0,0,0,0,1,0,0,0
627,313000,293,15,31,263,7,-8,0,1,0,0,0,0,0,0,1,0,0,0
628,313500,285,16,31,256,8,-8,0,1,0,0,0,0,0,0,1,0,0,0
629,314000,290,16,31,242,8,-7,0,1,0,0,0,0,0,0,1,0,0,0
630,314500,270,16,31,224,8,-7,0,1,0,0,0,0,0,0,1,0,0,0
631,315000,243,17,31,199,8,-7,0,1,0,0,0,0,0,0,1,0,0,0
632,315500,211,16,31,169,8,-8,0,1,0,0,0,0,0,0,1,0,0,0
633,316000,173,18,31,137,8,-7,0,1,0,0,0,0,0,0,1,0,0,0
634,316500,131,19,31,101,8,-7,0,1,0,0,0,0,0,0,1,0,0,0
635,317000,89,19,31,61,8,-7,0,1,0,0,0,0,0,0,1,0,0,0
636,317500,42,18,31,20,6,-8,0,1,0,0,0,0,0,0,1,0,0,0
637,318000,-3,20,31,-18,8,-8,0,1,0,0,0,0,0,0,1,0,0,0
638,318500,-48,19,33,-58,6,-6,0,1,0,0,0,0,0,0,1,0,0,0
639,319000,-91,19,32,-96,6,-6,0,1,0,0,0,0,0,0,1,0,0,0
640,319500,-131,20,31,-130,8,-7,0,1,0,0,0,0,0,0,1,0,0,0
641,320000,-167,19,31,-164,9,-7,0,1,0,0,0,0,0,0,1,0,0,0
642,320500,-222,21,31,-202,8,-7,0,1,0,0,0,0,0,0,1,0,0,0
643,321000,-248,19,32,-229,7,-7,0,1,0,0,0,0,0,0,1,0,0,0
644,321500,-265,20,31,-241,6,-7,0,1,0,0,0,0,0,0,1,0,0,0
645,322000,-283,21,31,-255,8,-7,0,1,0,0,0,0,0,0,1,0,0,0
646,322500,-283,19,31,-256,9,-7,0,1,0,0,0,0,0,0,1,0,0,0
647,323000,-283,19,33,-256,7,-6,0,1,0,0,0,0,0,0,1,0,0,0
648,323500,-270,21,32,-248,8,-7,0,1,0,0,0,0,0,0,1,0,0,0
649,324000,-257,19,31,-231,9,-7,0,1,0,0,0,0,0,0,1,0,0,0
650,324500,-235,21,31,-214,9,-8,0,1,0,0,0,0,0,0,1,0,0,0
651,325000,-205,21,31,-188,9,-7,0,1,0,0,0,0,0,0,1,0,0,0
652,325500,-153,22,31,-146,8,-7,0,1,0,0,0,0,0,0,1,0,0,0
653,326000,-116,19,31,-114,7,-8,0,1,0,0,0,0,0,0,1,0,0,0
654,326500,-75,20,30,-76,6,-8,0,1,0,0,0,0,0,0,1,0,0,0
655,327000,-28,19,31,-37,9,-7,0,1,0,0,0,0,0,0,1,0,0,0
656,327500,16,19,31,4,8,-7,0,1,0,0,0,0,0,0,1,0,0,0
657,328000,61,19,31,44,8,-7,0,1,0,0,0,0,0,0,1,0,0,0
658,328500,106,19,31,82,8,-7,0,1,0,0,0,0,0,0,1,0,0,0
659,329000,150,18,31,120,8,-8,0,1,0,0,0,0,0,0,1,0,0,0
660,329500,187,18,31,154,8,-8,0,1,0,0,0,0,0,0,1,0,0,0
661,330000,224,16,30,185,6,-8,0,1,0,0,0,0,0,0,1,0,0,0
662,330500,255,16,31,212,6,-8,0,1,0,0,0,0,0,0,1,0,0,0
663,331000,279,16,31,235,8,-7,0,1,0,0,0,0,0,0,1,0,0,0
664,331500,301,16,31,250,8,-8,0,1,0,0,0,0,0,0,1,0,0,0
665,332000,293,15,31,263,6,-8,0,1,0,0,0,0,0,0,1,0,0,0
666,332500,296,18,32,266,9,-7,0,1,0,0,0,0,0,0,1,0,0,0
667,333000,292,16,31,263,7,-7,0,1,0,0,0,0,0,0,1,0,0,0
668,333500,285,16,31,256,6,-8,0,1,0,0,0,0,0,0,1,0,0,0
669,334000,290,16,31,242,7,-7,0,1,0,0,0,0,0,0,1,0,0,0
670,334500,270,18,32,222,8,-7,0,1,0,0,0,0,0,0,1,0,0,0
671,335000,243,17,31,197,8,-8,0,1,0,0,0,0,0,0,1,0,0,0
672,335500,210,19,32,169,9,-7,0,1,0,0,0,0,0,0,1,0,0,0
673,336000,174,20,33,135,9,-6,0,1,0,0,0,0,0,0,1,0,0,0
674,336500,131,18,31,98,8,-7,0,1,0,0,0,0,0,0,1,0,0,0
675,337000,86,19,31,61,8,-7,0,1,0,0,0,0,0,0,1,0,0,0
676,337500,43,18,31,19,8,-8,0,1,0,0,0,0,0,0,1,0,0,0
677,338000,-6,19,31,-20,6,-8,0,1,0,0,0,0,0,0,1,0,0,0
678,338500,-50,19,31,-61,6,-8,0,1,0,0,0,0,0,0,1,0,0,0
679,339000,-91,21,31,-98,8,-7,0,1,0,0,0,0,0,0,1,0,0,0
680,339500,-131,19,31,-133,9,-7,0,1,0,0,0,0,0,0,1,0,0,0
681,340000,-169,21,31,-164,8,-7,0,1,0,0,0,0,0,0,1,0,0,0
682,340500,-222,21,31,-203,8,-7,0,1,0,0,0,0,0,0,1,0,0,0
683,341000,-248,21,31,-224,7,-8,0,1,0,0,0,0,0,0,1,0,0,0
684,341500,-265,20,31,-242,8,-8,0,1,0,0,0,0,0,0,1,0,0,0
685,342000,-277,21,31,-255,8,-8,0,1,0,0,0,0,0,0,1,0,0,0
686,342500,-283,19,31,-256,9,-7,0,1,0,0,0,0,0,0,1,0,0,0
687,343000,-277,20,30,-256,8,-7,0,1,0,0,0,0,0,0,1,0,0,0
688,343500,-274,20,30,-248,6,-8,0,1,0,0,0,0,0,0,1,0,0,0
689,344000,-257,19,33,-231,6,-6,0,1,0,0,0,0,0,0,1,0,0,0
690,344500,-235,19,32,-214,8,-7,0,1,0,0,0,0,0,0,1,0,0,0
691,345000,-205,19,31,-188,7,-8,0,1,0,0,0,0,0,0,1,0,0,0
692,345500,-153,19,31,-146,8,-7,0,1,0,0,0,0,0,0,1,0,0,0
693,346000,-114,21,31,-112,9,-7,0,1,0,0,0,0,0,0,1,0,0,0
694,346500,-73,19,31,-76,8,-7,0,1,0,0,0,0,0,0,1,0,0,0
695,347000,-28,21,31,-36,8,-7,0,1,0,0,0,0,0,0,1,0,0,0
696,347500,19,19,33,4,7,-7,0,1,0,0,0,0,0,0,1,0,0,0
697,348000,62,18,31,45,6,-8,0,1,0,0,0,0,0,0,1,0,0,0
698,348500,108,20,33,84,8,-7,0,1,0,0,0,0,0,0,1,0,0,0
699,349000,150,19,32,122,8,-6,0,1,0,0,0,0,0,0,1,0,0,0
700,349500,190,19,32,155,9,-6,0,1,0,0,0,0,0,0,1,0,0,0
701,350000,225,18,31,187,9,-7,0,1,0,0,0,0,0,0,1,0,0,0
702,350500,255,17,31,213,7,-7,0,1,0,0,0,0,0,0,1,0,0,0
703,351000,281,17,31,236,8,-7,0,1,0,0,0,0,0,0,1,0,0,0
704,351500,280,16,31,254,8,-7,0,1,0,0,0,0,0,0,1,0,0,0
705,352000,293,16,31,263,8,-7,0,1,0,0,0,0,0,0,1,0,0,0
706,352500,297,16,30,266,6,-8,0,1,0,0,0,0,0,0,1,0,0,0
707,353000,292,16,31,264,8,-7,0,1,0,0,0,0,0,0,1,0,0,0
708,353500,285,15,31,256,7,-7,0,1,0,0,0,0,0,0,1,0,0,0
709,354000,290,17,31,242,8,-7,0,1,0,0,0,0,0,0,1,0,0,0
710,354500,268,16,31,222,6,-8,0,1,0,0,0,0,0,0,1,0,0,0
711,355000,240,18,31,197,8,-8,0,1,0,0,0,0,0,0,1,0,0,0
712,355500,209,18,31,168,8,-7,0,1,0,0,0,0,0,0,1,0,0,0
713,356000,171,18,31,134,8,-8,0,1,0,0,0,0,0,0,1,0,0,0
714,356500,130,20,31,97,9,-7,0,1,0,0,0,0,0,0,1,0,0,0
715,357000,86,19,31,59,8,-7,0,1,0,0,0,0,0,0,1,0,0,0
716,357500,40,18,31,19,8,-8,0,1,0,0,0,0,0,0,1,0,0,0
717,358000,-5,20,31,-22,8,-7,0,1,0,0,0,0,0,0,1,0,0,0
718,358500,-50,21,31,-61,8,-7,0,1,0,0,0,0,0,0,1,0,0,0
719,359000,-94,19,30,-98,7,-8,0,1,0,0,0,0,0,0,1,0,0,0
720,359500,-134,21,31,-132,8,-7,0,1,0,0,0,0,0,0,1,0,0,0
721,360000,-169,21,31,-176,8,-8,0,1,0,0,0,0,0,0,1,0,0,0
722,360500,-222,20,31,-203,8,-8,0,1,0,0,0,0,0,0,1,0,0,0
723,361000,-248,19,31,-224,9,-7,0,1,0,0,0,0,0,0,1,0,0,0
724,361500,-265,21,31,-242,8,-7,0,1,0,0,0,0,0,0,1,0,0,0
725,362000,-278,19,32,-255,7,-6,0,1,0,0,0,0,0,0,1,0,0,0
726,362500,-283,21,31,-257,8,-8,0,1,0,0,0,0,0,0,1,0,0,0
727,363000,-277,19,31,-256,9,-7,0,1,0,0,0,0,0,0,1,0,0,0
728,363500,-270,21,31,-248,8,-7,0,1,0,0,0,0,0,0,1,0,0,0
729,364000,-257,19,33,-231,6,-6,0,1,0,0,0,0,0,0,1,0,0,0
730,364500,-232,19,33,-214,6,-6,0,1,0,0,0,0,0,0,1,0,0,0
731,365000,-187,20,31,-188,7,-8,0,1,0,0,0,0,0,0,1,0,0,0
732,365500,-151,19,31,-155,8,-8,0,1,0,0,0,0,0,0,1,0,0,0
733,366000,-112,19,31,-111,9,-7,0,1,0,0,0,0,0,0,1,0,0,0
734,366500,-72,19,31,-73,7,-8,0,1,0,0,0,0,0,0,1,0,0,0
735,367000,-26,21,31,-34,8,-8,0,1,0,0,0,0,0,0,1,0,0,0
736,367500,19,20,31,7,8,-7,0,1,0,0,0,0,0,0,1,0,0,0
737,368000,65,21,33,45,9,-6,0,1,0,0,0,0,0,0,1,0,0,0
738,368500,108,19,32,85,8,-7,0,1,0,0,0,0,0,0,1,0,0,0
739,369000,151,19,31,123,8,-8,0,1,0,0,0,0,0,0,1,0,0,0
740,369500,192,17,31,157,8,-8,0,1,0,0,0,0,0,0,1,0,0,0
741,370000,226,19,33,187,9,-7,0,1,0,0,0,0,0,0,1,0,0,0
742,370500,257,19,33,214,9,-6,0,1,0,0,0,0,0,0,1,0,0,0
743,371000,282,17,32,236,8,-7,0,1,0,0,0,0,0,0,1,0,0,0
744,371500,301,17,31,252,8,-7,0,1,0,0,0,0,0,0,1,0,0,0
745,372000,293,16,31,263,8,-7,0,1,0,0,0,0,0,0,1,0,0,0
746,372500,297,16,31,266,9,-7,0,1,0,0,0,0,0,0,1,0,0,0
747,373000,289,16,31,264,8,-7,0,1,0,0,0,0,0,0,1,0,0,0
748,373500,285,17,31,256,8,-7,0,1,0,0,0,0,0,0,1,0,0,0
749,374000,289,16,31,240,6,-7,0,1,0,0,0,0,0,0,1,0,0,0
750,374500,268,18,33,220,9,-7,0,1,0,0,0,0,0,0,1,0,0,0
751,375000,240,17,32,197,8,-7,0,1,0,0,0,0,0,0,1,0,0,0
752,375500,207,18,30,166,6,-8,0,1,0,0,0,0,0,0,1,0,0,0
753,376000,170,20,31,133,9,-7,0,1,0,0,0,0,0,0,1,0,0,0
754,376500,130,18,31,96,7,-7,0,1,0,0,0,0,0,0,1,0,0,0
755,377000,84,18,30,58,6,-8,0,1,0,0,0,0,0,0,1,0,0,0
756,377500,37,19,31,17,8,-7,0,1,0,0,0,0,0,0,1,0,0,0
757,378000,-7,19,31,-23,8,-8,0,1,0,0,0,0,0,0,1,0,0,0
758,378500,-53,19,31,-61,6,-8,0,1,0,0,0,0,0,0,1,0,0,0
759,379000,-95,19,31,-99,6,-8,0,1,0,0,0,0,0,0,1,0,0,0
760,379500,-134,19,33,-135,6,-7,0,1,0,0,0,0,0,0,1,0,0,0
761,380000,-170,21,31,-164,8,-7,0,1,0,0,0,0,0,0,1,0,0,0
762,380500,-222,19,31,-203,7,-8,0,1,0,0,0,0,0,0,1,0,0,0
763,381000,-248,21,31,-229,6,-7,0,1,0,0,0,0,0,0,1,0,0,0
764,381500,-265,19,33,-247,8,-7,0,1,0,0,0,0,0,0,1,0,0,0
765,382000,-277,19,32,-256,9,-7,0,1,0,0,0,0,0,0,1,0,0,0
766,382500,-283,19,32,-256,7,-7,0,1,0,0,0,0,0,0,1,0,0,0
767,383000,-276,21,31,-256,8,-7,0,1,0,0,0,0,0,0,1,0,0,0
768,383500,-270,21,31,-248,9,-7,0,1,0,0,0,0,0,0,1,0,0,0
769,384000,-257,19,31,-231,9,-7,0,1,0,0,0,0,0,0,1,0,0,0
770,384500,-231,19,31,-214,9,-7,0,1,0,0,0,0,0,0,1,0,0,0
771,385000,-184,19,31,-188,9,-7,0,1,0,0,0,0,0,0,1,0,0,0
772,385500,-151,20,31,-143,8,-8,0,1,0,0,0,0,0,0,1,0,0,0
773,386000,-113,19,32,-109,6,-7,0,1,0,0,0,0,0,0,1,0,0,0
774,386500,-72,20,33,-71,6,-8,0,1,0,0,0,0,0,0,1,0,0,0
775,387000,-25,18,32,-33,9,-7,0,1,0,0,0,0,0,0,1,0,0,0
776,387500,19,19,30,7,8,-7,0,1,0,0,0,0,0,0,1,0,0,0
777,388000,66,21,33,47,9,-7,0,1,0,0,0,0,0,0,1,0,0,0
778,388500,109,18,31,87,7,-7,0,1,0,0,0,0,0,0,1,0,0,0
779,389000,153,19,31,124,8,-7,0,1,0,0,0,0,0,0,1,0,0,0
780,389500,190,18,31,157,8,-8,0,1,0,0,0,0,0,0,1,0,0,0
781,390000,228,17,31,188,8,-8,0,1,0,0,0,0,0,0,1,0,0,0
782,390500,257,17,31,215,8,-8,0,1,0,0,0,0,0,0,1,0,0,0
783,391000,283,18,31,237,8,-7,0,1,0,0,0,0,0,0,1,0,0,0
784,391500,302,16,30,251,6,-8,0,1,0,0,0,0,0,0,1,0,0,0
785,392000,294,16,31,263,7,-8,0,1,0,0,0,0,0,0,1,0,0,0
786,392500,297,16,31,266,8,-7,0,1,0,0,0,0,0,0,1,0,0,0
787,393000,292,16,31,263,6,-8,0,1,0,0,0,0,0,0,1,0,0,0
788,393500,284,16,31,256,7,-7,0,1,0,0,0,0,0,0,1,0,0,0
789,394000,289,18,32,240,9,-7,0,1,0,0,0,0,0,0,1,0,0,0
790,394500,267,17,31,220,7,-7,0,1,0,0,0,0,0,0,1,0,0,0
791,395000,240,18,31,196,8,-7,0,1,0,0,0,0,0,0,1,0,0,0
792,395500,207,19,33,165,9,-7,0,1,0,0,0,0,0,0,1,0,0,0
793,396000,169,19,32,132,9,-7,0,1,0,0,0,0,0,0,1,0,0,0
794,396500,126,18,31,95,7,-8,0,1,0,0,0,0,0,0,1,0,0,0
795,397000,83,19,31,57,8,-7,0,1,0,0,0,0,0,0,1,0,0,0
796,397500,37,20,33,16,9,-6,0,1,0,0,0,0,0,0,1,0,0,0
797,398000,-6,19,32,-24,9,-7,0,1,0,0,0,0,0,0,1,0,0,0
798,398500,-52,21,31,-64,8,-7,0,1,0,0,0,0,0,0,1,0,0,0
799,399000,-95,21,31,-101,9,-7,0,1,0,0,0,0,0,0,1,0,0,0
800,399500,-135,21,31,-135,8,-7,0,1,0,0,0,0,0,0,1,0,0,0
801,400000,-172,21,31,-167,9,-8,0,1,0,0,0,0,0,0,1,0,0,0
802,400500,-222,19,31,-204,7,-8,0,1,0,0,0,0,0,0,1,0,0,0
803,401000,-248,19,33,-229,6,-6,0,1,0,0,0,0,0,0,1,0,0,0
804,401500,-265,19,32,-247,9,-7,0,1,0,0,0,0,0,0,1,0,0,0
805,402000,-277,21,31,-256,8,-7,0,1,0,0,0,0,0,0,1,0,0,0
806,402500,-283,21,31,-256,8,-8,0,1,0,0,0,0,0,0,1,0,0,0
807,403000,-276,21,31,-256,8,-8,0,1,0,0,0,0,0,0,1,0,0,0
808,403500,-270,19,33,-244,6,-7,0,1,0,0,0,0,0,0,1,0,0,0
809,404000,-257,19,31,-231,8,-7,0,1,0,0,0,0,0,0,1,0,0,0
810,404500,-231,21,31,-214,8,-7,0,1,0,0,0,0,0,0,1,0,0,0
811,405000,-205,21,31,-188,8,-7,0,1,0,0,0,0,0,0,1,0,0,0
812,405500,-150,19,31,-143,7,-8,0,1,0,0,0,0,0,0,1,0,0,0
813,406000,-112,19,30,-107,6,-8,0,1,0,0,0,0,0,0,1,0,0,0
814,406500,-69,19,30,-70,6,-7,0,1,0,0,0,0,0,0,1,0,0,0
815,407000,-23,21,31,-33,8,-8,0,1,0,0,0,0,0,0,1,0,0,0
816,407500,22,21,31,8,9,-7,0,1,0,0,0,0,0,0,1,0,0,0
817,408000,67,19,31,48,7,-8,0,1,0,0,0,0,0,0,1,0,0,0
818,408500,112,20,33,88,9,-6,0,1,0,0,0,0,0,0,1,0,0,0
819,409000,153,18,31,125,7,-7,0,1,0,0,0,0,0,0,1,0,0,0
820,409500,192,17,31,158,6,-8,0,1,0,0,0,0,0,0,1,0,0,0
821,410000,228,18,31,190,8,-7,0,1,0,0,0,0,0,0,1,0,0,0
822,410500,259,19,31,215,9,-7,0,1,0,0,0,0,0,0,1,0,0,0
823,411000,284,17,31,237,8,-7,0,1,0,0,0,0,0,0,1,0,0,0
824,411500,302,16,30,253,6,-7,0,1,0,0,0,0,0,0,1,0,0,0
825,412000,295,16,31,264,8,-7,0,1,0,0,0,0,0,0,1,0,0,0
826,412500,296,16,31,266,6,-7,0,1,0,0,0,0,0,0,1,0,0,0
827,413000,293,16,31,263,6,-8,0,1,0,0,0,0,0,0,1,0,0,0
828,413500,285,16,31,255,6,-8,0,1,0,0,0,0,0,0,1,0,0,0
829,414000,288,16,31,239,7,-8,0,1,0,0,0,0,0,0,1,0,0,0
830,414500,266,16,30,220,6,-8,0,1,0,0,0,0,0,0,1,0,0,0
831,415000,240,18,33,194,8,-7,0,1,0,0,0,0,0,0,1,0,0,0
832,415500,205,18,31,165,7,-7,0,1,0,0,0,0,0,0,1,0,0,0
833,416000,167,18,31,131,6,-7,0,1,0,0,0,0,0,0,1,0,0,0
834,416500,126,20,33,93,9,-7,0,1,0,0,0,0,0,0,1,0,0,0
835,417000,81,19,31,56,8,-7,0,1,0,0,0,0,0,0,1,0,0,0
836,417500,36,19,31,14,6,-7,0,1,0,0,0,0,0,0,1,0,0,0
837,418000,-9,19,31,-24,8,-8,0,1,0,0,0,0,0,0,1,0,0,0
838,418500,-55,19,32,-64,6,-7,0,1,0,0,0,0,0,0,1,0,0,0
839,419000,-97,19,31,-101,6,-7,0,1,0,0,0,0,0,0,1,0,0,0
840,419500,-136,19,31,-136,9,-7,0,1,0,0,0,0,0,0,1,0,0,0
841,420000,-173,20,31,-167,7,-8,0,1,0,0,0,0,0,0,1,0,0,0
842,420500,-223,21,30,-205,8,-7,0,1,0,0,0,0,0,0,1,0,0,0
843,421000,-248,21,31,-229,8,-7,0,1,0,0,0,0,0,0,1,0,0,0
844,421500,-266,19,33,-247,8,-7,0,1,0,0,0,0,0,0,1,0,0,0
845,422000,-277,19,32,-256,9,-7,0,1,0,0,0,0,0,0,1,0,0,0
846,422500,-283,19,33,-256,7,-6,0,1,0,0,0,0,0,0,1,0,0,0
847,423000,-276,19,32,-256,9,-7,0,1,0,0,0,0,0,0,1,0,0,0
848,423500,-270,19,31,-248,9,-7,0,1,0,0,0,0,0,0,1,0,0,0
849,424000,-252,19,31,-231,9,-7,0,1,0,0,0,0,0,0,1,0,0,0
850,424500,-231,19,33,-208,9,-7,0,1,0,0,0,0,0,0,1,0,0,0
851,425000,-205,21,32,-188,9,-7,0,1,0,0,0,0,0,0,1,0,0,0
852,425500,-148,19,31,-142,9,-7,0,1,0,0,0,0,0,0,1,0,0,0
853,426000,-109,21,31,-108,9,-7,0,1,0,0,0,0,0,0,1,0,0,0
854,426500,-66,21,31,-70,7,-8,0,1,0,0,0,0,0,0,1,0,0,0
855,427000,-22,19,31,-31,9,-7,0,1,0,0,0,0,0,0,1,0,0,0
856,427500,22,19,31,10,8,-7,0,1,0,0,0,0,0,0,1,0,0,0
857,428000,68,19,31,50,8,-7,0,1,0,0,0,0,0,0,1,0,0,0
858,428500,114,18,31,89,7,-8,0,1,0,0,0,0,0,0,1,0,0,0
859,429000,155,18,31,126,6,-8,0,1,0,0,0,0,0,0,1,0,0,0
860,429500,194,18,31,160,8,-8,0,1,0,0,0,0,0,0,1,0,0,0
861,430000,229,18,31,191,8,-7,0,1,0,0,0,0,0,0,1,0,0,0
862,430500,259,17,31,217,7,-7,0,1,0,0,0,0,0,0,1,0,0,0
863,431000,285,16,31,238,6,-8,0,1,0,0,0,0,0,0,1,0,0,0
864,431500,303,16,31,253,6,-8,0,1,0,0,0,0,0,0,1,0,0,0
865,432000,294,16,31,264,8,-7,0,1,0,0,0,0,0,0,1,0,0,0
866,432500,297,15,31,266,7,-8,0,1,0,0,0,0,0,0,1,0,0,0
867,433000,292,15,31,263,6,-8,0,1,0,0,0,0,0,0,1,0,0,0
868,433500,284,18,33,254,8,-7,0,1,0,0,0,0,0,0,1,0,0,0
869,434000,289,16,31,239,8,-7,0,1,0,0,0,0,0,0,1,0,0,0
870,434500,267,16,31,219,6,-8,0,1,0,0,0,0,0,0,1,0,0,0
871,435000,239,16,31,193,6,-8,0,1,0,0,0,0,0,0,1,0,0,0
872,435500,205,17,31,163,6,-8,0,1,0,0,0,0,0,0,1,0,0,0
873,436000,165,18,31,130,8,-8,0,1,0,0,0,0,0,0,1,0,0,0
874,436500,125,19,31,94,8,-7,0,1,0,0,0,0,0,0,1,0,0,0
875,437000,81,18,31,54,7,-7,0,1,0,0,0,0,0,0,1,0,0,0
876,437500,34,18,31,14,6,-8,0,1,0,0,0,0,0,0,1,0,0,0
877,438000,-11,20,31,-26,8,-8,0,1,0,0,0,0,0,0,1,0,0,0
878,438500,-56,19,31,-65,6,-8,0,1,0,0,0,0,0,0,1,0,0,0
879,439000,-97,19,31,-104,8,-7,0,1,0,0,0,0,0,0,1,0,0,0
880,439500,-137,19,32,-137,8,-6,0,1,0,0,0,0,0,0,1,0,0,0
881,440000,-175,21,31,-167,8,-7,0,1,0,0,0,0,0,0,1,0,0,0
882,440500,-222,21,31,-206,9,-7,0,1,0,0,0,0,0,0,1,0,0,0
883,441000,-248,19,33,-229,8,-6,0,1,0,0,0,0,0,0,1,0,0,0
884,441500,-266,19,33,-247,6,-6,0,1,0,0,0,0,0,0,1,0,0,0
885,442000,-283,19,31,-256,8,-7,0,1,0,0,0,0,0,0,1,0,0,0
886,442500,-283,19,32,-256,7,-7,0,1,0,0,0,0,0,0,1,0,0,0
887,443000,-276,19,31,-256,8,-7,0,1,0,0,0,0,0,0,1,0,0,0
888,443500,-270,21,31,-248,8,-7,0,1,0,0,0,0,0,0,1,0,0,0
889,444000,-257,19,32,-231,6,-7,0,1,0,0,0,0,0,0,1,0,0,0
890,444500,-231,20,31,-208,8,-7,0,1,0,0,0,0,0,0,1,0,0,0
891,445000,-205,19,31,-182,8,-8,0,1,0,0,0,0,0,0,1,0,0,0
892,445500,-147,19,31,-142,9,-7,0,1,0,0,0,0,0,0,1,0,0,0
893,446000,-108,19,31,-106,7,-7,0,1,0,0,0,0,0,0,1,0,0,0
894,446500,-66,20,31,-68,8,-8,0,1,0,0,0,0,0,0,1,0,0,0
895,447000,-20,19,32,-30,9,-7,0,1,0,0,0,0,0,0,1,0,0,0
896,447500,24,19,31,11,9,-7,0,1,0,0,0,0,0,0,1,0,0,0
897,448000,70,20,32,51,9,-7,0,1,0,0,0,0,0,0,1,0,0,0
898,448500,114,18,31,90,7,-7,0,1,0,0,0,0,0,0,1,0,0,0
899,449000,156,18,31,127,7,-8,0,1,0,0,0,0,0,0,1,0,0,0
900,449500,195,19,31,162,8,-7,0,1,0,0,0,0,0,0,1,0,0,0
901,450000,231,16,30,191,7,-7,0,1,0,0,0,0,0,0,1,0,0,0
902,450500,261,16,30,217,6,-8,0,1,0,0,0,0,0,0,1,0,0,0
903,451000,284,18,33,237,8,-6,0,1,0,0,0,0,0,0,1,0,0,0
904,451500,303,16,31,253,8,-7,0,1,0,0,0,0,0,0,1,0,0,0
905,452000,295,15,31,263,6,-8,0,1,0,0,0,0,0,0,1,0,0,0
906,452500,297,18,31,266,9,-7,0,1,0,0,0,0,0,0,1,0,0,0
907,453000,292,16,31,262,7,-7,0,1,0,0,0,0,0,0,1,0,0,0
908,453500,284,16,31,255,7,-8,0,1,0,0,0,0,0,0,1,0,0,0
909,454000,287,16,31,239,8,-7,0,1,0,0,0,0,0,0,1,0,0,0
910,454500,265,17,31,219,6,-7,0,1,0,0,0,0,0,0,1,0,0,0
911,455000,238,17,31,193,6,-8,0,1,0,0,0,0,0,0,1,0,0,0
912,455500,205,17,31,162,8,-8,0,1,0,0,0,0,0,0,1,0,0,0
913,456000,165,18,31,129,6,-7,0,1,0,0,0,0,0,0,1,0,0,0
914,456500,123,19,31,92,8,-7,0,1,0,0,0,0,0,0,1,0,0,0
915,457000,78,19,31,53,8,-8,0,1,0,0,0,0,0,0,1,0,0,0
916,457500,33,19,31,13,8,-8,0,1,0,0,0,0,0,0,1,0,0,0
917,458000,-13,18,33,-27,7,-7,0,1,0,0,0,0,0,0,1,0,0,0
918,458500,-58,18,33,-67,6,-6,0,1,0,0,0,0,0,0,1,0,0,0
919,459000,-100,19,32,-104,9,-7,0,1,0,0,0,0,0,0,1,0,0,0
920,459500,-138,21,31,-139,9,-7,0,1,0,0,0,0,0,0,1,0,0,0
921,460000,-175,21,31,-180,8,-7,0,1,0,0,0,0,0,0,1,0,0,0
922,460500,-223,21,31,-211,8,-7,0,1,0,0,0,0,0,0,1,0,0,0
923,461000,-249,19,31,-229,6,-7,0,1,0,0,0,0,0,0,1,0,0,0
924,461500,-267,19,31,-247,6,-8,0,1,0,0,0,0,0,0,1,0,0,0
925,462000,-283,19,31,-256,8,-7,0,1,0,0,0,0,0,0,1,0,0,0
926,462500,-283,19,31,-256,9,-7,0,1,0,0,0,0,0,0,1,0,0,0
927,463000,-276,21,31,-256,9,-7,0,1,0,0,0,0,0,0,1,0,0,0
928,463500,-270,19,31,-244,9,-7,0,1,0,0,0,0,0,0,1,0,0,0
929,464000,-252,19,31,-231,8,-7,0,1,0,0,0,0,0,0,1,0,0,0
930,464500,-231,19,32,-207,7,-6,0,1,0,0,0,0,0,0,1,0,0,0
931,465000,-198,19,31,-182,6,-7,0,1,0,0,0,0,0,0,1,0,0,0
932,465500,-147,21,31,-140,8,-8,0,1,0,0,0,0,0,0,1,0,0,0
933,466000,-108,19,32,-105,7,-7,0,1,0,0,0,0,0,0,1,0,0,0
934,466500,-66,20,31,-68,8,-7,0,1,0,0,0,0,0,0,1,0,0,0
935,467000,-20,19,31,-27,8,-8,0,1,0,0,0,0,0,0,1,0,0,0
936,467500,27,21,33,11,9,-7,0,1,0,0,0,0,0,0,1,0,0,0
937,468000,71,19,32,53,8,-7,0,1,0,0,0,0,0,0,1,0,0,0
938,468500,117,18,30,91,6,-8,0,1,0,0,0,0,0,0,1,0,0,0
939,469000,159,18,31,128,6,-7,0,1,0,0,0,0,0,0,1,0,0,0
940,469500,197,17,30,161,8,-7,0,1,0,0,0,0,0,0,1,0,0,0
941,470000,229,18,31,192,9,-7,0,1,0,0,0,0,0,0,1,0,0,0
942,470500,261,16,31,218,8,-7,0,1,0,0,0,0,0,0,1,0,0,0
943,471000,285,16,31,239,8,-7,0,1,0,0,0,0,0,0,1,0,0,0
944,471500,284,16,31,255,8,-7,0,1,0,0,0,0,0,0,1,0,0,0
945,472000,295,15,31,264,6,-8,0,1,0,0,0,0,0,0,1,0,0,0
946,472500,296,16,31,266,8,-8,0,1,0,0,0,0,0,0,1,0,0,0
947,473000,289,15,31,263,8,-7,0,1,0,0,0,0,0,0,1,0,0,0
948,473500,302,16,31,252,8,-7,0,1,0,0,0,0,0,0,1,0,0,0
949,474000,287,16,31,237,8,-8,0,1,0,0,0,0,0,0,1,0,0,0
950,474500,264,16,30,217,6,-8,0,1,0,0,0,0,0,0,1,0,0,0
951,475000,237,18,33,192,8,-7,0,1,0,0,0,0,0,0,1,0,0,0
952,475500,202,19,32,163,8,-8,0,1,0,0,0,0,0,0,1,0,0,0
953,476000,162,18,31,128,6,-8,0,1,0,0,0,0,0,0,1,0,0,0
954,476500,122,18,30,91,6,-8,0,1,0,0,0,0,0,0,1,0,0,0
955,477000,76,18,31,52,6,-8,0,1,0,0,0,0,0,0,1,0,0,0
956,477500,33,20,31,11,9,-7,0,1,0,0,0,0,0,0,1,0,0,0
957,478000,-14,19,33,-29,8,-6,0,1,0,0,0,0,0,0,1,0,0,0
958,478500,-59,20,31,-67,8,-7,0,1,0,0,0,0,0,0,1,0,0,0
959,479000,-100,19,31,-105,9,-7,0,1,0,0,0,0,0,0,1,0,0,0
960,479500,-141,19,33,-139,8,-7,0,1,0,0,0,0,0,0,1,0,0,0
961,480000,-175,21,31,-185,8,-7,0,1,0,0,0,0,0,0,1,0,0,0
962,480500,-224,21,31,-207,8,-7,0,1,0,0,0,0,0,0,1,0,0,0
963,481000,-252,19,31,-229,8,-7,0,1,0,0,0,0,0,0,1,0,0,0
964,481500,-267,20,31,-247,8,-8,0,1,0,0,0,0,0,0,1,0,0,0
965,482000,-283,21,31,-256,8,-8,0,1,0,0,0,0,0,0,1,0,0,0
966,482500,-283,19,31,-256,9,-7,0,1,0,0,0,0,0,0,1,0,0,0
967,483000,-278,19,33,-256,8,-7,0,1,0,0,0,0,0,0,1,0,0,0
968,483500,-265,21,31,-242,8,-7,0,1,0,0,0,0,0,0,1,0,0,0
969,484000,-250,19,31,-231,6,-8,0,1,0,0,0,0,0,0,1,0,0,0
970,484500,-231,19,31,-206,8,-7,0,1,0,0,0,0,0,0,1,0,0,0
971,485000,-181,21,31,-170,8,-7,0,1,0,0,0,0,0,0,1,0,0,0
972,485500,-145,21,31,-138,8,-8,0,1,0,0,0,0,0,0,1,0,0,0
973,486000,-106,19,32,-104,8,-7,0,1,0,0,0,0,0,0,1,0,0,0
974,486500,-63,19,31,-65,8,-7,0,1,0,0,0,0,0,0,1,0,0,0
975,487000,-19,19,31,-27,8,-8,0,1,0,0,0,0,0,0,1,0,0,0
976,487500,27,18,31,13,6,-8,0,1,0,0,0,0,0,0,1,0,0,0
977,488000,72,19,31,54,8,-7,0,1,0,0,0,0,0,0,1,0,0,0
978,488500,117,19,31,93,9,-7,0,1,0,0,0,0,0,0,1,0,0,0
979,489000,158,18,31,129,7,-8,0,1,0,0,0,0,0,0,1,0,0,0
980,489500,197,18,31,163,8,-7,0,1,0,0,0,0,0,0,1,0,0,0
981,490000,233,16,31,192,6,-8,0,1,0,0,0,0,0,0,1,0,0,0
982,490500,262,16,30,219,6,-8,0,1,0,0,0,0,0,0,1,0,0,0
983,491000,286,17,32,240,8,-7,0,1,0,0,0,0,0,0,1,0,0,0
984,491500,304,18,33,253,9,-6,0,1,0,0,0,0,0,0,1,0,0,0
985,492000,295,16,32,265,7,-7,0,1,0,0,0,0,0,0,1,0,0,0
986,492500,297,16,31,266,7,-7,0,1,0,0,0,0,0,0,1,0,0,0
987,493000,289,16,31,263,9,-7,0,1,0,0,0,0,0,0,1,0,0,0
988,493500,280,17,31,255,8,-7,0,1,0,0,0,0,0,0,1,0,0,0
989,494000,287,18,31,237,9,-6,0,1,0,0,0,0,0,0,1,0,0,0
990,494500,265,16,30,217,7,-7,0,1,0,0,0,0,0,0,1,0,0,0
991,495000,234,18,31,191,8,-8,0,1,0,0,0,0,0,0,1,0,0,0
992,495500,201,18,31,161,8,-7,0,1,0,0,0,0,0,0,1,0,0,0
993,496000,162,19,31,128,8,-7,0,1,0,0,0,0,0,0,1,0,0,0
994,496500,122,20,33,89,9,-6,0,1,0,0,0,0,0,0,1,0,0,0
995,497000,75,20,33,50,9,-6,0,1,0,0,0,0,0,0,1,0,0,0
996,497500,30,18,31,11,7,-7,0,1,0,0,0,0,0,0,1,0,0,0
997,498000,-16,19,31,-29,8,-8,0,1,0,0,0,0,0,0,1,0,0,0
998,498500,-59,19,32,-70,6,-6,0,1,0,0,0,0,0,0,1,0,0,0
999,499000,-101,21,31,-107,8,-7,0,1,0,0,0,0,0,0,1,0,0,0
1000,499500,-141,20,31,-139,8,-8,0,1,0,0,0,0,0,0,1,0,0,0
1001,500000,-178,19,33,-170,6,-7,0,1,0,0,0,0,0,0,1,0,0,0
1002,500500,-225,19,32,-211,9,-7,0,1,0,0,0,0,0,0,1,0,0,0
1003,501000,-252,21,31,-229,8,-7,0,1,0,0,0,0,0,0,1,0,0,0
1004,501500,-268,21,31,-247,8,-7,0,1,0,0,0,0,0,0,1,0,0,0
1005,502000,-283,19,33,-256,8,-7,0,1,0,0,0,0,0,0,1,0,0,0
1006,502500,-283,20,31,-256,8,-7,0,1,0,0,0,0,0,0,1,0,0,0
1007,503000,-276,20,31,-256,6,-8,0,1,0,0,0,0,0,0,1,0,0,0
1008,503500,-270,22,31,-242,8,-8,0,1,0,0,0,0,0,0,1,0,0,0
1009,504000,-249,19,32,-226,8,-7,0,1,0,0,0,0,0,0,1,0,0,0
1010,504500,-226,21,31,-207,9,-7,0,1,0,0,0,0,0,0,1,0,0,0
1011,505000,-178,21,31,-167,7,-7,0,1,0,0,0,0,0,0,1,0,0,0
1012,505500,-145,19,33,-138,6,-7,0,1,0,0,0,0,0,0,1,0,0,0
1013,506000,-106,20,31,-102,8,-8,0,1,0,0,0,0,0,0,1,0,0,0
1014,506500,-60,24,31,-65,7,-7,0,1,0,0,0,0,0,0,1,0,0,0
1015,507000,-17,19,31,-25,6,-7,0,1,0,0,0,0,0,0,1,0,0,0
1016,507500,28,18,31,14,7,-8,0,1,0,0,0,0,0,0,1,0,0,0
1017,508000,75,18,31,54,6,-8,0,1,0,0,0,0,0,0,1,0,0,0
1018,508500,117,18,31,94,6,-8,0,1,0,0,0,0,0,0,1,0,0,0
1019,509000,161,19,33,129,8,-7,0,1,0,0,0,0,0,0,1,0,0,0
1020,509500,200,17,31,163,8,-7,0,1,0,0,0,0,0,0,1,0,0,0
1021,510000,232,16,31,193,6,-7,0,1,0,0,0,0,0,0,1,0,0,0
1022,510500,263,16,31,219,8,-8,0,1,0,0,0,0,0,0,1,0,0,0
1023,511000,287,16,31,239,6,-8,0,1,0,0,0,0,0,0,1,0,0,0
1024,511500,303,16,31,254,7,-7,0,1,0,0,0,0,0,0,1,0,0,0
1025,512000,296,16,31,265,8,-7,0,1,0,0,0,0,0,0,1,0,0,0
1026,512500,297,16,30,266,8,-7,0,1,0,0,0,0,0,0,1,0,0,0
1027,513000,292,16,31,263,6,-7,0,1,0,0,0,0,0,0,1,0,0,0
1028,513500,280,16,31,254,7,-7,0,1,0,0,0,0,0,0,1,0,0,0
1029,514000,285,16,30,237,6,-8,0,1,0,0,0,0,0,0,1,0,0,0
1030,514500,264,18,33,216,9,-7,0,1,0,0,0,0,0,0,1,0,0,0
1031,515000,235,16,31,190,8,-7,0,1,0,0,0,0,0,0,1,0,0,0
1032,515500,201,17,31,159,6,-8,0,1,0,0,0,0,0,0,1,0,0,0
1033,516000,161,18,30,126,6,-7,0,1,0,0,0,0,0,0,1,0,0,0
1034,516500,120,20,32,89,9,-7,0,1,0,0,0,0,0,0,1,0,0,0
1035,517000,74,20,33,48,9,-6,0,1,0,0,0,0,0,0,1,0,0,0
1036,517500,28,21,31,8,9,-7,0,1,0,0,0,0,0,0,1,0,0,0
1037,518000,-16,21,31,-33,8,-7,0,1,0,0,0,0,0,0,1,0,0,0
1038,518500,-61,21,31,-71,9,-8,0,1,0,0,0,0,0,0,1,0,0,0
1039,519000,-102,19,31,-107,9,-7,0,1,0,0,0,0,0,0,1,0,0,0
1040,519500,-141,19,31,-142,9,-7,0,1,0,0,0,0,0,0,1,0,0,0
1041,520000,-176,21,31,-170,8,-8,0,1,0,0,0,0,0,0,1,0,0,0
1042,520500,-225,21,31,-211,8,-7,0,1,0,0,0,0,0,0,1,0,0,0
1043,521000,-252,19,31,-229,9,-7,0,1,0,0,0,0,0,0,1,0,0,0
1044,521500,-270,21,31,-247,8,-7,0,1,0,0,0,0,0,0,1,0,0,0
1045,522000,-283,19,33,-256,7,-7,0,1,0,0,0,0,0,0,1,0,0,0
1046,522500,-283,21,31,-256,8,-7,0,1,0,0,0,0,0,0,1,0,0,0
1047,523000,-275,21,31,-251,8,-7,0,1,0,0,0,0,0,0,1,0,0,0
1048,523500,-265,19,31,-242,8,-7,0,1,0,0,0,0,0,0,1,0,0,0
1049,524000,-249,19,33,-231,7,-6,0,1,0,0,0,0,0,0,1,0,0,0
1050,524500,-226,21,31,-205,8,-7,0,1,0,0,0,0,0,0,1,0,0,0
1051,525000,-178,21,31,-179,8,-7,0,1,0,0,0,0,0,0,1,0,0,0
1052,525500,-144,19,31,-136,9,-7,0,1,0,0,0,0,0,0,1,0,0,0
1053,526000,-105,19,33,-102,7,-7,0,1,0,0,0,0,0,0,1,0,0,0
1054,526500,-62,19,31,-64,6,-7,0,1,0,0,0,0,0,0,1,0,0,0
1055,527000,-16,18,32,-24,6,-7,0,1,0,0,0,0,0,0,1,0,0,0
1056,527500,30,18,31,16,6,-7,0,1,0,0,0,0,0,0,1,0,0,0
1057,528000,75,19,31,57,8,-7,0,1,0,0,0,0,0,0,1,0,0,0
1058,528500,120,19,33,94,9,-7,0,1,0,0,0,0,0,0,1,0,0,0
1059,529000,161,19,32,132,9,-7,0,1,0,0,0,0,0,0,1,0,0,0
1060,529500,199,18,31,165,7,-7,0,1,0,0,0,0,0,0,1,0,0,0
1061,530000,233,16,31,195,6,-8,0,1,0,0,0,0,0,0,1,0,0,0
1062,530500,263,18,33,219,9,-7,0,1,0,0,0,0,0,0,1,0,0,0
1063,531000,288,16,31,239,7,-8,0,1,0,0,0,0,0,0,1,0,0,0
1064,531500,304,17,33,254,9,-7,0,1,0,0,0,0,0,0,1,0,0,0
1065,532000,296,16,32,264,7,-7,0,1,0,0,0,0,0,0,1,0,0,0
1066,532500,297,16,31,266,8,-7,0,1,0,0,0,0,0,0,1,0,0,0
1067,533000,289,16,31,262,7,-8,0,1,0,0,0,0,0,0,1,0,0,0
1068,533500,302,18,33,251,8,-7,0,1,0,0,0,0,0,0,1,0,0,0
1069,534000,286,16,31,236,7,-7,0,1,0,0,0,0,0,0,1,0,0,0
1070,534500,264,16,30,215,6,-7,0,1,0,0,0,0,0,0,1,0,0,0
1071,535000,233,18,31,190,8,-8,0,1,0,0,0,0,0,0,1,0,0,0
1072,535500,199,18,31,159,6,-7,0,1,0,0,0,0,0,0,1,0,0,0
1073,536000,159,19,31,125,8,-7,0,1,0,0,0,0,0,0,1,0,0,0
1074,536500,118,18,31,87,6,-8,0,1,0,0,0,0,0,0,1,0,0,0
1075,537000,73,19,31,48,8,-7,0,1,0,0,0,0,0,0,1,0,0,0
1076,537500,28,20,31,7,9,-7,0,1,0,0,0,0,0,0,1,0,0,0
1077,538000,-19,19,33,-33,7,-6,0,1,0,0,0,0,0,0,1,0,0,0
1078,538500,-62,21,32,-73,8,-7,0,1,0,0,0,0,0,0,1,0,0,0
1079,539000,-104,21,30,-107,8,-7,0,1,0,0,0,0,0,0,1,0,0,0
1080,539500,-144,19,33,-142,8,-7,0,1,0,0,0,0,0,0,1,0,0,0
1081,540000,-178,19,32,-173,9,-6,0,1,0,0,0,0,0,0,1,0,0,0
1082,540500,-226,19,31,-211,9,-7,0,1,0,0,0,0,0,0,1,0,0,0
1083,541000,-257,19,31,-230,7,-8,0,1,0,0,0,0,0,0,1,0,0,0
1084,541500,-274,19,30,-247,7,-8,0,1,0,0,0,0,0,0,1,0,0,0
1085,542000,-283,19,31,-256,9,-7,0,1,0,0,0,0,0,0,1,0,0,0
1086,542500,-283,19,33,-256,7,-6,0,1,0,0,0,0,0,0,1,0,0,0
1087,543000,-275,20,31,-251,6,-8,0,1,0,0,0,0,0,0,1,0,0,0
1088,543500,-265,20,30,-241,6,-8,0,1,0,0,0,0,0,0,1,0,0,0
1089,544000,-248,19,32,-225,6,-7,0,1,0,0,0,0,0,0,1,0,0,0
1090,544500,-224,20,31,-205,8,-7,0,1,0,0,0,0,0,0,1,0,0,0
1091,545000,-175,19,31,-179,9,-7,0,1,0,0,0,0,0,0,1,0,0,0
1092,545500,-141,19,33,-136,8,-6,0,1,0,0,0,0,0,0,1,0,0,0
1093,546000,-103,19,33,-101,6,-6,0,1,0,0,0,0,0,0,1,0,0,0
1094,546500,-60,20,31,-62,8,-7,0,1,0,0,0,0,0,0,1,0,0,0
1095,547000,-14,20,31,-23,8,-8,0,1,0,0,0,0,0,0,1,0,0,0
1096,547500,31,19,31,17,8,-7,0,1,0,0,0,0,0,0,1,0,0,0
1097,548000,77,19,31,57,8,-7,0,1,0,0,0,0,0,0,1,0,0,0
1098,548500,121,18,31,96,8,-7,0,1,0,0,0,0,0,0,1,0,0,0
1099,549000,162,19,31,132,8,-7,0,1,0,0,0,0,0,0,1,0,0,0
1100,549500,200,17,30,165,6,-7,0,1,0,0,0,0,0,0,1,0,0,0
1101,550000,236,19,33,195,9,-7,0,1,0,0,0,0,0,0,1,0,0,0
1102,550500,264,16,31,220,7,-7,0,1,0,0,0,0,0,0,1,0,0,0
1103,551000,287,16,31,240,7,-8,0,1,0,0,0,0,0,0,1,0,0,0
1104,551500,287,16,31,257,8,-7,0,1,0,0,0,0,0,0,1,0,0,0
1105,552000,295,17,32,265,9,-7,0,1,0,0,0,0,0,0,1,0,0,0
1106,552500,297,16,32,266,7,-7,0,1,0,0,0,0,0,0,1,0,0,0
1107,553000,289,15,31,262,6,-7,0,1,0,0,0,0,0,0,1,0,0,0
1108,553500,301,16,31,251,7,-7,0,1,0,0,0,0,0,0,1,0,0,0
1109,554000,284,18,31,235,8,-7,0,1,0,0,0,0,0,0,1,0,0,0
1110,554500,262,16,31,214,8,-7,0,1,0,0,0,0,0,0,1,0,0,0
1111,555000,233,18,31,189,8,-7,0,1,0,0,0,0,0,0,1,0,0,0
1112,555500,198,18,31,158,8,-7,0,1,0,0,0,0,0,0,1,0,0,0
1113,556000,159,18,31,123,6,-8,0,1,0,0,0,0,0,0,1,0,0,0
1114,556500,117,20,32,86,8,-7,0,1,0,0,0,0,0,0,1,0,0,0
1115,557000,73,19,31,45,7,-8,0,1,0,0,0,0,0,0,1,0,0,0
1116,557500,27,20,31,6,8,-7,0,1,0,0,0,0,0,0,1,0,0,0
1117,558000,-20,19,30,-33,7,-8,0,1,0,0,0,0,0,0,1,0,0,0
1118,558500,-63,19,33,-73,6,-7,0,1,0,0,0,0,0,0,1,0,0,0
1119,559000,-106,19,31,-109,6,-7,0,1,0,0,0,0,0,0,1,0,0,0
1120,559500,-145,19,33,-143,7,-7,0,1,0,0,0,0,0,0,1,0,0,0
1121,560000,-178,19,32,-185,8,-7,0,1,0,0,0,0,0,0,1,0,0,0
1122,560500,-231,21,31,-212,8,-7,0,1,0,0,0,0,0,0,1,0,0,0
1123,561000,-252,22,31,-231,8,-7,0,1,0,0,0,0,0,0,1,0,0,0
1124,561500,-274,19,31,-247,9,-7,0,1,0,0,0,0,0,0,1,0,0,0
1125,562000,-283,19,31,-256,9,-6,0,1,0,0,0,0,0,0,1,0,0,0
1126,562500,-283,20,30,-256,8,-7,0,1,0,0,0,0,0,0,1,0,0,0
1127,563000,-274,19,33,-250,6,-7,0,1,0,0,0,0,0,0,1,0,0,0
1128,563500,-265,19,33,-240,7,-6,0,1,0,0,0,0,0,0,1,0,0,0
1129,564000,-248,19,31,-225,6,-7,0,1,0,0,0,0,0,0,1,0,0,0
1130,564500,-224,19,32,-205,8,-7,0,1,0,0,0,0,0,0,1,0,0,0
1131,565000,-175,20,31,-179,6,-7,0,1,0,0,0,0,0,0,1,0,0,0
1132,565500,-141,21,31,-136,8,-7,0,1,0,0,0,0,0,0,1,0,0,0
1133,566000,-100,21,31,-101,8,-8,0,1,0,0,0,0,0,0,1,0,0,0
1134,566500,-59,19,33,-62,7,-7,0,1,0,0,0,0,0,0,1,0,0,0
1135,567000,-13,19,31,-21,8,-7,0,1,0,0,0,0,0,0,1,0,0,0
1136,567500,33,18,31,19,6,-8,0,1,0,0,0,0,0,0,1,0,0,0
1137,568000,80,18,31,57,6,-8,0,1,0,0,0,0,0,0,1,0,0,0
1138,568500,122,18,31,98,6,-7,0,1,0,0,0,0,0,0,1,0,0,0
1139,569000,164,19,33,132,9,-7,0,1,0,0,0,0,0,0,1,0,0,0
1140,569500,203,18,31,166,8,-8,0,1,0,0,0,0,0,0,1,0,0,0
1141,570000,236,17,31,196,6,-8,0,1,0,0,0,0,0,0,1,0,0,0
1142,570500,265,19,33,220,8,-7,0,1,0,0,0,0,0,0,1,0,0,0
1143,571000,290,16,31,240,8,-7,0,1,0,0,0,0,0,0,1,0,0,0
1144,571500,306,16,31,255,6,-8,0,1,0,0,0,0,0,0,1,0,0,0
1145,572000,295,17,32,264,9,-7,0,1,0,0,0,0,0,0,1,0,0,0
1146,572500,296,16,32,266,8,-7,0,1,0,0,0,0,0,0,1,0,0,0
1147,573000,289,16,31,262,8,-7,0,1,0,0,0,0,0,0,1,0,0,0
1148,573500,300,16,31,251,7,-8,0,1,0,0,0,0,0,0,1,0,0,0
1149,574000,284,17,31,236,8,-7,0,1,0,0,0,0,0,0,1,0,0,0
1150,574500,262,17,31,214,8,-7,0,1,0,0,0,0,0,0,1,0,0,0
1151,575000,231,16,31,188,7,-7,0,1,0,0,0,0,0,0,1,0,0,0
1152,575500,197,16,31,157,6,-8,0,1,0,0,0,0,0,0,1,0,0,0
1153,576000,157,18,31,123,8,-7,0,1,0,0,0,0,0,0,1,0,0,0
1154,576500,115,19,31,86,8,-7,0,1,0,0,0,0,0,0,1,0,0,0
1155,577000,71,20,33,45,8,-7,0,1,0,0,0,0,0,0,1,0,0,0
1156,577500,25,20,32,5,9,-7,0,1,0,0,0,0,0,0,1,0,0,0
1157,578000,-19,19,31,-34,7,-8,0,1,0,0,0,0,0,0,1,0,0,0
1158,578500,-64,21,31,-74,8,-8,0,1,0,0,0,0,0,0,1,0,0,0
1159,579000,-106,21,31,-111,8,-7,0,1,0,0,0,0,0,0,1,0,0,0
1160,579500,-144,19,31,-143,8,-7,0,1,0,0,0,0,0,0,1,0,0,0
1161,580000,-181,21,31,-185,9,-7,0,1,0,0,0,0,0,0,1,0,0,0
1162,580500,-231,21,31,-212,8,-7,0,1,0,0,0,0,0,0,1,0,0,0
1163,581000,-257,19,31,-231,9,-7,0,1,0,0,0,0,0,0,1,0,0,0
1164,581500,-274,19,33,-247,7,-7,0,1,0,0,0,0,0,0,1,0,0,0
1165,582000,-283,19,33,-256,6,-7,0,1,0,0,0,0,0,0,1,0,0,0
1166,582500,-283,21,31,-256,8,-7,0,1,0,0,0,0,0,0,1,0,0,0
1167,583000,-275,21,31,-252,9,-7,0,1,0,0,0,0,0,0,1,0,0,0
1168,583500,-265,19,31,-240,9,-7,0,1,0,0,0,0,0,0,1,0,0,0
1169,584000,-248,20,31,-231,8,-7,0,1,0,0,0,0,0,0,1,0,0,0
1170,584500,-223,22,31,-205,9,-7,0,1,0,0,0,0,0,0,1,0,0,0
1171,585000,-175,21,31,-179,7,-7,0,1,0,0,0,0,0,0,1,0,0,0
1172,585500,-141,21,31,-133,8,-8,0,1,0,0,0,0,0,0,1,0,0,0
1173,586000,-97,19,30,-96,8,-8,0,1,0,0,0,0,0,0,1,0,0,0
1174,586500,-56,21,31,-61,8,-8,0,1,0,0,0,0,0,0,1,0,0,0
1175,587000,-11,19,31,-21,8,-7,0,1,0,0,0,0,0,0,1,0,0,0
1176,587500,34,18,31,19,7,-8,0,1,0,0,0,0,0,0,1,0,0,0
1177,588000,80,19,31,60,8,-7,0,1,0,0,0,0,0,0,1,0,0,0
1178,588500,124,19,31,98,8,-7,0,1,0,0,0,0,0,0,1,0,0,0
1179,589000,165,18,31,134,6,-7,0,1,0,0,0,0,0,0,1,0,0,0
1180,589500,203,19,33,167,9,-7,0,1,0,0,0,0,0,0,1,0,0,0
1181,590000,238,16,31,197,7,-8,0,1,0,0,0,0,0,0,1,0,0,0
1182,590500,266,18,31,223,8,-7,0,1,0,0,0,0,0,0,1,0,0,0
1183,591000,289,16,36,242,8,-7,0,1,0,0,0,0,0,0,1,0,0,0
1184,591500,302,17,32,256,8,-4,0,1,0,0,0,0,0,0,1,0,0,0
1185,592000,296,16,31,271,8,-6,0,1,0,0,0,0,0,0,1,0,0,0
1186,592500,296,21,33,267,9,-6,0,1,0,0,0,0,0,0,1,0,0,0
1187,593000,289,16,32,262,6,-6,0,1,0,0,0,0,0,0,1,0,0,0
1188,593500,280,16,29,252,6,-7,0,1,0,0,0,0,0,0,1,0,0,0
1189,594000,284,18,32,234,9,-7,0,1,0,0,0,0,0,0,1,0,0,0
1190,594500,261,16,31,215,8,-7,0,1,0,0,0,0,0,0,1,0,0,0
1191,595000,231,18,31,188,8,-7,0,1,0,0,0,0,0,0,1,0,0,0
1192,595500,197,19,33,156,9,-7,0,1,0,0,0,0,0,0,1,0,0,0
1193,596000,156,19,32,122,9,-7,0,1,0,0,0,0,0,0,1,0,0,0
1194,596500,112,18,31,84,8,-7,0,1,0,0,0,0,0,0,1,0,0,0
1195,597000,69,19,31,45,8,-7,0,1,0,0,0,0,0,0,1,0,0,0
1196,597500,22,19,31,5,7,-7,0,1,0,0,0,0,0,0,1,0,0,0
1197,598000,-22,21,31,-37,8,-7,0,1,0,0,0,0,0,0,1,0,0,0
1198,598500,-66,21,31,-76,8,-8,0,1,0,0,0,0,0,0,1,0,0,0
1199,599000,-108,19,36,-111,6,-8,0,1,0,0,0,0,0,0,1,0,0,0
1200,599500,-147,21,32,-146,8,-11,0,1,0,0,0,0,0,0,1,0,0,0
1201,600000,-182,19,31,-198,7,-9,0,1,0,0,0,0,0,0,1,0,0,0
1202,600500,-231,26,31,-213,8,-8,0,1,0,0,0,0,0,0,1,0,0,0
1203,601000,-257,19,31,-232,9,-7,0,1,0,0,0,0,0,0,1,0,0,0
1204,601500,-274,19,33,-247,7,-7,0,1,0,0,0,0,0,0,1,0,0,0
1205,602000,-283,19,32,-256,6,-6,0,1,0,0,0,0,0,0,1,0,0,0
1206,602500,-283,21,31,-256,8,-7,0,1,0,0,0,0,0,0,1,0,0,0
1207,603000,-275,22,31,-250,8,-8,0,1,0,0,0,0,0,0,1,0,0,0
1208,603500,-265,21,31,-240,8,-7,0,1,0,0,0,0,0,0,1,0,0,0
1209,604000,-248,19,31,-224,7,-7,0,1,0,0,0,0,0,0,1,0,0,0
1210,604500,-222,21,31,-205,8,-7,0,1,0,0,0,0,0,0,1,0,0,0
1211,605000,-175,19,33,-164,7,-7,0,1,0,0,0,0,0,0,1,0,0,0
1212,605500,-139,19,33,-132,6,-7,0,1,0,0,0,0,0,0,1,0,0,0
1213,606000,-100,19,31,-98,6,-7,0,1,0,0,0,0,0,0,1,0,0,0
1214,606500,-53,19,31,-59,9,-7,0,1,0,0,0,0,0,0,1,0,0,0
1215,607000,-9,18,31,-20,9,-7,0,1,0,0,0,0,0,0,1,0,0,0
1216,607500,37,18,31,20,8,-13,0,1,0,0,0,0,0,0,1,0,0,0
1217,608000,81,19,31,60,8,-8,0,1,0,0,0,0,0,0,1,0,0,0
1218,608500,126,18,31,99,7,-8,0,1,0,0,0,0,0,0,1,0,0,0
1219,609000,167,18,31,135,6,-8,0,1,0,0,0,0,0,0,1,0,0,0
1220,609500,205,19,35,168,9,-7,0,1,0,0,0,0,0,0,1,0,0,0
1221,610000,233,16,32,197,7,-7,0,1,0,0,0,0,0,0,1,0,0,0
1222,610500,267,18,32,226,9,-7,0,1,0,0,0,0,0,0,1,0,0,0
1223,611000,289,15,31,242,8,-7,0,1,0,0,0,0,0,0,1,0,0,0
1224,611500,304,16,31,256,9,-7,0,1,0,0,0,0,0,0,1,0,0,0
1225,612000,296,16,31,265,8,-7,0,1,0,0,0,0,0,0,1,0,0,0
1226,612500,297,17,32,266,9,-7,0,1,0,0,0,0,0,0,1,0,0,0
1227,613000,289,16,31,262,7,-7,0,1,0,0,0,0,0,0,1,0,0,0
1228,613500,301,16,31,250,8,-8,0,1,0,0,0,0,0,0,1,0,0,0
1229,614000,282,17,31,234,8,-8,0,1,0,0,0,0,0,0,1,0,0,0
1230,614500,259,16,31,213,6,-7,0,1,0,0,0,0,0,0,1,0,0,0
1231,615000,230,16,30,186,8,-8,0,1,0,0,0,0,0,0,1,0,0,0
1232,615500,194,18,30,155,6,-8,0,1,0,0,0,0,0,0,1,0,0,0
1233,616000,155,19,31,120,8,-7,0,1,0,0,0,0,0,0,1,0,0,0
1234,616500,112,19,31,83,8,-7,0,1,0,0,0,0,0,0,1,0,0,0
1235,617000,68,19,31,44,14,-7,0,1,0,0,0,0,0,0,1,0,0,0
1236,617500,22,19,32,2,7,-7,0,1,0,0,0,0,0,0,1,0,0,0
1237,618000,-31,19,31,-37,6,-6,0,1,0,0,0,0,0,0,1,0,0,0
1238,618500,-69,19,33,-71,6,-6,0,1,0,0,0,0,0,0,1,0,0,0
1239,619000,-109,17,31,-111,6,-8,0,1,0,0,0,0,0,0,1,0,0,0
1240,619500,-147,19,31,-148,6,-7,0,1,0,0,0,0,0,0,1,0,0,0
1241,620000,-184,19,32,-187,6,-7,0,1,0,0,0,0,0,0,1,0,0,0
1242,620500,-231,21,31,-212,8,-7,0,1,0,0,0,0,0,0,1,0,0,0
1243,621000,-257,19,31,-232,7,-7,0,1,0,0,0,0,0,0,1,0,0,0
1244,621500,-274,19,31,-247,6,-8,0,1,0,0,0,0,0,0,1,0,0,0
1245,622000,-283,20,30,-256,6,-8,0,1,0,0,0,0,0,0,1,0,0,0
1246,622500,-283,19,32,-256,6,-7,0,1,0,0,0,0,0,0,1,0,0,0
1247,623000,-274,21,32,-250,8,-7,0,1,0,0,0,0,0,0,1,0,0,0
1248,623500,-265,19,31,-240,9,-7,0,1,0,0,0,0,0,0,1,0,0,0
1249,624000,-248,20,31,-223,7,-8,0,1,0,0,0,0,0,0,1,0,0,0
1250,624500,-222,21,31,-205,8,-7,0,1,0,0,0,0,0,0,1,0,0,0
1251,625000,-175,19,31,-175,7,-8,0,1,0,0,0,0,0,0,1,0,0,0
1252,625500,-137,21,31,-133,8,-8,0,1,0,0,0,0,0,0,1,0,0,0
1253,626000,-97,19,31,-96,7,-8,0,1,0,0,0,0,0,0,1,0,0,0
1254,626500,-53,19,31,-58,9,-7,0,1,0,0,0,0,0,0,1,0,0,0
1255,627000,-9,19,33,-19,8,-6,0,1,0,0,0,0,0,0,1,0,0,0
1256,627500,37,19,31,22,9,-7,0,1,0,0,0,0,0,0,1,0,0,0
1257,628000,83,19,33,63,9,-7,0,1,0,0,0,0,0,0,1,0,0,0
1258,628500,126,21,33,101,9,-6,0,1,0,0,0,0,0,0,1,0,0,0
1259,629000,168,20,33,134,9,-6,0,1,0,0,0,0,0,0,1,0,0,0
1260,629500,205,20,33,169,9,-6,0,1,0,0,0,0,0,0,1,0,0,0
1261,630000,241,16,31,198,7,-7,0,1,0,0,0,0,0,0,1,0,0,0
1262,630500,267,18,33,222,9,-7,0,1,0,0,0,0,0,0,1,0,0,0
1263,631000,291,17,32,244,8,-7,0,1,0,0,0,0,0,0,1,0,0,0
1264,631500,306,18,32,256,9,-7,0,1,0,0,0,0,0,0,1,0,0,0
1265,632000,296,16,31,266,8,-7,0,1,0,0,0,0,0,0,1,0,0,0
1266,632500,296,16,31,266,8,-8,0,1,0,0,0,0,0,0,1,0,0,0
1267,633000,289,16,31,262,11,-7,0,1,0,0,0,0,0,0,1,0,0,0
1268,633500,299,17,26,250,9,-7,0,1,0,0,0,0,0,0,1,0,0,0
1269,634000,283,17,30,234,8,-7,0,1,0,0,0,0,0,0,1,0,0,0
1270,634500,259,16,31,212,6,-8,0,1,0,0,0,0,0,0,1,0,0,0
1271,635000,228,12,30,185,6,-8,0,1,0,0,0,0,0,0,1,0,0,0
1272,635500,193,17,30,154,6,-8,0,1,0,0,0,0,0,0,1,0,0,0
1273,636000,153,18,31,119,8,-7,0,1,0,0,0,0,0,0,1,0,0,0
1274,636500,111,18,30,82,6,-7,0,1,0,0,0,0,0,0,1,0,0,0
1275,637000,68,18,31,41,6,-8,0,1,0,0,0,0,0,0,1,0,0,0
1276,637500,22,20,32,1,6,-7,0,1,0,0,0,0,0,0,1,0,0,0
1277,638000,-25,20,31,-39,8,-7,0,1,0,0,0,0,0,0,1,0,0,0
1278,638500,-69,20,31,-77,8,-8,0,1,0,0,0,0,0,0,1,0,0,0
1279,639000,-110,20,30,-114,6,-8,0,1,0,0,0,0,0,0,1,0,0,0
1280,639500,-150,19,31,-148,6,-8,0,1,0,0,0,0,0,0,1,0,0,0
1281,640000,-182,19,30,-187,8,-8,0,1,0,0,0,0,0,0,1,0,0,0
1282,640500,-231,19,31,-213,9,-7,0,1,0,0,0,0,0,0,1,0,0,0
1283,641000,-257,21,31,-238,8,-7,0,1,0,0,0,0,0,0,1,0,0,0
1284,641500,-274,19,26,-247,9,-7,0,1,0,0,0,0,0,0,1,0,0,0
1285,642000,-283,19,30,-256,7,-7,0,1,0,0,0,0,0,0,1,0,0,0
1286,642500,-283,19,31,-256,6,-8,0,1,0,0,0,0,0,0,1,0,0,0
1287,643000,-275,19,31,-250,7,-8,0,1,0,0,0,0,0,0,1,0,0,0
1288,643500,-265,20,30,-239,6,-8,0,1,0,0,0,0,0,0,1,0,0,0
1289,644000,-248,20,32,-223,8,-8,0,1,0,0,0,0,0,0,1,0,0,0
1290,644500,-214,19,33,-201,6,-7,0,1,0,0,0,0,0,0,1,0,0,0
1291,645000,-173,20,31,-167,8,-7,0,1,0,0,0,0,0,0,1,0,0,0
1292,645500,-136,21,31,-132,8,-7,0,1,0,0,0,0,0,0,1,0,0,0
1293,646000,-97,19,31,-95,7,-8,0,1,0,0,0,0,0,0,1,0,0,0
1294,646500,-53,21,31,-56,8,-8,0,1,0,0,0,0,0,0,1,0,0,0
1295,647000,-7,20,31,-17,8,-7,0,1,0,0,0,0,0,0,1,0,0,0
1296,647500,37,19,31,23,8,-7,0,1,0,0,0,0,0,0,1,0,0,0
1297,648000,84,19,31,64,8,-7,0,1,0,0,0,0,0,0,1,0,0,0
1298,648500,128,21,31,101,9,-7,0,1,0,0,0,0,0,0,1,0,0,0
1299,649000,167,19,31,138,8,-7,0,1,0,0,0,0,0,0,1,0,0,0
1300,649500,205,17,31,170,7,-7,0,1,0,0,0,0,0,0,1,0,0,0
1301,650000,239,17,31,200,6,-7,0,1,0,0,0,0,0,0,1,0,0,0
1302,650500,268,16,31,224,7,-7,0,1,0,0,0,0,0,0,1,0,0,0
1303,651000,290,21,31,244,8,-7,0,1,0,0,0,0,0,0,1,0,0,0
1304,651500,288,18,33,258,9,-7,0,1,0,0,0,0,0,0,1,0,0,0
1305,652000,297,16,31,265,7,-8,0,1,0,0,0,0,0,0,1,0,0,0
1306,652500,306,16,31,267,8,-7,0,1,0,0,0,0,0,0,1,0,0,0
1307,653000,289,17,31,257,9,-7,0,1,0,0,0,0,0,0,1,0,0,0
1308,653500,298,16,31,249,8,-8,0,1,0,0,0,0,0,0,1,0,0,0
1309,654000,282,16,31,233,6,-8,0,1,0,0,0,0,0,0,1,0,0,0
1310,654500,259,16,31,211,6,-8,0,1,0,0,0,0,0,0,1,0,0,0
1311,655000,227,18,31,185,8,-8,0,1,0,0,0,0,0,0,1,0,0,0
1312,655500,194,18,31,154,8,-8,0,1,0,0,0,0,0,0,1,0,0,0
1313,656000,152,18,30,118,6,-8,0,1,0,0,0,0,0,0,1,0,0,0
1314,656500,111,18,30,80,6,-8,0,1,0,0,0,0,0,0,1,0,0,0
1315,657000,66,20,31,39,8,-7,0,1,0,0,0,0,0,0,1,0,0,0
1316,657500,19,19,31,1,8,-7,0,1,0,0,0,0,0,0,1,0,0,0
1317,658000,-28,19,31,-39,7,-8,0,1,0,0,0,0,0,0,1,0,0,0
1318,658500,-70,20,30,-79,6,-8,0,1,0,0,0,0,0,0,1,0,0,0
1319,659000,-112,19,33,-115,6,-7,0,1,0,0,0,0,0,0,1,0,0,0
1320,659500,-150,21,31,-148,3,-7,0,1,0,0,0,0,0,0,1,0,0,0
1321,660000,-184,19,36,-188,6,-7,0,1,0,0,0,0,0,0,1,0,0,0
1322,660500,-222,21,32,-214,8,-9,0,1,0,0,0,0,0,0,1,0,0,0
1323,661000,-257,19,31,-229,9,-7,0,1,0,0,0,0,0,0,1,0,0,0
1324,661500,-274,23,31,-247,8,-7,0,1,0,0,0,0,0,0,1,0,0,0
1325,662000,-283,20,31,-256,6,-8,0,1,0,0,0,0,0,0,1,0,0,0
1326,662500,-283,20,31,-256,7,-8,0,1,0,0,0,0,0,0,1,0,0,0
1327,663000,-275,19,31,-249,9,-8,0,1,0,0,0,0,0,0,1,0,0,0
1328,663500,-265,19,31,-239,9,-7,0,1,0,0,0,0,0,0,1,0,0,0
1329,664000,-248,22,31,-222,9,-7,0,1,0,0,0,0,0,0,1,0,0,0
1330,664500,-222,19,33,-201,8,-7,0,1,0,0,0,0,0,0,1,0,0,0
1331,665000,-172,19,33,-161,6,-6,0,1,0,0,0,0,0,0,1,0,0,0
1332,665500,-134,21,31,-129,8,-7,0,1,0,0,0,0,0,0,1,0,0,0
1333,666000,-94,19,31,-93,9,-8,0,1,0,0,0,0,0,0,1,0,0,0
1334,666500,-53,19,33,-55,7,-7,0,1,0,0,0,0,0,0,1,0,0,0
1335,667000,-5,21,32,-17,8,-7,0,1,0,0,0,0,0,0,1,0,0,0
1336,667500,40,19,31,25,8,-7,0,1,0,0,0,0,0,0,1,0,0,0
1337,668000,86,19,33,64,9,-7,0,1,0,0,0,0,0,0,1,0,0,0
1338,668500,128,19,32,104,9,-7,0,1,0,0,0,0,0,0,1,0,0,0
1339,669000,170,19,31,139,9,-7,0,1,0,0,0,0,0,0,1,0,0,0
1340,669500,208,19,31,172,8,-7,0,1,0,0,0,0,0,0,1,0,0,0
1341,670000,240,19,32,200,9,-6,0,1,0,0,0,0,0,0,1,0,0,0
1342,670500,268,16,31,225,8,-7,0,1,0,0,0,0,0,0,1,0,0,0
1343,671000,290,16,30,244,6,-8,0,1,0,0,0,0,0,0,1,0,0,0
1344,671500,289,16,31,259,6,-7,0,1,0,0,0,0,0,0,1,0,0,0
1345,672000,297,16,31,266,8,-7,0,1,0,0,0,0,0,0,1,0,0,0
1346,672500,296,15,30,266,7,-8,0,1,0,0,0,0,0,0,1,0,0,0
1347,673000,289,18,32,261,9,-7,0,1,0,0,0,0,0,0,1,0,0,0
1348,673500,299,18,33,249,9,-7,0,1,0,0,0,0,0,0,1,0,0,0
1349,674000,282,16,31,232,7,-8,0,1,0,0,0,0,0,0,1,0,0,0
1350,674500,258,18,32,210,9,-7,0,1,0,0,0,0,0,0,1,0,0,0
1351,675000,227,19,33,183,9,-6,0,1,0,0,0,0,0,0,1,0,0,0
1352,675500,190,17,31,151,7,-8,0,1,0,0,0,0,0,0,1,0,0,0
1353,676000,151,18,31,117,8,-7,0,1,0,0,0,0,0,0,1,0,0,0
1354,676500,108,19,31,79,8,-7,0,1,0,0,0,0,0,0,1,0,0,0
1355,677000,64,20,33,39,9,-7,0,1,0,0,0,0,0,0,1,0,0,0
1356,677500,18,19,32,-1,7,-6,0,1,0,0,0,0,0,0,1,0,0,0
1357,678000,-27,21,31,-42,8,-7,0,1,0,0,0,0,0,0,1,0,0,0
1358,678500,-69,19,31,-80,9,-7,0,1,0,0,0,0,0,0,1,0,0,0
1359,679000,-113,20,31,-115,8,-7,0,1,0,0,0,0,0,0,1,0,0,0
1360,679500,-153,19,33,-149,6,-7,0,1,0,0,0,0,0,0,1,0,0,0
1361,680000,-187,19,33,-189,6,-6,0,1,0,0,0,0,0,0,1,0,0,0
1362,680500,-232,19,33,-213,6,-6,0,1,0,0,0,0,0,0,1,0,0,0
1363,681000,-257,19,32,-238,8,-7,0,1,0,0,0,0,0,0,1,0,0,0
1364,681500,-274,21,31,-247,8,-8,0,1,0,0,0,0,0,0,1,0,0,0
1365,682000,-283,19,31,-256,6,-8,0,1,0,0,0,0,0,0,1,0,0,0
1366,682500,-283,19,32,-256,7,-7,0,1,0,0,0,0,0,0,1,0,0,0
1367,683000,-274,21,32,-249,8,-7,0,1,0,0,0,0,0,0,1,0,0,0
1368,683500,-265,21,31,-239,9,-7,0,1,0,0,0,0,0,0,1,0,0,0
1369,684000,-248,19,31,-222,9,-7,0,1,0,0,0,0,0,0,1,0,0,0
1370,684500,-222,20,31,-199,8,-7,0,1,0,0,0,0,0,0,1,0,0,0
1371,685000,-169,22,31,-161,8,-7,0,1,0,0,0,0,0,0,1,0,0,0
1372,685500,-134,19,33,-127,7,-7,0,1,0,0,0,0,0,0,1,0,0,0
1373,686000,-94,19,32,-93,8,-7,0,1,0,0,0,0,0,0,1,0,0,0
1374,686500,-50,18,33,-55,7,-7,0,1,0,0,0,0,0,0,1,0,0,0
1375,687000,-6,19,31,-14,6,-8,0,1,0,0,0,0,0,0,1,0,0,0
1376,687500,42,18,31,26,8,-8,0,1,0,0,0,0,0,0,1,0,0,0
1377,688000,86,18,31,65,6,-7,0,1,0,0,0,0,0,0,1,0,0,0
1378,688500,131,18,31,104,8,-7,0,1,0,0,0,0,0,0,1,0,0,0
1379,689000,171,20,33,139,9,-7,0,1,0,0,0,0,0,0,1,0,0,0
1380,689500,209,17,31,172,7,-7,0,1,0,0,0,0,0,0,1,0,0,0
1381,690000,242,19,33,200,8,-7,0,1,0,0,0,0,0,0,1,0,0,0
1382,690500,268,16,31,225,8,-7,0,1,0,0,0,0,0,0,1,0,0,0
1383,691000,292,17,33,244,9,-6,0,1,0,0,0,0,0,0,1,0,0,0
1384,691500,289,17,32,259,8,-7,0,1,0,0,0,0,0,0,1,0,0,0
1385,692000,297,16,31,266,8,-7,0,1,0,0,0,0,0,0,1,0,0,0
1386,692500,295,15,31,266,6,-8,0,1,0,0,0,0,0,0,1,0,0,0
1387,693000,289,15,31,261,6,-8,0,1,0,0,0,0,0,0,1,0,0,0
1388,693500,298,17,31,249,6,-7,0,1,0,0,0,0,0,0,1,0,0,0
1389,694000,280,17,31,232,6,-7,0,1,0,0,0,0,0,0,1,0,0,0
1390,694500,257,16,31,209,7,-8,0,1,0,0,0,0,0,0,1,0,0,0
1391,695000,227,17,31,182,6,-8,0,1,0,0,0,0,0,0,1,0,0,0
1392,695500,190,18,31,150,6,-8,0,1,0,0,0,0,0,0,1,0,0,0
1393,696000,150,18,31,116,6,-7,0,1,0,0,0,0,0,0,1,0,0,0
1394,696500,106,18,31,78,6,-8,0,1,0,0,0,0,0,0,1,0,0,0
1395,697000,62,19,31,39,6,-7,0,1,0,0,0,0,0,0,1,0,0,0
1396,697500,16,19,33,-2,6,-7,0,1,0,0,0,0,0,0,1,0,0,0
1397,698000,-28,19,31,-42,6,-7,0,1,0,0,0,0,0,0,1,0,0,0
1398,698500,-73,19,32,-80,6,-7,0,1,0,0,0,0,0,0,1,0,0,0
1399,699000,-116,19,33,-117,6,-6,0,1,0,0,0,0,0,0,1,0,0,0
1400,699500,-153,19,31,-149,6,-7,0,1,0,0,0,0,0,0,1,0,0,0
1401,700000,-187,20,31,-179,6,-8,0,1,0,0,0,0,0,0,1,0,0,0
1402,700500,-233,19,30,-214,6,-8,0,1,0,0,0,0,0,0,1,0,0,0
1403,701000,-257,21,30,-238,8,-8,0,1,0,0,0,0,0,0,1,0,0,0
1404,701500,-274,19,32,-248,6,-7,0,1,0,0,0,0,0,0,1,0,0,0
1405,702000,-283,21,31,-256,8,-7,0,1,0,0,0,0,0,0,1,0,0,0
1406,702500,-283,19,33,-256,6,-6,0,1,0,0,0,0,0,0,1,0,0,0
1407,703000,-274,19,31,-249,6,-7,0,1,0,0,0,0,0,0,1,0,0,0
1408,703500,-265,21,31,-239,6,-8,0,1,0,0,0,0,0,0,1,0,0,0
1409,704000,-248,21,31,-222,8,-7,0,1,0,0,0,0,0,0,1,0,0,0
1410,704500,-222,21,31,-198,7,-7,0,1,0,0,0,0,0,0,1,0,0,0
1411,705000,-169,19,31,-161,6,-8,0,1,0,0,0,0,0,0,1,0,0,0
1412,705500,-131,19,31,-127,8,-7,0,1,0,0,0,0,0,0,1,0,0,0
1413,706000,-94,19,31,-92,9,-7,0,1,0,0,0,0,0,0,1,0,0,0
1414,706500,-47,19,32,-55,9,-7,0,1,0,0,0,0,0,0,1,0,0,0
1415,707000,-3,18,31,-14,9,-7,0,1,0,0,0,0,0,0,1,0,0,0
1416,707500,44,21,33,26,9,-7,0,1,0,0,0,0,0,0,1,0,0,0
1417,708000,89,19,31,66,8,-7,0,1,0,0,0,0,0,0,1,0,0,0
1418,708500,131,20,32,104,9,-7,0,1,0,0,0,0,0,0,1,0,0,0
1419,709000,173,18,31,140,8,-7,0,1,0,0,0,0,0,0,1,0,0,0
1420,709500,211,17,31,173,7,-8,0,1,0,0,0,0,0,0,1,0,0,0
1421,710000,243,19,32,201,9,-7,0,1,0,0,0,0,0,0,1,0,0,0
1422,710500,269,16,31,226,7,-7,0,1,0,0,0,0,0,0,1,0,0,0
1423,711000,292,16,31,245,6,-8,0,1,0,0,0,0,0,0,1,0,0,0
1424,711500,307,16,31,258,6,-8,0,1,0,0,0,0,0,0,1,0,0,0
1425,712000,296,16,31,266,8,-7,0,1,0,0,0,0,0,0,1,0,0,0
1426,712500,295,15,31,265,6,-8,0,1,0,0,0,0,0,0,1,0,0,0
1427,713000,289,16,31,261,8,-8,0,1,0,0,0,0,0,0,1,0,0,0
1428,713500,299,16,31,248,6,-8,0,1,0,0,0,0,0,0,1,0,0,0
1429,714000,280,16,31,231,6,-8,0,1,0,0,0,0,0,0,1,0,0,0
1430,714500,254,18,31,209,8,-7,0,1,0,0,0,0,0,0,1,0,0,0
1431,715000,224,16,31,181,7,-7,0,1,0,0,0,0,0,0,1,0,0,0
1432,715500,189,17,31,150,6,-7,0,1,0,0,0,0,0,0,1,0,0,0
1433,716000,149,19,31,116,8,-7,0,1,0,0,0,0,0,0,1,0,0,0
1434,716500,106,18,31,76,6,-8,0,1,0,0,0,0,0,0,1,0,0,0
1435,717000,62,18,30,36,8,-8,0,1,0,0,0,0,0,0,1,0,0,0
1436,717500,14,18,31,-4,6,-8,0,1,0,0,0,0,0,0,1,0,0,0
1437,718000,-30,21,31,-45,8,-7,0,1,0,0,0,0,0,0,1,0,0,0
1438,718500,-73,22,31,-82,8,-7,0,1,0,0,0,0,0,0,1,0,0,0
1439,719000,-116,19,32,-117,8,-7,0,1,0,0,0,0,0,0,1,0,0,0
1440,719500,-153,21,31,-151,8,-7,0,1,0,0,0,0,0,0,1,0,0,0
1441,720000,-187,19,31,-194,7,-8,0,1,0,0,0,0,0,0,1,0,0,0
1442,720500,-235,19,31,-216,8,-7,0,1,0,0,0,0,0,0,1,0,0,0
1443,721000,-257,21,31,-238,9,-7,0,1,0,0,0,0,0,0,1,0,0,0
1444,721500,-274,19,33,-248,7,-7,0,1,0,0,0,0,0,0,1,0,0,0
1445,722000,-283,19,31,-256,6,-8,0,1,0,0,0,0,0,0,1,0,0,0
1446,722500,-283,21,31,-256,6,-8,0,1,0,0,0,0,0,0,1,0,0,0
1447,723000,-274,21,31,-249,6,-8,0,1,0,0,0,0,0,0,1,0,0,0
1448,723500,-265,20,31,-239,6,-8,0,1,0,0,0,0,0,0,1,0,0,0
1449,724000,-248,19,31,-222,8,-7,0,1,0,0,0,0,0,0,1,0,0,0
1450,724500,-222,19,31,-198,9,-7,0,1,0,0,0,0,0,0,1,0,0,0
1451,725000,-169,19,31,-159,9,-8,0,1,0,0,0,0,0,0,1,0,0,0
1452,725500,-132,19,31,-126,8,-8,0,1,0,0,0,0,0,0,1,0,0,0
1453,726000,-92,19,33,-90,6,-7,0,1,0,0,0,0,0,0,1,0,0,0
1454,726500,-47,19,33,-52,6,-6,0,1,0,0,0,0,0,0,1,0,0,0
1455,727000,0,20,32,-14,8,-7,0,1,0,0,0,0,0,0,1,0,0,0
1456,727500,44,19,31,28,8,-7,0,1,0,0,0,0,0,0,1,0,0,0
1457,728000,89,18,31,67,6,-8,0,1,0,0,0,0,0,0,1,0,0,0
1458,728500,134,18,31,106,6,-8,0,1,0,0,0,0,0,0,1,0,0,0
1459,729000,174,18,31,141,6,-8,0,1,0,0,0,0,0,0,1,0,0,0
1460,729500,211,19,32,175,8,-7,0,1,0,0,0,0,0,0,1,0,0,0
1461,730000,242,17,31,203,8,-7,0,1,0,0,0,0,0,0,1,0,0,0
1462,730500,271,19,33,226,9,-7,0,1,0,0,0,0,0,0,1,0,0,0
1463,731000,293,17,32,245,8,-7,0,1,0,0,0,0,0,0,1,0,0,0
1464,731500,289,16,31,260,8,-7,0,1,0,0,0,0,0,0,1,0,0,0
1465,732000,297,17,31,266,8,-7,0,1,0,0,0,0,0,0,1,0,0,0
1466,732500,295,18,33,265,9,-7,0,1,0,0,0,0,0,0,1,0,0,0
1467,733000,289,16,31,260,8,-7,0,1,0,0,0,0,0,0,1,0,0,0
1468,733500,297,17,31,248,8,-7,0,1,0,0,0,0,0,0,1,0,0,0
1469,734000,279,16,31,231,8,-7,0,1,0,0,0,0,0,0,1,0,0,0
1470,734500,255,16,31,208,8,-8,0,1,0,0,0,0,0,0,1,0,0,0
1471,735000,223,18,31,181,8,-7,0,1,0,0,0,0,0,0,1,0,0,0
1472,735500,187,18,30,149,6,-8,0,1,0,0,0,0,0,0,1,0,0,0
1473,736000,147,18,31,114,6,-8,0,1,0,0,0,0,0,0,1,0,0,0
1474,736500,103,18,31,75,6,-8,0,1,0,0,0,0,0,0,1,0,0,0
1475,737000,61,18,31,35,7,-8,0,1,0,0,0,0,0,0,1,0,0,0
1476,737500,12,18,30,-5,6,-8,0,1,0,0,0,0,0,0,1,0,0,0
1477,738000,-31,19,31,-45,8,-7,0,1,0,0,0,0,0,0,1,0,0,0
1478,738500,-75,21,31,-83,8,-7,0,1,0,0,0,0,0,0,1,0,0,0
1479,739000,-116,21,31,-120,8,-7,0,1,0,0,0,0,0,0,1,0,0,0
1480,739500,-156,21,31,-151,8,-8,0,1,0,0,0,0,0,0,1,0,0,0
1481,740000,-187,21,31,-194,9,-7,0,1,0,0,0,0,0,0,1,0,0,0
1482,740500,-239,19,31,-220,9,-7,0,1,0,0,0,0,0,0,1,0,0,0
1483,741000,-257,19,33,-238,8,-6,0,1,0,0,0,0,0,0,1,0,0,0
1484,741500,-274,21,31,-249,8,-7,0,1,0,0,0,0,0,0,1,0,0,0
1485,742000,-283,21,31,-256,8,-7,0,1,0,0,0,0,0,0,1,0,0,0
1486,742500,-283,21,31,-256,8,-7,0,1,0,0,0,0,0,0,1,0,0,0
1487,743000,-274,21,31,-248,6,-8,0,1,0,0,0,0,0,0,1,0,0,0
1488,743500,-265,21,31,-239,8,-7,0,1,0,0,0,0,0,0,1,0,0,0
1489,744000,-242,19,31,-222,7,-8,0,1,0,0,0,0,0,0,1,0,0,0
1490,744500,-218,21,31,-198,8,-8,0,1,0,0,0,0,0,0,1,0,0,0
1491,745000,-169,19,31,-171,7,-8,0,1,0,0,0,0,0,0,1,0,0,0
1492,745500,-131,21,31,-127,8,-8,0,1,0,0,0,0,0,0,1,0,0,0
1493,746000,-91,21,31,-90,8,-7,0,1,0,0,0,0,0,0,1,0,0,0
1494,746500,-44,21,31,-52,8,-7,0,1,0,0,0,0,0,0,1,0,0,0
