1,0,30,21,33,13,9,-6,0,1,0,0,0,0,0,0,0,0,0,0
2,500,30,19,31,12,8,-7,0,1,0,0,0,0,0,0,0,0,0,0
3,1000,30,21,33,12,9,-6,0,1,0,0,0,0,0,0,0,0,0,0
4,1500,28,19,32,13,8,-7,0,1,0,0,0,0,0,0,0,0,0,0
5,2000,30,21,33,12,9,-6,0,1,0,0,0,0,0,0,0,0,0,0
6,2500,28,21,33,12,9,-6,0,1,0,0,0,0,0,0,0,0,0,0
7,3000,28,19,32,13,7,-7,0,1,0,0,0,0,0,0,0,0,0,0
8,3500,28,19,31,13,8,-7,0,1,0,0,0,0,0,0,0,0,0,0
9,4000,30,21,33,12,9,-6,0,1,0,0,0,0,0,0,0,0,0,0
10,4500,30,19,32,12,7,-7,0,1,0,0,0,0,0,0,0,0,0,0
11,5000,30,21,33,12,9,-7,0,1,0,0,0,0,0,0,0,0,0,0
12,5500,28,19,32,13,7,-7,0,1,0,0,0,0,0,0,0,0,0,0
13,6000,28,18,31,12,6,-7,0,1,0,0,0,0,0,0,0,0,0,0
14,6500,28,19,31,13,8,-7,0,1,0,0,0,0,0,0,0,0,0,0
15,7000,30,21,33,12,9,-6,0,1,0,0,0,0,0,0,0,0,0,0
16,7500,30,19,32,12,8,-7,0,1,0,0,0,0,0,0,0,0,0,0
17,8000,28,19,31,13,8,-7,0,1,0,0,0,0,0,0,0,0,0,0
18,8500,33,21,31,13,7,-6,0,1,0,0,0,0,0,0,0,0,0,0
19,9000,31,19,31,12,6,-7,0,1,0,0,0,0,0,0,0,0,0,0
20,9500,28,21,33,12,9,-7,0,1,0,0,0,0,0,0,0,0,0,0
21,10000,28,19,32,13,9,-6,0,1,0,0,0,0,0,0,0,0,0,0
22,10500,28,19,31,13,7,-7,0,1,0,0,0,0,0,0,0,0,0,0
23,11000,30,21,33,12,9,-6,0,1,0,0,0,0,0,0,0,0,0,0
24,11500,28,19,32,13,9,-7,0,1,0,0,0,0,0,0,0,0,0,0
25,12000,28,19,31,13,9,-7,0,1,0,0,0,0,0,0,0,0,0,0
26,12500,28,19,31,13,8,-7,0,1,0,0,0,0,0,0,0,0,0,0
27,13000,28,19,31,12,8,-7,0,1,0,0,0,0,0,0,0,0,0,0
28,13500,28,19,31,13,8,-7,0,1,0,0,0,0,0,0,0,0,0,0
29,14000,28,18,31,12,8,-7,0,1,0,0,0,0,0,0,0,0,0,0
30,14500,30,19,31,12,7,-7,0,1,0,0,0,0,0,0,0,0,0,0
31,15000,28,19,31,13,8,-7,0,1,0,0,0,0,0,0,0,0,0,0
32,15500,28,19,31,12,7,-7,0,1,0,0,0,0,0,0,0,0,0,0
33,16000,28,19,31,13,8,-7,0,1,0,0,0,0,0,0,0,0,0,0
34,16500,28,19,31,13,9,-7,0,1,0,0,0,0,0,0,0,0,0,0
35,17000,31,18,31,12,7,-7,0,1,0,0,0,0,0,0,0,0,0,0
36,17500,28,19,31,13,8,-7,0,1,0,0,0,0,0,0,0,0,0,0
37,18000,30,21,33,12,9,-6,0,1,0,0,0,0,0,0,0,0,0,0
38,18500,31,21,33,12,10,-6,0,1,0,0,0,0,0,0,0,0,0,0
39,19000,28,19,31,13,8,-7,0,1,0,0,0,0,0,0,0,0,0,0
40,19500,28,19,31,13,9,-7,0,1,0,0,0,0,0,0,0,0,0,0
41,20000,30,19,31,12,8,-7,0,1,0,0,0,0,0,0,0,0,0,0
42,20500,30,19,31,12,8,-7,0,1,0,0,0,0,0,0,0,0,0,0
43,21000,28,19,31,13,7,-7,0,1,0,0,0,0,0,0,0,0,0,0
44,21500,28,19,33,13,8,-7,0,1,0,0,0,0,0,0,0,0,0,0
45,22000,30,19,31,12,7,-7,0,1,0,0,0,0,0,0,0,0,0,0
46,22500,30,19,31,12,6,-7,0,1,0,0,0,0,0,0,0,0,0,0
47,23000,30,21,33,12,9,-6,0,1,0,0,0,0,0,0,0,0,0,0
48,23500,30,21,33,12,9,-6,0,1,0,0,0,0,0,0,0,0,0,0
49,24000,28,19,32,13,9,-7,0,1,0,0,0,0,0,0,0,0,0,0
50,24500,30,19,31,12,7,-8,0,1,0,0,0,0,0,0,0,0,0,0
51,25000,28,19,31,13,8,-7,0,1,0,0,0,0,0,0,0,0,0,0
52,25500,31,19,31,12,8,-7,0,1,0,0,0,0,0,0,0,0,0,0
53,26000,30,21,33,12,9,-7,0,1,0,0,0,0,0,0,0,0,0,0
54,26500,30,21,33,12,9,-6,0,1,0,0,0,0,0,0,0,0,0,0
55,27000,31,19,31,12,7,-7,0,1,0,0,0,0,0,0,0,0,0,0
56,27500,30,21,33,12,9,-6,0,1,0,0,0,0,0,0,0,0,0,0
57,28000,28,19,32,13,8,-6,0,1,0,0,0,0,0,0,0,0,0,0
58,28500,28,19,31,13,8,-7,0,1,0,0,0,0,0,0,0,0,0,0
59,29000,28,19,31,13,8,-7,0,1,0,0,0,0,0,0,0,0,0,0
60,29500,28,19,31,13,8,-7,0,1,0,0,0,0,0,0,0,0,0,0
61,30000,31,19,31,12,7,-7,0,1,0,0,0,0,0,0,0,0,0,0
62,30500,28,19,31,13,8,-7,0,1,0,0,0,0,0,0,0,0,0,0
63,31000,30,21,33,12,9,-6,0,1,0,0,0,0,0,0,0,0,0,0
64,31500,29,21,33,12,9,-6,0,1,0,0,0,0,0,0,0,0,0,0
65,32000,30,21,33,12,9,-6,0,1,0,0,0,0,0,0,0,0,0,0
66,32500,30,21,33,12,9,-6,0,1,0,0,0,0,0,0,0,0,0,0
67,33000,30,21,33,12,9,-6,0,1,0,0,0,0,0,0,0,0,0,0
68,33500,28,19,31,12,8,-7,0,1,0,0,0,0,0,0,0,0,0,0
69,34000,30,21,33,12,9,-7,0,1,0,0,0,0,0,0,0,0,0,0
70,34500,28,19,32,12,7,-7,0,1,0,0,0,0,0,0,0,0,0,0
71,35000,30,19,31,12,6,-8,0,1,0,0,0,0,0,0,0,0,0,0
72,35500,28,19,31,12,6,-7,0,1,0,0,0,0,0,0,0,0,0,0
73,36000,31,19,31,12,6,-7,0,1,0,0,0,0,0,0,0,0,0,0
74,36500,28,19,31,13,6,-7,0,1,0,0,0,0,0,0,0,0,0,0
75,37000,28,19,31,13,6,-7,0,1,0,0,0,0,0,0,0,0,0,0
76,37500,28,19,31,13,9,-7,0,1,0,0,0,0,0,0,0,0,0,0
77,38000,30,19,31,12,7,-7,0,1,0,0,0,0,0,0,0,0,0,0
78,38500,28,19,31,13,8,-7,0,1,0,0,0,0,0,0,0,0,0,0
79,39000,30,21,33,12,9,-6,0,1,0,0,0,0,0,0,0,0,0,0
80,39500,28,19,31,12,8,-7,0,1,0,0,0,0,0,0,0,0,0,0
81,40000,30,19,31,12,7,-7,0,1,0,0,0,0,0,0,0,0,0,0
82,40500,28,19,31,13,8,-7,0,1,0,0,0,0,0,0,0,0,0,0
83,41000,28,18,31,12,7,-7,0,1,0,0,0,0,0,0,0,0,0,0
84,41500,30,19,31,13,8,-7,0,1,0,0,0,0,0,0,0,0,0,0
85,42000,28,19,31,13,8,-7,0,1,0,0,0,0,0,0,0,0,0,0
86,42500,30,19,31,12,7,-8,0,1,0,0,0,0,0,0,0,0,0,0
87,43000,30,21,33,12,9,-7,0,1,0,0,0,0,0,0,0,0,0,0
88,43500,28,19,32,13,8,-7,0,1,0,0,0,0,0,0,0,0,0,0
89,44000,28,19,31,12,7,-8,0,1,0,0,0,0,0,0,0,0,0,0
90,44500,28,19,31,13,8,-7,0,1,0,0,0,0,0,0,0,0,0,0
91,45000,28,21,33,12,9,-6,0,1,0,0,0,0,0,0,0,0,0,0
92,45500,28,19,32,13,9,-7,0,1,0,0,0,0,0,0,0,0,0,0
93,46000,30,21,33,12,9,-6,0,1,0,0,0,0,0,0,0,0,0,0
94,46500,30,19,31,12,7,-7,0,1,0,0,0,0,0,0,0,0,0,0
95,47000,30,21,33,12,9,-6,0,1,0,0,0,0,0,0,0,0,0,0
96,47500,27,19,32,13,8,-7,0,1,0,0,0,0,0,0,0,0,0,0
97,48000,30,19,31,12,7,-7,0,1,0,0,0,0,0,0,0,0,0,0
98,48500,28,19,31,13,8,-7,0,1,0,0,0,0,0,0,0,0,0,0
99,49000,28,19,31,12,8,-7,0,1,0,0,0,0,0,0,0,0,0,0
100,49500,28,20,31,13,9,-7,0,1,0,0,0,0,0,0,0,0,0,0
101,50000,30,19,31,13,9,-7,0,1,0,0,0,0,0,0,0,0,0,0
102,50500,56,19,31,24,7,-7,0,1,0,0,0,0,0,0,0,0,0,0
103,51000,123,18,31,52,6,-7,0,1,0,0,0,0,0,0,0,0,0,0
104,51500,206,19,31,83,8,-7,0,1,0,0,0,0,0,0,0,0,0,0
105,52000,279,19,31,110,8,-7,0,1,0,0,0,0,0,0,0,0,0,0
106,52500,329,18,31,136,8,-7,0,1,0,0,0,0,0,0,0,0,0,0
107,53000,388,18,31,158,8,-7,0,1,0,0,0,0,0,0,0,0,0,0
108,53500,436,18,31,176,7,-7,0,1,0,0,0,0,0,0,0,0,0,0
109,54000,476,19,31,191,8,-7,0,1,0,0,0,0,0,0,0,0,0,0
110,54500,500,19,33,198,9,-6,0,1,0,0,0,0,0,0,0,0,0,0
111,55000,513,17,31,202,7,-7,0,1,0,0,0,0,0,0,0,0,0,0
112,55500,512,16,31,201,6,-7,0,1,0,0,0,0,0,0,0,0,0,0
113,56000,497,19,33,195,9,-6,0,1,0,0,0,0,0,0,0,0,0,0
114,56500,471,18,31,183,7,-7,0,1,0,0,0,0,0,0,0,0,0,0
115,57000,433,19,32,167,9,-6,0,1,0,0,0,0,0,0,0,0,0,0
116,57500,382,19,32,147,9,-6,0,1,0,0,0,0,0,0,0,0,0,0
117,58000,322,19,31,123,9,-7,0,1,0,0,0,0,0,0,0,0,0,0
118,58500,274,19,31,94,9,-7,0,1,0,0,0,0,0,0,0,0,0,0
119,59000,197,19,31,64,8,-7,0,1,0,0,0,0,0,0,0,0,0,0
120,59500,116,19,31,33,9,-7,0,1,0,0,0,0,0,0,0,0,0,0
121,60000,33,21,31,1,9,-7,0,1,0,0,0,0,0,0,0,0,0,0
122,60500,-50,21,31,-33,9,-7,0,1,0,0,0,0,0,0,0,0,0,0
123,61000,-134,21,31,-62,8,-7,0,1,0,0,0,0,0,0,0,0,0,0
124,61500,-235,19,33,-93,8,-6,0,1,0,0,0,0,0,0,0,0,0,0
125,62000,-309,19,33,-121,7,-6,0,1,0,0,0,0,0,0,0,0,0,0
126,62500,-372,21,31,-145,8,-7,0,1,0,0,0,0,0,0,0,0,0,0
127,63000,-431,22,31,-167,9,-7,0,1,0,0,0,0,0,0,0,0,0,0
128,63500,-482,21,31,-196,8,-7,0,1,0,0,0,0,0,0,0,0,0,0
129,64000,-517,22,31,-212,9,-7,0,1,0,0,0,0,0,0,0,0,0,0
130,64500,-543,19,31,-221,7,-8,0,1,0,0,0,0,0,0,0,0,0,0
131,65000,-556,19,33,-221,8,-6,0,1,0,0,0,0,0,0,0,0,1,0
132,65500,-551,20,32,-221,8,-7,0,1,0,0,0,0,0,0,0,0,1,0
133,66000,-536,19,31,-213,9,-7,0,1,0,0,0,0,0,0,0,0,1,0
134,66500,-508,19,33,-198,9,-7,0,1,0,0,0,0,0,0,0,0,1,0
135,67000,-465,21,31,-180,8,-7,0,1,0,0,0,0,0,0,0,0,1,0
136,67500,-413,21,31,-145,8,-7,0,1,0,0,0,0,0,0,0,0,1,0
137,68000,-348,22,31,-119,9,-7,0,1,0,0,0,0,0,0,0,0,1,0
138,68500,-277,19,31,-91,8,-8,0,1,0,0,0,0,0,0,0,0,1,0
139,69000,-200,19,31,-63,9,-7,0,1,0,0,0,0,0,0,0,0,1,0
140,69500,-100,20,31,-29,9,-7,0,1,0,0,0,0,0,0,0,0,1,0
141,70000,-17,19,31,3,8,-7,0,1,0,0,0,0,0,0,0,0,1,0
142,70500,68,19,31,35,8,-7,0,1,0,0,0,0,0,0,0,0,1,0
143,71000,152,19,33,67,9,-7,0,1,0,0,0,0,0,0,0,0,1,0
144,71500,230,18,31,95,7,-7,0,1,0,0,0,0,0,0,0,0,1,0
145,72000,302,19,31,123,8,-7,0,1,0,0,0,0,0,0,0,0,1,0
146,72500,349,19,33,148,9,-6,0,1,0,0,0,0,0,0,0,0,1,0
147,73000,402,19,34,169,9,-6,0,1,0,0,0,0,0,0,0,0,1,0
148,73500,450,18,32,185,8,-7,0,1,0,0,0,0,0,0,0,0,1,0
149,74000,485,16,31,196,7,-7,0,1,0,0,0,0,0,0,0,0,1,0
150,74500,511,17,31,204,6,-8,0,1,0,0,0,0,0,0,0,0,1,0
151,75000,523,18,31,208,8,-7,0,1,0,0,0,0,0,0,0,0,1,0
152,75500,521,16,31,207,7,-7,0,1,0,0,0,0,0,0,0,0,1,0
153,76000,505,17,31,200,8,-8,0,1,0,0,0,0,0,0,0,0,1,0
154,76500,479,18,31,188,7,-8,0,1,0,0,0,0,0,0,0,0,1,0
155,77000,436,19,31,172,8,-8,0,1,0,0,0,0,0,0,0,0,1,0
156,77500,387,19,31,151,8,-7,0,1,0,0,0,0,0,0,0,0,1,0
157,78000,328,18,31,126,7,-7,0,1,0,0,0,0,0,0,0,0,1,0
158,78500,277,19,31,98,8,-7,0,1,0,0,0,0,0,0,0,0,1,0
159,79000,201,19,31,68,9,-7,0,1,0,0,0,0,0,0,0,0,0,0
160,79500,119,19,31,36,8,-7,0,1,0,0,0,0,0,0,0,0,0,0
161,80000,38,19,31,4,8,-7,0,1,0,0,0,0,0,0,0,0,0,0
162,80500,-47,19,31,-28,9,-7,0,1,0,0,0,0,0,0,0,0,0,0
163,81000,-131,21,31,-58,8,-7,0,1,0,0,0,0,0,0,0,0,0,0
164,81500,-231,21,31,-90,9,-7,0,1,0,0,0,0,0,0,0,0,0,0
165,82000,-302,21,31,-117,8,-7,0,1,0,0,0,0,0,0,0,0,0,0
166,82500,-369,19,31,-142,7,-7,0,1,0,0,0,0,0,0,0,0,0,0
167,83000,-430,19,33,-164,6,-7,0,1,0,0,0,0,0,0,0,0,0,0
168,83500,-474,19,31,-194,8,-7,0,1,0,0,0,0,0,0,0,0,0,0
169,84000,-517,21,31,-206,9,-7,0,1,0,0,0,0,0,0,0,0,0,0
170,84500,-534,19,31,-214,9,-7,0,1,0,0,0,0,0,0,0,0,0,0
171,85000,-551,21,31,-216,8,-7,0,1,0,0,0,0,0,0,0,0,0,0
172,85500,-547,19,31,-213,9,-7,0,1,0,0,0,0,0,0,0,0,0,0
173,86000,-530,19,31,-205,9,-7,0,1,0,0,0,0,0,0,0,0,0,0
174,86500,-499,19,33,-190,7,-6,0,1,0,0,0,0,0,0,1,0,0,0
175,87000,-456,22,32,-161,8,-6,0,1,0,0,0,0,0,0,1,0,0,0
176,87500,-404,25,31,-140,9,-7,0,1,0,0,0,0,0,0,1,0,0,0
177,88000,-344,21,33,-116,9,-6,0,1,0,0,0,0,0,0,1,0,0,0
178,88500,-274,22,32,-88,9,-7,0,1,0,0,0,0,0,0,1,0,0,0
179,89000,-196,19,31,-57,8,-7,0,1,0,0,0,0,0,0,1,0,0,0
180,89500,-92,21,31,-26,9,-7,0,1,0,0,0,0,0,0,1,0,0,0
181,90000,-9,19,31,7,9,-6,0,1,0,0,0,0,0,0,1,0,0,0
182,90500,77,21,33,39,10,-6,0,1,0,0,0,0,0,0,1,0,0,0
183,91000,159,19,32,73,9,-6,0,1,0,0,0,0,0,0,1,0,0,0
184,91500,239,19,31,102,9,-7,0,1,0,0,0,0,0,0,1,0,0,0
185,92000,310,18,31,128,8,-7,0,1,0,0,0,0,0,0,1,0,0,0
186,92500,358,19,33,154,9,-6,0,1,0,0,0,0,0,0,1,0,0,0
187,93000,415,19,32,176,8,-7,0,1,0,0,0,0,0,0,1,0,0,0
188,93500,459,18,31,192,8,-7,0,1,0,0,0,0,0,0,1,0,0,0
189,94000,492,17,31,203,8,-7,0,1,0,0,0,0,0,0,1,0,0,0
190,94500,514,16,31,208,8,-8,0,1,0,0,0,0,0,0,1,0,0,0
191,95000,526,16,31,211,8,-7,0,1,0,0,0,0,0,0,1,0,0,0
192,95500,526,17,31,209,7,-7,0,1,0,0,0,0,0,0,1,0,0,0
193,96000,510,16,31,202,8,-7,0,1,0,0,0,0,0,0,1,0,0,0
194,96500,482,17,31,190,8,-7,0,1,0,0,0,0,0,0,1,0,0,0
195,97000,442,18,31,174,7,-7,0,1,0,0,0,0,0,0,1,0,0,0
196,97500,391,18,31,153,6,-7,0,1,0,0,0,0,0,0,1,0,0,0
197,98000,329,18,31,129,6,-7,0,1,0,0,0,0,0,0,1,0,0,0
198,98500,279,19,31,100,9,-6,0,1,0,0,0,0,0,0,1,0,0,0
199,99000,203,19,31,70,9,-6,0,1,0,0,0,0,0,0,1,0,0,0
200,99500,124,21,33,39,9,-6,0,1,0,0,0,0,0,0,1,0,0,0
201,100000,38,19,32,7,9,-7,0,1,0,0,0,0,0,0,1,0,0,0
202,100500,-47,21,31,-24,8,-7,0,1,0,0,0,0,0,0,1,0,0,0
203,101000,-129,21,31,-58,9,-7,0,1,0,0,0,0,0,0,1,0,0,0
204,101500,-231,19,33,-89,8,-6,0,1,0,0,0,0,0,0,1,0,0,0
205,102000,-300,21,31,-114,8,-7,0,1,0,0,0,0,0,0,1,0,0,0
206,102500,-369,19,33,-139,8,-6,0,1,0,0,0,0,0,0,1,0,0,0
207,103000,-424,21,32,-161,9,-7,0,1,0,0,0,0,0,0,1,0,0,0
208,103500,-473,22,31,-180,9,-7,0,1,0,0,0,0,0,0,1,0,0,0
209,104000,-508,19,31,-203,8,-7,0,1,0,0,0,0,0,0,1,0,0,0
210,104500,-534,21,31,-212,8,-8,0,1,0,0,0,0,0,0,1,0,0,0
211,105000,-543,21,31,-213,9,-8,0,1,0,0,0,0,0,0,1,0,0,0
212,105500,-543,22,31,-208,9,-7,0,1,0,0,0,0,0,0,1,0,0,0
213,106000,-525,19,31,-199,8,-7,0,1,0,0,0,0,0,0,1,0,0,0
214,106500,-491,19,33,-187,8,-6,0,1,0,0,0,0,0,0,1,0,0,0
215,107000,-447,21,31,-157,8,-7,0,1,0,0,0,0,0,0,1,0,0,0
216,107500,-396,22,31,-138,8,-7,0,1,0,0,0,0,0,0,1,0,0,0
217,108000,-335,21,31,-110,8,-7,0,1,0,0,0,0,0,0,1,0,0,0
218,108500,-265,19,31,-83,9,-7,0,1,0,0,0,0,0,0,1,0,0,0
219,109000,-170,19,33,-52,7,-6,0,1,0,0,0,0,0,0,1,0,0,0
220,109500,-86,21,32,-21,9,-6,0,1,0,0,0,0,0,0,1,0,0,0
221,110000,-1,21,33,11,9,-6,0,1,0,0,0,0,0,0,1,0,0,0
222,110500,83,19,31,44,7,-7,0,1,0,0,0,0,0,0,1,0,0,0
223,111000,165,19,31,76,8,-7,0,1,0,0,0,0,0,0,1,0,0,0
224,111500,245,19,31,105,9,-7,0,1,0,0,0,0,0,0,1,0,0,0
225,112000,317,18,31,131,8,-7,0,1,0,0,0,0,0,0,1,0,0,0
226,112500,364,19,31,158,9,-6,0,1,0,0,0,0,0,0,1,0,0,0
227,113000,419,18,31,179,8,-7,0,1,0,0,0,0,0,0,1,0,0,0
228,113500,466,18,31,194,7,-7,0,1,0,0,0,0,0,0,1,0,0,0
229,114000,497,17,31,207,8,-7,0,1,0,0,0,0,0,0,1,0,0,0
230,114500,520,16,31,213,8,-7,0,1,0,0,0,0,0,0,1,0,0,0
231,115000,530,19,33,214,9,-6,0,1,0,0,0,0,0,0,1,0,0,0
232,115500,529,16,31,211,8,-8,0,1,0,0,0,0,0,0,1,0,0,0
233,116000,513,17,31,203,8,-8,0,1,0,0,0,0,0,0,1,0,0,0
234,116500,486,18,31,192,8,-7,0,1,0,0,0,0,0,0,1,0,0,0
235,117000,445,16,31,175,7,-7,0,1,0,0,0,0,0,0,1,0,0,0
236,117500,392,18,31,155,8,-7,0,1,0,0,0,0,0,0,1,0,0,0
237,118000,331,18,31,129,8,-7,0,1,0,0,0,0,0,0,1,0,0,0
238,118500,282,18,31,100,7,-8,0,1,0,0,0,0,0,0,1,0,0,0
239,119000,206,18,31,70,6,-7,0,1,0,0,0,0,0,0,1,0,0,0
240,119500,124,21,33,39,9,-6,0,1,0,0,0,0,0,0,1,0,0,0
241,120000,40,19,32,8,9,-6,0,1,0,0,0,0,0,0,1,0,0,0
242,120500,-44,21,31,-26,9,-7,0,1,0,0,0,0,0,0,1,0,0,0
243,121000,-128,19,31,-56,8,-7,0,1,0,0,0,0,0,0,1,0,0,0
244,121500,-231,20,31,-86,8,-7,0,1,0,0,0,0,0,0,1,0,0,0
245,122000,-300,19,33,-114,7,-7,0,1,0,0,0,0,0,0,1,0,0,0
246,122500,-369,19,32,-139,9,-7,0,1,0,0,0,0,0,0,1,0,0,0
247,123000,-426,19,31,-161,9,-7,0,1,0,0,0,0,0,0,1,0,0,0
248,123500,-473,19,31,-177,9,-7,0,1,0,0,0,0,0,0,1,0,0,0
249,124000,-508,19,33,-203,7,-6,0,1,0,0,0,0,0,0,1,0,0,0
250,124500,-534,19,33,-212,6,-6,0,1,0,0,0,0,0,0,1,0,0,0
251,125000,-543,21,32,-213,9,-7,0,1,0,0,0,0,0,0,1,0,0,0
252,125500,-534,19,31,-206,9,-7,0,1,0,0,0,0,0,0,1,0,0,0
253,126000,-517,21,31,-198,9,-7,0,1,0,0,0,0,0,0,1,0,0,0
254,126500,-486,19,33,-172,7,-6,0,1,0,0,0,0,0,0,1,0,0,0
255,127000,-447,19,32,-156,9,-7,0,1,0,0,0,0,0,0,1,0,0,0
256,127500,-396,19,31,-135,9,-7,0,1,0,0,0,0,0,0,1,0,0,0
257,128000,-328,19,31,-110,9,-6,0,1,0,0,0,0,0,0,1,0,0,0
258,128500,-259,21,31,-82,9,-7,0,1,0,0,0,0,0,0,1,0,0,0
259,129000,-163,21,31,-51,8,-7,0,1,0,0,0,0,0,0,1,0,0,0
260,129500,-79,19,31,-20,9,-7,0,1,0,0,0,0,0,0,1,0,0,0
261,130000,3,19,30,14,8,-7,0,1,0,0,0,0,0,0,1,0,0,0
262,130500,88,21,32,46,9,-6,0,1,0,0,0,0,0,0,1,0,0,0
263,131000,170,19,31,77,8,-7,0,1,0,0,0,0,0,0,1,0,0,0
264,131500,249,18,31,106,7,-7,0,1,0,0,0,0,0,0,1,0,0,0
265,132000,302,18,31,135,6,-8,0,1,0,0,0,0,0,0,1,0,0,0
266,132500,367,18,31,159,6,-8,0,1,0,0,0,0,0,0,1,0,0,0
267,133000,423,19,32,180,9,-7,0,1,0,0,0,0,0,0,1,0,0,0
268,133500,471,19,32,197,9,-7,0,1,0,0,0,0,0,0,1,0,0,0
269,134000,503,16,31,208,7,-7,0,1,0,0,0,0,0,0,1,0,0,0
270,134500,523,16,31,214,6,-7,0,1,0,0,0,0,0,0,1,0,0,0
271,135000,531,16,31,215,6,-7,0,1,0,0,0,0,0,0,1,0,0,0
272,135500,530,19,33,211,9,-7,0,1,0,0,0,0,0,0,1,0,0,0
273,136000,514,19,34,204,9,-6,0,1,0,0,0,0,0,0,1,0,0,0
274,136500,487,17,32,192,8,-7,0,1,0,0,0,0,0,0,1,0,0,0
275,137000,445,19,31,177,9,-7,0,1,0,0,0,0,0,0,1,0,0,0
276,137500,393,19,31,155,9,-7,0,1,0,0,0,0,0,0,1,0,0,0
277,138000,331,19,33,130,9,-6,0,1,0,0,0,0,0,0,1,0,0,0
278,138500,281,19,32,101,8,-7,0,1,0,0,0,0,0,0,1,0,0,0
279,139000,205,19,31,71,8,-7,0,1,0,0,0,0,0,0,1,0,0,0
280,139500,124,19,31,39,7,-7,0,1,0,0,0,0,0,0,1,0,0,0
281,140000,39,21,31,6,9,-7,0,1,0,0,0,0,0,0,1,0,0,0
282,140500,-44,19,31,-26,9,-7,0,1,0,0,0,0,0,0,1,0,0,0
283,141000,-130,19,33,-56,7,-7,0,1,0,0,0,0,0,0,1,0,0,0
284,141500,-231,21,32,-87,9,-7,0,1,0,0,0,0,0,0,1,0,0,0
285,142000,-300,21,31,-114,9,-7,0,1,0,0,0,0,0,0,1,0,0,0
286,142500,-369,21,31,-139,8,-7,0,1,0,0,0,0,0,0,1,0,0,0
287,143000,-422,19,33,-161,7,-7,0,1,0,0,0,0,0,0,1,0,0,0
288,143500,-473,21,31,-187,8,-8,0,1,0,0,0,0,0,0,1,0,0,0
289,144000,-508,19,31,-203,9,-7,0,1,0,0,0,0,0,0,1,0,0,0
290,144500,-534,19,31,-208,9,-7,0,1,0,0,0,0,0,0,1,0,0,0
291,145000,-537,19,31,-213,7,-7,0,1,0,0,0,0,0,0,1,0,0,0
292,145500,-534,19,31,-204,6,-8,0,1,0,0,0,0,0,0,1,0,0,0
293,146000,-517,21,31,-196,9,-7,0,1,0,0,0,0,0,0,1,0,0,0
294,146500,-482,19,31,-172,9,-7,0,1,0,0,0,0,0,0,1,0,0,0
295,147000,-443,19,31,-156,9,-7,0,1,0,0,0,0,0,0,1,0,0,0
296,147500,-391,19,31,-133,9,-7,0,1,0,0,0,0,0,0,1,0,0,0
297,148000,-326,19,33,-108,7,-6,0,1,0,0,0,0,0,0,1,0,0,0
298,148500,-257,22,32,-82,8,-7,0,1,0,0,0,0,0,0,1,0,0,0
299,149000,-158,19,31,-50,9,-7,0,1,0,0,0,0,0,0,1,0,0,0
300,149500,-78,19,33,-17,7,-6,0,1,0,0,0,0,0,0,1,0,0,0
301,150000,8,19,32,16,8,-7,0,1,0,0,0,0,0,0,1,0,0,0
302,150500,92,19,31,48,8,-7,0,1,0,0,0,0,0,0,1,0,0,0
303,151000,177,19,31,78,7,-8,0,1,0,0,0,0,0,0,1,0,0,0
304,151500,253,19,31,108,8,-7,0,1,0,0,0,0,0,0,1,0,0,0
305,152000,306,20,33,136,9,-6,0,1,0,0,0,0,0,0,1,0,0,0
306,152500,371,18,31,161,7,-8,0,1,0,0,0,0,0,0,1,0,0,0
307,153000,428,19,31,182,8,-7,0,1,0,0,0,0,0,0,1,0,0,0
308,153500,474,19,33,198,9,-6,0,1,0,0,0,0,0,0,1,0,0,0
309,154000,505,19,33,208,9,-6,0,1,0,0,0,0,0,0,1,0,0,0
310,154500,528,18,32,216,9,-7,0,1,0,0,0,0,0,0,1,0,0,0
311,155000,536,18,31,217,8,-7,0,1,0,0,0,0,0,0,1,0,0,0
312,155500,531,16,31,212,8,-7,0,1,0,0,0,0,0,0,1,0,0,0
313,156000,514,18,31,204,8,-7,0,1,0,0,0,0,0,0,1,0,0,0
314,156500,487,17,31,192,8,-7,0,1,0,0,0,0,0,0,1,0,0,0
315,157000,445,18,31,175,7,-8,0,1,0,0,0,0,0,0,1,0,0,0
316,157500,392,19,31,155,8,-7,0,1,0,0,0,0,0,0,1,0,0,0
317,158000,331,20,33,129,9,-6,0,1,0,0,0,0,0,0,1,0,0,0
318,158500,280,19,32,100,8,-6,0,1,0,0,0,0,0,0,1,0,0,0
319,159000,203,19,31,70,8,-7,0,1,0,0,0,0,0,0,1,0,0,0
320,159500,121,19,31,39,8,-7,0,1,0,0,0,0,0,0,1,0,0,0
321,160000,37,19,31,6,8,-7,0,1,0,0,0,0,0,0,1,0,0,0
322,160500,-45,19,31,-26,9,-7,0,1,0,0,0,0,0,0,1,0,0,0
323,161000,-130,22,31,-58,8,-7,0,1,0,0,0,0,0,0,1,0,0,0
324,161500,-231,22,31,-89,8,-7,0,1,0,0,0,0,0,0,1,0,0,0
325,162000,-301,19,31,-115,7,-7,0,1,0,0,0,0,0,0,1,0,0,0
326,162500,-369,19,31,-140,9,-7,0,1,0,0,0,0,0,0,1,0,0,0
327,163000,-426,19,31,-161,9,-7,0,1,0,0,0,0,0,0,1,0,0,0
328,163500,-473,19,33,-188,7,-6,0,1,0,0,0,0,0,0,1,0,0,0
329,164000,-508,19,31,-203,8,-7,0,1,0,0,0,0,0,0,1,0,0,0
330,164500,-526,19,31,-208,7,-7,0,1,0,0,0,0,0,0,1,0,0,0
331,165000,-534,21,31,-208,9,-7,0,1,0,0,0,0,0,0,1,0,0,0
332,165500,-530,19,33,-204,7,-7,0,1,0,0,0,0,0,0,1,0,0,0
333,166000,-508,19,32,-196,9,-6,0,1,0,0,0,0,0,0,1,0,0,0
334,166500,-482,21,31,-183,8,-7,0,1,0,0,0,0,0,0,1,0,0,0
335,167000,-439,22,31,-155,9,-7,0,1,0,0,0,0,0,0,1,0,0,0
336,167500,-387,19,31,-132,7,-8,0,1,0,0,0,0,0,0,1,0,0,0
337,168000,-326,19,33,-107,8,-7,0,1,0,0,0,0,0,0,1,0,0,0
338,168500,-252,19,34,-79,8,-7,0,1,0,0,0,0,0,0,1,0,0,0
339,169000,-154,21,32,-48,9,-8,0,1,0,0,0,0,0,0,1,0,0,0
340,169500,-73,19,33,-17,8,-7,0,1,0,0,0,0,0,0,1,0,0,0
341,170000,13,19,31,16,7,-7,0,1,0,0,0,0,0,0,1,0,0,0
342,170500,97,19,31,49,8,-7,0,1,0,0,0,0,0,0,1,0,0,0
343,171000,179,19,31,80,8,-7,0,1,0,0,0,0,0,0,1,0,0,0
344,171500,258,20,33,108,9,-6,0,1,0,0,0,0,0,0,1,0,0,0
345,172000,310,19,32,138,8,-7,0,1,0,0,0,0,0,0,1,0,0,0
346,172500,376,19,31,162,8,-7,0,1,0,0,0,0,0,0,1,0,0,0
347,173000,431,18,31,183,8,-7,0,1,0,0,0,0,0,0,1,0,0,0
348,173500,476,18,31,199,9,-7,0,1,0,0,0,0,0,0,1,0,0,0
349,174000,510,18,31,211,9,-7,0,1,0,0,0,0,0,0,1,0,0,0
350,174500,531,16,31,216,7,-7,0,1,0,0,0,0,0,0,1,0,0,0
351,175000,538,18,31,217,8,-7,0,1,0,0,0,0,0,0,1,0,0,0
352,175500,531,16,31,213,7,-7,0,1,0,0,0,0,0,0,1,0,0,0
353,176000,514,17,31,204,8,-8,0,1,0,0,0,0,0,0,1,0,0,0
354,176500,487,16,31,192,7,-8,0,1,0,0,0,0,0,0,1,0,0,0
355,177000,445,18,31,175,6,-8,0,1,0,0,0,0,0,0,1,0,0,0
356,177500,392,19,33,154,9,-6,0,1,0,0,0,0,0,0,1,0,0,0
357,178000,330,18,31,129,7,-7,0,1,0,0,0,0,0,0,1,0,0,0
358,178500,278,18,31,100,6,-7,0,1,0,0,0,0,0,0,1,0,0,0
359,179000,203,19,31,69,6,-7,0,1,0,0,0,0,0,0,1,0,0,0
360,179500,121,19,32,38,8,-6,0,1,0,0,0,0,0,0,1,0,0,0
361,180000,36,19,32,6,8,-7,0,1,0,0,0,0,0,0,1,0,0,0
362,180500,-50,19,33,-26,7,-6,0,1,0,0,0,0,0,0,1,0,0,0
363,181000,-133,19,33,-58,8,-6,0,1,0,0,0,0,0,0,1,0,0,0
364,181500,-231,19,31,-87,7,-7,0,1,0,0,0,0,0,0,1,0,0,0
365,182000,-304,19,31,-117,9,-7,0,1,0,0,0,0,0,0,1,0,0,0
366,182500,-369,22,31,-141,8,-7,0,1,0,0,0,0,0,0,1,0,0,0
367,183000,-426,19,31,-161,9,-7,0,1,0,0,0,0,0,0,1,0,0,0
368,183500,-473,21,31,-189,9,-7,0,1,0,0,0,0,0,0,1,0,0,0
369,184000,-503,22,31,-203,8,-7,0,1,0,0,0,0,0,0,1,0,0,0
370,184500,-530,19,31,-207,9,-7,0,1,0,0,0,0,0,0,1,0,0,0
371,185000,-534,19,31,-206,8,-8,0,1,0,0,0,0,0,0,1,0,0,0
372,185500,-525,20,31,-204,8,-8,0,1,0,0,0,0,0,0,1,0,0,0
373,186000,-508,19,33,-196,8,-7,0,1,0,0,0,0,0,0,1,0,0,0
374,186500,-482,21,32,-183,9,-7,0,1,0,0,0,0,0,0,1,0,0,0
375,187000,-439,19,31,-154,9,-7,0,1,0,0,0,0,0,0,1,0,0,0
376,187500,-387,19,33,-132,8,-6,0,1,0,0,0,0,0,0,1,0,0,0
377,188000,-322,19,32,-107,9,-7,0,1,0,0,0,0,0,0,1,0,0,0
378,188500,-248,21,31,-76,8,-7,0,1,0,0,0,0,0,0,1,0,0,0
379,189000,-150,19,31,-46,9,-7,0,1,0,0,0,0,0,0,1,0,0,0
380,189500,-67,19,31,-14,9,-7,0,1,0,0,0,0,0,0,1,0,0,0
381,190000,16,21,33,17,9,-7,0,1,0,0,0,0,0,0,1,0,0,0
382,190500,100,19,32,50,8,-7,0,1,0,0,0,0,0,0,1,0,0,0
383,191000,183,19,31,81,7,-7,0,1,0,0,0,0,0,0,1,0,0,0
384,191500,260,20,33,110,9,-6,0,1,0,0,0,0,0,0,1,0,0,0
385,192000,314,18,31,138,7,-7,0,1,0,0,0,0,0,0,1,0,0,0
386,192500,378,19,33,163,9,-7,0,1,0,0,0,0,0,0,1,0,0,0
387,193000,434,16,31,183,7,-7,0,1,0,0,0,0,0,0,1,0,0,0
388,193500,479,16,31,199,8,-8,0,1,0,0,0,0,0,0,1,0,0,0
389,194000,512,16,31,210,7,-8,0,1,0,0,0,0,0,0,1,0,0,0
390,194500,531,16,31,216,6,-8,0,1,0,0,0,0,0,0,1,0,0,0
391,195000,539,17,31,218,8,-8,0,1,0,0,0,0,0,0,1,0,0,0
392,195500,531,18,33,214,9,-7,0,1,0,0,0,0,0,0,1,0,0,0
393,196000,517,19,32,205,8,-7,0,1,0,0,0,0,0,0,1,0,0,0
394,196500,487,17,31,192,8,-8,0,1,0,0,0,0,0,0,1,0,0,0
395,197000,445,18,31,175,7,-8,0,1,0,0,0,0,0,0,1,0,0,0
396,197500,391,19,31,155,8,-7,0,1,0,0,0,0,0,0,1,0,0,0
397,198000,329,18,31,129,8,-7,0,1,0,0,0,0,0,0,1,0,0,0
398,198500,278,20,32,98,9,-6,0,1,0,0,0,0,0,0,1,0,0,0
399,199000,200,19,32,68,9,-7,0,1,0,0,0,0,0,0,1,0,0,0
400,199500,119,19,31,38,8,-7,0,1,0,0,0,0,0,0,1,0,0,0
401,200000,35,21,31,5,9,-7,0,1,0,0,0,0,0,0,1,0,0,0
402,200500,-50,19,31,-29,9,-7,0,1,0,0,0,0,0,0,1,0,0,0
403,201000,-132,19,31,-59,7,-7,0,1,0,0,0,0,0,0,1,0,0,0
404,201500,-231,19,33,-89,6,-7,0,1,0,0,0,0,0,0,1,0,0,0
405,202000,-302,21,32,-115,8,-7,0,1,0,0,0,0,0,0,1,0,0,0
406,202500,-369,19,31,-139,7,-8,0,1,0,0,0,0,0,0,1,0,0,0
407,203000,-426,22,31,-161,8,-7,0,1,0,0,0,0,0,0,1,0,0,0
408,203500,-473,21,31,-188,8,-7,0,1,0,0,0,0,0,0,1,0,0,0
409,204000,-508,20,31,-203,8,-7,0,1,0,0,0,0,0,0,1,0,0,0
410,204500,-525,21,31,-207,8,-7,0,1,0,0,0,0,0,0,1,0,0,0
411,205000,-534,19,31,-206,9,-7,0,1,0,0,0,0,0,0,1,0,0,0
412,205500,-525,19,31,-204,9,-7,0,1,0,0,0,0,0,0,1,0,0,0
413,206000,-508,19,31,-196,7,-7,0,1,0,0,0,0,0,0,1,0,0,0
414,206500,-475,21,31,-182,8,-7,0,1,0,0,0,0,0,0,1,0,0,0
415,207000,-433,22,31,-154,9,-7,0,1,0,0,0,0,0,0,1,0,0,0
416,207500,-379,19,31,-129,7,-8,0,1,0,0,0,0,0,0,1,0,0,0
417,208000,-317,19,33,-105,8,-6,0,1,0,0,0,0,0,0,1,0,0,0
418,208500,-244,19,33,-76,8,-6,0,1,0,0,0,0,0,0,1,0,0,0
419,209000,-148,19,31,-45,8,-7,0,1,0,0,0,0,0,0,1,0,0,0
420,209500,-65,21,31,-14,8,-7,0,1,0,0,0,0,0,0,1,0,0,0
421,210000,19,19,31,19,7,-8,0,1,0,0,0,0,0,0,1,0,0,0
422,210500,105,18,31,51,8,-8,0,1,0,0,0,0,0,0,1,0,0,0
423,211000,186,19,31,83,7,-7,0,1,0,0,0,0,0,0,1,0,0,0
424,211500,264,21,33,111,9,-6,0,1,0,0,0,0,0,0,1,0,0,0
425,212000,315,19,33,139,9,-6,0,1,0,0,0,0,0,0,1,0,0,0
426,212500,381,18,32,163,7,-7,0,1,0,0,0,0,0,0,1,0,0,0
427,213000,436,17,31,184,8,-7,0,1,0,0,0,0,0,0,1,0,0,0
428,213500,479,19,33,200,9,-7,0,1,0,0,0,0,0,0,1,0,0,0
429,214000,514,18,32,211,9,-7,0,1,0,0,0,0,0,0,1,0,0,0
430,214500,534,18,31,218,9,-6,0,1,0,0,0,0,0,0,1,0,0,0
431,215000,540,17,31,218,7,-7,0,1,0,0,0,0,0,0,1,0,0,0
432,215500,535,18,31,214,8,-7,0,1,0,0,0,0,0,0,1,0,0,0
433,216000,514,17,31,204,7,-7,0,1,0,0,0,0,0,0,1,0,0,0
434,216500,486,19,33,191,9,-7,0,1,0,0,0,0,0,0,1,0,0,0
435,217000,444,18,32,175,8,-7,0,1,0,0,0,0,0,0,1,0,0,0
436,217500,391,18,31,153,7,-7,0,1,0,0,0,0,0,0,1,0,0,0
437,218000,327,18,31,128,6,-7,0,1,0,0,0,0,0,0,1,0,0,0
438,218500,275,19,31,98,8,-7,0,1,0,0,0,0,0,0,1,0,0,0
439,219000,199,18,31,67,7,-8,0,1,0,0,0,0,0,0,1,0,0,0
440,219500,117,19,31,36,8,-8,0,1,0,0,0,0,0,0,1,0,0,0
441,220000,36,19,31,4,8,-7,0,1,0,0,0,0,0,0,1,0,0,0
442,220500,-53,19,31,-28,7,-7,0,1,0,0,0,0,0,0,1,0,0,0
443,221000,-136,19,31,-59,6,-8,0,1,0,0,0,0,0,0,1,0,0,0
444,221500,-231,21,31,-89,8,-7,0,1,0,0,0,0,0,0,1,0,0,0
445,222000,-304,21,31,-117,9,-7,0,1,0,0,0,0,0,0,1,0,0,0
446,222500,-369,22,31,-142,9,-7,0,1,0,0,0,0,0,0,1,0,0,0
447,223000,-430,19,31,-161,9,-7,0,1,0,0,0,0,0,0,1,0,0,0
448,223500,-473,19,31,-190,7,-7,0,1,0,0,0,0,0,0,1,0,0,0
449,224000,-508,19,31,-204,6,-7,0,1,0,0,0,0,0,0,1,0,0,0
450,224500,-525,22,31,-207,8,-7,0,1,0,0,0,0,0,0,1,0,0,0
451,225000,-534,19,33,-206,7,-7,0,1,0,0,0,0,0,0,1,0,0,0
452,225500,-525,21,32,-204,8,-7,0,1,0,0,0,0,0,0,1,0,0,0
453,226000,-503,19,31,-196,9,-7,0,1,0,0,0,0,0,0,1,0,0,0
454,226500,-478,22,31,-181,9,-7,0,1,0,0,0,0,0,0,1,0,0,0
455,227000,-430,19,31,-154,9,-7,0,1,0,0,0,0,0,0,1,0,0,0
456,227500,-378,21,31,-132,8,-7,0,1,0,0,0,0,0,0,1,0,0,0
457,228000,-317,19,33,-104,7,-6,0,1,0,0,0,0,0,0,1,0,0,0
458,228500,-242,20,31,-74,6,-7,0,1,0,0,0,0,0,0,1,0,0,0
459,229000,-145,19,31,-45,6,-7,0,1,0,0,0,0,0,0,1,0,0,0
460,229500,-63,19,33,-12,8,-7,0,1,0,0,0,0,0,0,1,0,0,0
461,230000,22,21,33,20,9,-6,0,1,0,0,0,0,0,0,1,0,0,0
462,230500,106,19,32,53,9,-7,0,1,0,0,0,0,0,0,1,0,0,0
463,231000,189,21,33,83,9,-7,0,1,0,0,0,0,0,0,1,0,0,0
464,231500,266,19,32,113,9,-7,0,1,0,0,0,0,0,0,1,0,0,0
465,232000,319,19,31,141,8,-7,0,1,0,0,0,0,0,0,1,0,0,0
466,232500,384,18,31,164,7,-7,0,1,0,0,0,0,0,0,1,0,0,0
467,233000,436,16,31,185,8,-7,0,1,0,0,0,0,0,0,1,0,0,0
468,233500,483,17,31,200,8,-7,0,1,0,0,0,0,0,0,1,0,0,0
469,234000,514,16,31,211,8,-7,0,1,0,0,0,0,0,0,1,0,0,0
470,234500,535,16,31,217,7,-7,0,1,0,0,0,0,0,0,1,0,0,0
471,235000,540,16,31,218,8,-7,0,1,0,0,0,0,0,0,1,0,0,0
472,235500,535,16,31,214,7,-7,0,1,0,0,0,0,0,0,1,0,0,0
473,236000,516,19,33,204,9,-7,0,1,0,0,0,0,0,0,1,0,0,0
474,236500,486,18,32,191,7,-7,0,1,0,0,0,0,0,0,1,0,0,0
475,237000,443,18,31,174,6,-8,0,1,0,0,0,0,0,0,1,0,0,0
476,237500,389,18,31,153,8,-7,0,1,0,0,0,0,0,0,1,0,0,0
477,238000,324,18,31,127,8,-7,0,1,0,0,0,0,0,0,1,0,0,0
478,238500,274,19,31,98,9,-7,0,1,0,0,0,0,0,0,1,0,0,0
479,239000,197,21,33,66,9,-6,0,1,0,0,0,0,0,0,1,0,0,0
480,239500,115,19,32,36,8,-7,0,1,0,0,0,0,0,0,1,0,0,0
481,240000,30,19,31,4,8,-7,0,1,0,0,0,0,0,0,1,0,0,0
482,240500,-56,19,33,-29,7,-7,0,1,0,0,0,0,0,0,1,0,0,0
483,241000,-136,19,32,-61,8,-7,0,1,0,0,0,0,0,0,1,0,0,0
484,241500,-235,19,31,-92,9,-7,0,1,0,0,0,0,0,0,1,0,0,0
485,242000,-309,19,33,-117,7,-7,0,1,0,0,0,0,0,0,1,0,0,0
486,242500,-370,19,31,-142,6,-8,0,1,0,0,0,0,0,0,1,0,0,0
487,243000,-430,21,30,-161,8,-7,0,1,0,0,0,0,0,0,1,0,0,0
488,243500,-473,21,31,-189,8,-7,0,1,0,0,0,0,0,0,1,0,0,0
489,244000,-503,19,31,-203,9,-7,0,1,0,0,0,0,0,0,1,0,0,0
490,244500,-525,19,33,-206,7,-7,0,1,0,0,0,0,0,0,1,0,0,0
491,245000,-526,21,31,-206,8,-7,0,1,0,0,0,0,0,0,1,0,0,0
492,245500,-525,21,31,-204,8,-7,0,1,0,0,0,0,0,0,1,0,0,0
493,246000,-508,19,32,-196,8,-6,0,1,0,0,0,0,0,0,1,0,0,0
494,246500,-473,19,33,-181,7,-6,0,1,0,0,0,0,0,0,1,0,0,0
495,247000,-430,20,31,-151,6,-7,0,1,0,0,0,0,0,0,1,0,0,0
496,247500,-378,19,31,-129,9,-7,0,1,0,0,0,0,0,0,1,0,0,0
497,248000,-309,19,31,-104,7,-8,0,1,0,0,0,0,0,0,1,0,0,0
498,248500,-239,19,31,-76,9,-7,0,1,0,0,0,0,0,0,1,0,0,0
499,249000,-142,21,31,-45,9,-7,0,1,0,0,0,0,0,0,1,0,0,0
500,249500,-59,19,33,-11,7,-6,0,1,0,0,0,0,0,0,1,0,0,0
501,250000,25,21,33,21,9,-6,0,1,0,0,0,0,0,0,1,0,0,0
502,250500,109,19,31,53,7,-7,0,1,0,0,0,0,0,0,1,0,0,0
503,251000,191,19,31,85,8,-7,0,1,0,0,0,0,0,0,1,0,0,0
504,251500,270,18,31,113,7,-8,0,1,0,0,0,0,0,0,1,0,0,0
505,252000,322,19,31,142,8,-6,0,1,0,0,0,0,0,0,1,0,0,0
506,252500,384,18,31,166,7,-7,0,1,0,0,0,0,0,0,1,0,0,0
507,253000,441,19,31,186,9,-7,0,1,0,0,0,0,0,0,1,0,0,0
508,253500,485,18,31,201,9,-7,0,1,0,0,0,0,0,0,1,0,0,0
509,254000,518,19,33,211,9,-6,0,1,0,0,0,0,0,0,1,0,0,0
510,254500,536,18,32,218,9,-7,0,1,0,0,0,0,0,0,1,0,0,0
511,255000,540,18,31,220,8,-7,0,1,0,0,0,0,0,0,1,0,0,0
512,255500,535,18,31,214,9,-7,0,1,0,0,0,0,0,0,1,0,0,0
513,256000,514,16,31,204,8,-7,0,1,0,0,0,0,0,0,1,0,0,0
514,256500,486,17,31,191,8,-8,0,1,0,0,0,0,0,0,1,0,0,0
515,257000,441,19,31,174,9,-7,0,1,0,0,0,0,0,0,1,0,0,0
516,257500,384,18,31,151,8,-7,0,1,0,0,0,0,0,0,1,0,0,0
517,258000,324,20,33,126,9,-6,0,1,0,0,0,0,0,0,1,0,0,0
518,258500,272,19,32,97,8,-7,0,1,0,0,0,0,0,0,1,0,0,0
519,259000,195,21,33,66,9,-7,0,1,0,0,0,0,0,0,1,0,0,0
520,259500,112,19,32,34,8,-7,0,1,0,0,0,0,0,0,1,0,0,0
521,260000,30,19,33,2,7,-7,0,1,0,0,0,0,0,0,1,0,0,0
522,260500,-56,19,33,-30,6,-6,0,1,0,0,0,0,0,0,1,0,0,0
523,261000,-137,19,32,-61,9,-6,0,1,0,0,0,0,0,0,1,0,0,0
524,261500,-239,19,31,-92,8,-7,0,1,0,0,0,0,0,0,1,0,0,0
525,262000,-309,21,31,-117,8,-7,0,1,0,0,0,0,0,0,1,0,0,0
526,262500,-372,21,31,-142,7,-7,0,1,0,0,0,0,0,0,1,0,0,0
527,263000,-430,20,31,-161,6,-7,0,1,0,0,0,0,0,0,1,0,0,0
528,263500,-473,21,31,-189,9,-7,0,1,0,0,0,0,0,0,1,0,0,0
529,264000,-508,19,33,-203,7,-6,0,1,0,0,0,0,0,0,1,0,0,0
530,264500,-525,21,31,-207,8,-7,0,1,0,0,0,0,0,0,1,0,0,0
531,265000,-527,19,31,-206,7,-7,0,1,0,0,0,0,0,0,1,0,0,0
532,265500,-525,21,31,-204,8,-7,0,1,0,0,0,0,0,0,1,0,0,0
533,266000,-503,19,31,-196,9,-7,0,1,0,0,0,0,0,0,1,0,0,0
534,266500,-473,19,33,-180,8,-6,0,1,0,0,0,0,0,0,1,0,0,0
535,267000,-430,20,31,-151,7,-7,0,1,0,0,0,0,0,0,1,0,0,0
536,267500,-374,22,31,-129,8,-7,0,1,0,0,0,0,0,0,1,0,0,0
537,268000,-309,22,31,-104,9,-7,0,1,0,0,0,0,0,0,1,0,0,0
538,268500,-239,19,31,-74,9,-7,0,1,0,0,0,0,0,0,1,0,0,0
539,269000,-140,19,33,-42,8,-6,0,1,0,0,0,0,0,0,1,0,0,0
540,269500,-56,19,33,-11,8,-6,0,1,0,0,0,0,0,0,1,0,0,0
541,270000,28,18,31,23,7,-7,0,1,0,0,0,0,0,0,1,0,0,0
542,270500,113,19,31,55,6,-7,0,1,0,0,0,0,0,0,1,0,0,0
543,271000,196,19,31,86,8,-7,0,1,0,0,0,0,0,0,1,0,0,0
544,271500,272,19,31,114,8,-7,0,1,0,0,0,0,0,0,1,0,0,0
545,272000,324,18,31,142,8,-7,0,1,0,0,0,0,0,0,1,0,0,0
546,272500,389,18,31,166,7,-8,0,1,0,0,0,0,0,0,1,0,0,0
547,273000,443,16,31,186,6,-8,0,1,0,0,0,0,0,0,1,0,0,0
548,273500,486,16,31,201,6,-8,0,1,0,0,0,0,0,0,1,0,0,0
549,274000,519,18,31,213,8,-7,0,1,0,0,0,0,0,0,1,0,0,0
550,274500,537,16,31,218,8,-7,0,1,0,0,0,0,0,0,1,0,0,0
551,275000,540,16,31,218,9,-7,0,1,0,0,0,0,0,0,1,0,0,0
552,275500,535,19,33,214,9,-6,0,1,0,0,0,0,0,0,1,0,0,0
553,276000,514,16,31,204,7,-7,0,1,0,0,0,0,0,0,1,0,0,0
554,276500,484,18,31,191,8,-7,0,1,0,0,0,0,0,0,1,0,0,0
555,277000,441,18,31,173,7,-7,0,1,0,0,0,0,0,0,1,0,0,0
556,277500,384,18,31,151,6,-8,0,1,0,0,0,0,0,0,1,0,0,0
557,278000,323,18,31,126,6,-8,0,1,0,0,0,0,0,0,1,0,0,0
558,278500,271,19,31,96,8,-8,0,1,0,0,0,0,0,0,1,0,0,0
559,279000,193,20,33,64,9,-7,0,1,0,0,0,0,0,0,1,0,0,0
560,279500,111,19,32,34,9,-6,0,1,0,0,0,0,0,0,1,0,0,0
561,280000,27,19,31,2,9,-6,0,1,0,0,0,0,0,0,1,0,0,0
562,280500,-59,19,31,-31,7,-7,0,1,0,0,0,0,0,0,1,0,0,0
563,281000,-140,19,31,-61,6,-8,0,1,0,0,0,0,0,0,1,0,0,0
564,281500,-239,19,31,-92,6,-8,0,1,0,0,0,0,0,0,1,0,0,0
565,282000,-309,19,33,-118,6,-6,0,1,0,0,0,0,0,0,1,0,0,0
566,282500,-374,19,32,-143,9,-7,0,1,0,0,0,0,0,0,1,0,0,0
567,283000,-430,21,31,-161,8,-8,0,1,0,0,0,0,0,0,1,0,0,0
568,283500,-473,21,31,-194,8,-8,0,1,0,0,0,0,0,0,1,0,0,0
569,284000,-508,19,31,-204,7,-8,0,1,0,0,0,0,0,0,1,0,0,0
570,284500,-525,21,31,-207,8,-8,0,1,0,0,0,0,0,0,1,0,0,0
571,285000,-526,20,31,-206,7,-8,0,1,0,0,0,0,0,0,1,0,0,0
572,285500,-525,19,31,-204,6,-8,0,1,0,0,0,0,0,0,1,0,0,0
573,286000,-501,19,31,-196,9,-7,0,1,0,0,0,0,0,0,1,0,0,0
574,286500,-473,21,31,-181,8,-7,0,1,0,0,0,0,0,0,1,0,0,0
575,287000,-426,21,31,-151,8,-7,0,1,0,0,0,0,0,0,1,0,0,0
576,287500,-374,22,31,-129,9,-7,0,1,0,0,0,0,0,0,1,0,0,0
577,288000,-309,19,33,-101,8,-6,0,1,0,0,0,0,0,0,1,0,0,0
578,288500,-235,19,32,-73,9,-6,0,1,0,0,0,0,0,0,1,0,0,0
579,289000,-137,19,31,-40,7,-7,0,1,0,0,0,0,0,0,1,0,0,0
580,289500,-53,20,31,-8,8,-8,0,1,0,0,0,0,0,0,1,0,0,0
581,290000,31,19,31,24,8,-8,0,1,0,0,0,0,0,0,1,0,0,0
582,290500,117,18,31,55,8,-7,0,1,0,0,0,0,0,0,1,0,0,0
583,291000,199,18,31,86,7,-7,0,1,0,0,0,0,0,0,1,0,0,0
584,291500,275,20,33,114,8,-6,0,1,0,0,0,0,0,0,1,0,0,0
585,292000,324,19,31,143,7,-7,0,1,0,0,0,0,0,0,1,0,0,0
586,292500,389,17,31,167,8,-7,0,1,0,0,0,0,0,0,1,0,0,0
587,293000,444,17,31,186,7,-7,0,1,0,0,0,0,0,0,1,0,0,0
588,293500,488,16,31,201,6,-8,0,1,0,0,0,0,0,0,1,0,0,0
589,294000,519,16,31,213,6,-7,0,1,0,0,0,0,0,0,1,0,0,0
590,294500,538,17,31,218,8,-7,0,1,0,0,0,0,0,0,1,0,0,0
591,295000,543,19,33,218,9,-6,0,1,0,0,0,0,0,0,1,0,0,0
592,295500,535,16,31,213,8,-7,0,1,0,0,0,0,0,0,1,0,0,0
593,296000,514,17,31,204,7,-7,0,1,0,0,0,0,0,0,1,0,0,0
594,296500,484,17,31,190,8,-7,0,1,0,0,0,0,0,0,1,0,0,0
595,297000,440,19,33,172,9,-7,0,1,0,0,0,0,0,0,1,0,0,0
596,297500,384,19,33,151,10,-6,0,1,0,0,0,0,0,0,1,0,0,0
597,298000,322,19,32,125,8,-7,0,1,0,0,0,0,0,0,1,0,0,0
598,298500,269,20,33,95,9,-7,0,1,0,0,0,0,0,0,1,0,0,0
599,299000,191,21,34,64,10,-7,0,1,0,0,0,0,0,0,1,0,0,0
600,299500,108,18,31,33,7,-8,0,1,0,0,0,0,0,0,1,0,0,0
601,300000,25,19,31,1,8,-7,0,1,0,0,0,0,0,0,1,0,0,0
602,300500,-60,20,31,-31,8,-7,0,1,0,0,0,0,0,0,1,0,0,0
603,301000,-144,19,33,-64,7,-7,0,1,0,0,0,0,0,0,1,0,0,0
604,301500,-240,19,32,-93,6,-7,0,1,0,0,0,0,0,0,1,0,0,0
605,302000,-311,21,31,-118,8,-7,0,1,0,0,0,0,0,0,1,0,0,0
606,302500,-378,19,31,-143,9,-7,0,1,0,0,0,0,0,0,1,0,0,0
607,303000,-430,19,31,-164,7,-8,0,1,0,0,0,0,0,0,1,0,0,0
608,303500,-474,19,33,-180,6,-7,0,1,0,0,0,0,0,0,1,0,0,0
609,304000,-508,22,32,-203,9,-7,0,1,0,0,0,0,0,0,1,0,0,0
610,304500,-525,21,31,-206,8,-7,0,1,0,0,0,0,0,0,1,0,0,0
611,305000,-530,19,31,-206,9,-7,0,1,0,0,0,0,0,0,1,0,0,0
612,305500,-525,21,31,-204,9,-7,0,1,0,0,0,0,0,0,1,0,0,0
613,306000,-500,22,31,-196,9,-7,0,1,0,0,0,0,0,0,1,0,0,0
614,306500,-467,19,31,-169,9,-6,0,1,0,0,0,0,0,0,1,0,0,0
615,307000,-423,21,31,-147,8,-8,0,1,0,0,0,0,0,0,1,0,0,0
616,307500,-369,19,32,-126,8,-7,0,1,0,0,0,0,0,0,1,0,0,0
617,308000,-304,21,31,-101,8,-7,0,1,0,0,0,0,0,0,1,0,0,0
618,308500,-231,21,31,-73,9,-7,0,1,0,0,0,0,0,0,1,0,0,0
619,309000,-134,21,31,-42,9,-7,0,1,0,0,0,0,0,0,1,0,0,0
620,309500,-50,22,31,-8,8,-7,0,1,0,0,0,0,0,0,1,0,0,0
621,310000,34,19,31,24,7,-7,0,1,0,0,0,0,0,0,1,0,0,0
622,310500,118,18,31,57,6,-7,0,1,0,0,0,0,0,0,1,0,0,0
623,311000,200,19,31,88,9,-7,0,1,0,0,0,0,0,0,1,0,0,0
624,311500,277,21,33,114,9,-6,0,1,0,0,0,0,0,0,1,0,0,0
625,312000,329,19,32,144,9,-7,0,1,0,0,0,0,0,0,1,0,0,0
626,312500,391,19,33,167,9,-7,0,1,0,0,0,0,0,0,1,0,0,0
627,313000,445,17,32,187,8,-7,0,1,0,0,0,0,0,0,1,0,0,0
628,313500,488,18,31,203,8,-7,0,1,0,0,0,0,0,0,1,0,0,0
629,314000,520,17,31,213,8,-7,0,1,0,0,0,0,0,0,1,0,0,0
630,314500,538,16,31,218,7,-7,0,1,0,0,0,0,0,0,1,0,0,0
631,315000,543,17,31,218,8,-7,0,1,0,0,0,0,0,0,1,0,0,0
632,315500,534,16,31,214,8,-7,0,1,0,0,0,0,0,0,1,0,0,0
633,316000,514,18,31,205,9,-7,0,1,0,0,0,0,0,0,1,0,0,0
634,316500,479,19,31,191,9,-7,0,1,0,0,0,0,0,0,1,0,0,0
635,317000,436,19,31,172,8,-6,0,1,0,0,0,0,0,0,1,0,0,0
636,317500,384,18,31,150,8,-7,0,1,0,0,0,0,0,0,1,0,0,0
637,318000,319,18,31,125,8,-7,0,1,0,0,0,0,0,0,1,0,0,0
638,318500,266,18,31,94,7,-8,0,1,0,0,0,0,0,0,1,0,0,0
639,319000,188,18,31,63,6,-8,0,1,0,0,0,0,0,0,1,0,0,0
640,319500,106,20,33,31,9,-7,0,1,0,0,0,0,0,0,1,0,0,0
641,320000,20,19,31,-1,9,-7,0,1,0,0,0,0,0,0,1,0,0,0
642,320500,-63,21,31,-33,8,-7,0,1,0,0,0,0,0,0,1,0,0,0
643,321000,-145,19,31,-64,7,-7,0,1,0,0,0,0,0,0,1,0,0,0
644,321500,-242,19,31,-94,6,-7,0,1,0,0,0,0,0,0,1,0,0,0
645,322000,-317,21,31,-120,8,-7,0,1,0,0,0,0,0,0,1,0,0,0
646,322500,-378,21,31,-144,7,-8,0,1,0,0,0,0,0,0,1,0,0,0
647,323000,-431,21,31,-164,8,-8,0,1,0,0,0,0,0,0,1,0,0,0
648,323500,-478,19,33,-194,7,-7,0,1,0,0,0,0,0,0,1,0,0,0
649,324000,-508,19,33,-204,6,-6,0,1,0,0,0,0,0,0,1,0,0,0
650,324500,-525,19,31,-207,6,-7,0,1,0,0,0,0,0,0,1,0,0,0
651,325000,-526,19,33,-205,6,-7,0,1,0,0,0,0,0,0,1,0,0,0
652,325500,-521,21,32,-204,8,-7,0,1,0,0,0,0,0,0,1,0,0,0
653,326000,-499,19,31,-196,9,-7,0,1,0,0,0,0,0,0,1,0,0,0
654,326500,-466,21,31,-166,8,-7,0,1,0,0,0,0,0,0,1,0,0,0
655,327000,-421,19,31,-150,9,-7,0,1,0,0,0,0,0,0,1,0,0,0
656,327500,-369,21,31,-125,9,-7,0,1,0,0,0,0,0,0,1,0,0,0
657,328000,-301,21,31,-99,7,-8,0,1,0,0,0,0,0,0,1,0,0,0
658,328500,-231,19,33,-71,6,-7,0,1,0,0,0,0,0,0,1,0,0,0
659,329000,-131,19,32,-40,9,-7,0,1,0,0,0,0,0,0,1,0,0,0
660,329500,-48,19,31,-7,7,-8,0,1,0,0,0,0,0,0,1,0,0,0
661,330000,37,19,31,26,8,-7,0,1,0,0,0,0,0,0,1,0,0,0
662,330500,120,19,31,57,7,-7,0,1,0,0,0,0,0,0,1,0,0,0
663,331000,202,19,31,89,8,-7,0,1,0,0,0,0,0,0,1,0,0,0
664,331500,279,19,31,117,9,-7,0,1,0,0,0,0,0,0,1,0,0,0
665,332000,330,19,31,145,8,-6,0,1,0,0,0,0,0,0,1,0,0,0
666,332500,393,18,31,167,7,-7,0,1,0,0,0,0,0,0,1,0,0,0
667,333000,448,19,31,188,9,-7,0,1,0,0,0,0,0,0,1,0,0,0
668,333500,488,16,31,202,8,-7,0,1,0,0,0,0,0,0,1,0,0,0
669,334000,520,17,31,213,8,-7,0,1,0,0,0,0,0,0,1,0,0,0
670,334500,539,18,33,220,9,-7,0,1,0,0,0,0,0,0,1,0,0,0
671,335000,543,17,32,218,8,-7,0,1,0,0,0,0,0,0,1,0,0,0
672,335500,531,19,33,212,9,-6,0,1,0,0,0,0,0,0,1,0,0,0
673,336000,514,18,32,203,8,-7,0,1,0,0,0,0,0,0,1,0,0,0
674,336500,479,18,31,190,8,-7,0,1,0,0,0,0,0,0,1,0,0,0
675,337000,436,17,31,172,7,-8,0,1,0,0,0,0,0,0,1,0,0,0
676,337500,381,18,31,150,6,-8,0,1,0,0,0,0,0,0,1,0,0,0
677,338000,315,18,31,123,6,-7,0,1,0,0,0,0,0,0,1,0,0,0
678,338500,265,20,33,92,8,-7,0,1,0,0,0,0,0,0,1,0,0,0
679,339000,187,18,31,62,7,-7,0,1,0,0,0,0,0,0,1,0,0,0
680,339500,104,19,31,30,6,-8,0,1,0,0,0,0,0,0,1,0,0,0
681,340000,19,19,31,-2,8,-7,0,1,0,0,0,0,0,0,1,0,0,0
682,340500,-66,19,31,-33,8,-8,0,1,0,0,0,0,0,0,1,0,0,0
683,341000,-150,19,33,-65,8,-7,0,1,0,0,0,0,0,0,1,0,0,0
684,341500,-248,19,31,-95,7,-8,0,1,0,0,0,0,0,0,1,0,0,0
685,342000,-317,21,31,-120,6,-7,0,1,0,0,0,0,0,0,1,0,0,0
686,342500,-378,19,31,-145,8,-7,0,1,0,0,0,0,0,0,1,0,0,0
687,343000,-433,21,31,-164,8,-7,0,1,0,0,0,0,0,0,1,0,0,0
688,343500,-475,19,31,-194,7,-8,0,1,0,0,0,0,0,0,1,0,0,0
689,344000,-508,21,31,-204,8,-7,0,1,0,0,0,0,0,0,1,0,0,0
690,344500,-525,19,30,-206,7,-8,0,1,0,0,0,0,0,0,1,0,0,0
691,345000,-525,19,31,-206,6,-8,0,1,0,0,0,0,0,0,1,0,0,0
692,345500,-521,21,31,-204,8,-7,0,1,0,0,0,0,0,0,1,0,0,0
693,346000,-499,19,31,-196,9,-8,0,1,0,0,0,0,0,0,1,0,0,0
694,346500,-465,21,31,-166,8,-7,0,1,0,0,0,0,0,0,1,0,0,0
695,347000,-421,20,31,-147,8,-7,0,1,0,0,0,0,0,0,1,0,0,0
696,347500,-364,19,31,-125,9,-7,0,1,0,0,0,0,0,0,1,0,0,0
697,348000,-300,19,33,-99,7,-6,0,1,0,0,0,0,0,0,1,0,0,0
698,348500,-225,22,32,-71,8,-7,0,1,0,0,0,0,0,0,1,0,0,0
699,349000,-129,21,31,-39,8,-7,0,1,0,0,0,0,0,0,1,0,0,0
700,349500,-44,21,31,-6,8,-7,0,1,0,0,0,0,0,0,1,0,0,0
701,350000,39,19,31,27,7,-7,0,1,0,0,0,0,0,0,1,0,0,0
702,350500,122,19,31,58,8,-7,0,1,0,0,0,0,0,0,1,0,0,0
703,351000,205,19,31,89,8,-7,0,1,0,0,0,0,0,0,1,0,0,0
704,351500,282,18,31,117,7,-7,0,1,0,0,0,0,0,0,1,0,0,0
705,352000,332,18,31,145,8,-7,0,1,0,0,0,0,0,0,1,0,0,0
706,352500,396,19,31,169,9,-6,0,1,0,0,0,0,0,0,1,0,0,0
707,353000,449,19,31,188,9,-7,0,1,0,0,0,0,0,0,1,0,0,0
708,353500,491,18,31,203,8,-7,0,1,0,0,0,0,0,0,1,0,0,0
709,354000,521,18,31,214,8,-7,0,1,0,0,0,0,0,0,1,0,0,0
710,354500,539,16,31,218,7,-7,0,1,0,0,0,0,0,0,1,0,0,0
711,355000,543,16,31,218,8,-8,0,1,0,0,0,0,0,0,1,0,0,0
712,355500,531,18,33,212,9,-7,0,1,0,0,0,0,0,0,1,0,0,0
713,356000,514,16,31,203,7,-7,0,1,0,0,0,0,0,0,1,0,0,0
714,356500,479,19,33,189,9,-7,0,1,0,0,0,0,0,0,1,0,0,0
715,357000,436,18,32,172,8,-6,0,1,0,0,0,0,0,0,1,0,0,0
716,357500,381,18,31,149,7,-8,0,1,0,0,0,0,0,0,1,0,0,0
717,358000,314,18,31,122,8,-7,0,1,0,0,0,0,0,0,1,0,0,0
718,358500,262,20,33,92,9,-7,0,1,0,0,0,0,0,0,1,0,0,0
719,359000,184,19,32,62,8,-7,0,1,0,0,0,0,0,0,1,0,0,0
720,359500,100,19,31,30,9,-7,0,1,0,0,0,0,0,0,1,0,0,0
721,360000,16,19,31,-3,8,-8,0,1,0,0,0,0,0,0,1,0,0,0
722,360500,-69,19,31,-36,7,-7,0,1,0,0,0,0,0,0,1,0,0,0
723,361000,-150,19,31,-67,9,-7,0,1,0,0,0,0,0,0,1,0,0,0
724,361500,-248,19,31,-96,4,-7,0,1,0,0,0,0,0,0,1,0,0,0
725,362000,-317,19,36,-121,6,-8,0,1,0,0,0,0,0,0,1,0,0,0
726,362500,-382,19,34,-145,6,-9,0,1,0,0,0,0,0,0,1,0,0,0
727,363000,-434,19,33,-159,6,-7,0,1,0,0,0,0,0,0,1,0,0,0
728,363500,-482,19,31,-194,6,-8,0,1,0,0,0,0,0,0,1,0,0,0
729,364000,-508,21,31,-204,6,-8,0,1,0,0,0,0,0,0,1,0,0,0
730,364500,-525,19,31,-207,8,-8,0,1,0,0,0,0,0,0,1,0,0,0
731,365000,-530,21,31,-206,9,-7,0,1,0,0,0,0,0,0,1,0,0,0
732,365500,-521,19,33,-204,7,-6,0,1,0,0,0,0,0,0,1,0,0,0
733,366000,-499,21,32,-196,8,-7,0,1,0,0,0,0,0,0,1,0,0,0
734,366500,-465,21,31,-179,9,-7,0,1,0,0,0,0,0,0,1,0,0,0
735,367000,-421,22,31,-148,8,-7,0,1,0,0,0,0,0,0,1,0,0,0
736,367500,-362,19,31,-123,7,-7,0,1,0,0,0,0,0,0,1,0,0,0
737,368000,-300,20,31,-97,8,-8,0,1,0,0,0,0,0,0,1,0,0,0
738,368500,-223,19,33,-70,7,-7,0,1,0,0,0,0,0,0,1,0,0,0
739,369000,-126,19,32,-37,8,-7,0,1,0,0,0,0,0,0,1,0,0,0
740,369500,-42,21,31,-5,9,-7,0,1,0,0,0,0,0,0,1,0,0,0
741,370000,43,21,38,27,9,-6,0,1,0,0,0,0,0,0,1,0,0,0
742,370500,127,21,34,58,10,-6,0,1,0,0,0,0,0,0,1,0,0,0
743,371000,208,21,33,83,9,-6,0,1,0,0,0,0,0,0,1,0,0,0
744,371500,284,24,31,117,8,-7,0,1,0,0,0,0,0,0,1,0,0,0
745,372000,336,19,33,145,6,-6,0,1,0,0,0,0,0,0,1,0,0,0
746,372500,397,19,32,169,8,-7,0,1,0,0,0,0,0,0,1,0,0,0
747,373000,450,18,31,189,9,-8,0,1,0,0,0,0,0,0,1,0,0,0
748,373500,493,17,31,201,8,-7,0,1,0,0,0,0,0,0,1,0,0,0
749,374000,522,16,31,213,8,-7,0,1,0,0,0,0,0,0,1,0,0,0
750,374500,540,18,31,220,8,-7,0,1,0,0,0,0,0,0,1,0,0,0
751,375000,542,18,31,218,7,-7,0,1,0,0,0,0,0,0,1,0,0,0
752,375500,531,16,31,212,6,-7,0,1,0,0,0,0,0,0,1,0,0,0
753,376000,513,17,31,203,8,-7,0,1,0,0,0,0,0,0,1,0,0,0
754,376500,479,18,31,189,7,-7,0,1,0,0,0,0,0,0,1,0,0,0
755,377000,434,18,31,170,6,-8,0,1,0,0,0,0,0,0,1,0,0,0
756,377500,376,18,31,147,8,-7,0,1,0,0,0,0,0,0,1,0,0,0
757,378000,313,19,31,123,9,-6,0,1,0,0,0,0,0,0,1,0,0,0
758,378500,259,21,33,91,9,-6,0,1,0,0,0,0,0,0,1,0,0,0
759,379000,181,19,32,60,8,-7,0,1,0,0,0,0,0,0,1,0,0,0
760,379500,97,18,31,29,7,-7,0,1,0,0,0,0,0,0,1,0,0,0
761,380000,14,19,33,-5,3,-6,0,1,0,0,0,0,0,0,1,0,0,0
762,380500,-69,21,29,-36,7,-7,0,1,0,0,0,0,0,0,1,0,0,0
763,381000,-153,19,30,-67,8,-8,0,1,0,0,0,0,0,0,1,0,0,0
764,381500,-248,19,32,-93,8,-7,0,1,0,0,0,0,0,0,1,0,0,0
765,382000,-322,21,32,-123,9,-7,0,1,0,0,0,0,0,0,1,0,0,0
766,382500,-382,19,31,-146,9,-7,0,1,0,0,0,0,0,0,1,0,0,0
767,383000,-434,21,31,-164,8,-8,0,1,0,0,0,0,0,0,1,0,0,0
768,383500,-482,19,31,-194,9,-7,0,1,0,0,0,0,0,0,1,0,0,0
769,384000,-508,19,33,-204,7,-6,0,1,0,0,0,0,0,0,1,0,0,0
770,384500,-525,19,33,-207,8,-6,0,1,0,0,0,0,0,0,1,0,0,0
771,385000,-525,19,31,-206,7,-8,0,1,0,0,0,0,0,0,1,0,0,0
772,385500,-518,22,31,-204,8,-7,0,1,0,0,0,0,0,0,1,0,0,0
773,386000,-499,19,33,-182,7,-7,0,1,0,0,0,0,0,0,1,0,0,0
774,386500,-465,21,32,-178,8,-12,0,1,0,0,0,0,0,0,1,0,0,0
775,387000,-417,19,31,-146,9,-8,0,1,0,0,0,0,0,0,1,0,0,0
776,387500,-361,19,31,-123,7,-7,0,1,0,0,0,0,0,0,1,0,0,0
777,388000,-294,21,31,-97,8,-7,0,1,0,0,0,0,0,0,1,0,0,0
778,388500,-222,21,34,-67,8,-7,0,1,0,0,0,0,0,0,1,0,0,0
779,389000,-125,19,32,-35,7,-6,0,1,0,0,0,0,0,0,1,0,0,0
780,389500,-40,19,31,-3,8,-7,0,1,0,0,0,0,0,0,1,0,0,0
781,390000,45,21,33,28,9,-6,0,1,0,0,0,0,0,0,1,0,0,0
782,390500,130,21,33,60,9,-6,0,1,0,0,0,0,0,0,1,0,0,0
783,391000,209,19,32,91,8,-7,0,1,0,0,0,0,0,0,1,0,0,0
784,391500,284,18,31,119,7,-8,0,1,0,0,0,0,0,0,1,0,0,0
785,392000,337,19,31,147,8,-7,0,1,0,0,0,0,0,0,1,0,0,0
786,392500,399,19,31,170,9,-7,0,1,0,0,0,0,0,0,1,0,0,0
787,393000,451,18,31,189,8,-7,0,1,0,0,0,0,0,0,1,0,0,0
788,393500,493,16,31,203,7,-7,0,1,0,0,0,0,0,0,1,0,0,0
789,394000,523,17,31,214,8,-7,0,1,0,0,0,0,0,0,1,0,0,0
790,394500,540,19,33,219,9,-10,0,1,0,0,0,0,0,0,1,0,0,0
791,395000,543,18,32,218,8,-8,0,1,0,0,0,0,0,0,1,0,0,0
792,395500,531,19,33,212,9,-6,0,1,0,0,0,0,0,0,1,0,0,0
793,396000,511,16,31,202,7,-7,0,1,0,0,0,0,0,0,1,0,0,0
794,396500,478,18,31,189,8,-7,0,1,0,0,0,0,0,0,1,0,0,0
795,397000,419,18,31,170,7,-5,0,1,0,0,0,0,0,0,1,0,0,0
796,397500,376,19,33,140,9,-6,0,1,0,0,0,0,0,0,1,0,0,0
797,398000,311,13,31,121,7,-7,0,1,0,0,0,0,0,0,1,0,0,0
798,398500,256,18,31,90,8,-7,0,1,0,0,0,0,0,0,1,0,0,0
799,399000,180,21,31,59,9,-7,0,1,0,0,0,0,0,0,1,0,0,0
800,399500,94,19,31,28,9,-7,0,1,0,0,0,0,0,0,1,0,0,0
801,400000,10,21,31,-5,9,-7,0,1,0,0,0,0,0,0,1,0,0,0
802,400500,-75,19,31,-36,7,-8,0,1,0,0,0,0,0,0,1,0,0,0
803,401000,-154,21,31,-68,9,-7,0,1,0,0,0,0,0,0,1,0,0,0
804,401500,-252,19,33,-98,8,-6,0,1,0,0,0,0,0,0,1,0,0,0
805,402000,-322,19,32,-123,9,-6,0,1,0,0,0,0,0,0,1,0,0,0
806,402500,-387,20,31,-146,7,-8,0,1,0,0,0,0,0,0,1,0,0,0
807,403000,-439,20,31,-165,6,-8,0,1,0,0,0,0,0,0,1,0,0,0
808,403500,-482,21,31,-194,8,-7,0,1,0,0,0,0,0,0,1,0,0,0
809,404000,-508,21,31,-204,8,-7,0,1,0,0,0,0,0,0,1,0,0,0
810,404500,-525,21,26,-207,8,-7,0,1,0,0,0,0,0,0,1,0,0,0
811,405000,-525,19,30,-205,9,-10,0,1,0,0,0,0,0,0,1,0,0,0
812,405500,-517,22,31,-204,9,-8,0,1,0,0,0,0,0,0,1,0,0,0
813,406000,-499,19,31,-192,8,-7,0,1,0,0,0,0,0,0,1,0,0,0
814,406500,-465,21,30,-179,11,-7,0,1,0,0,0,0,0,0,1,0,0,0
815,407000,-417,19,33,-146,9,-7,0,1,0,0,0,0,0,0,1,0,0,0
816,407500,-361,19,33,-123,7,-6,0,1,0,0,0,0,0,0,1,0,0,0
817,408000,-292,22,32,-100,6,-7,0,1,0,0,0,0,0,0,1,0,0,0
818,408500,-222,21,33,-67,6,-6,0,1,0,0,0,0,0,0,1,0,0,0
819,409000,-120,19,31,-35,6,-7,0,1,0,0,0,0,0,0,1,0,0,0
820,409500,-37,20,31,-2,8,-7,0,1,0,0,0,0,0,0,1,0,0,0
821,410000,49,19,31,29,7,-8,0,1,0,0,0,0,0,0,1,0,0,0
822,410500,133,19,31,60,6,-7,0,1,0,0,0,0,0,0,1,0,0,0
823,411000,212,19,31,92,8,-7,0,1,0,0,0,0,0,0,1,0,0,0
824,411500,287,19,31,120,8,-7,0,1,0,0,0,0,0,0,1,0,0,0
825,412000,339,20,33,147,9,-6,0,1,0,0,0,0,0,0,1,0,0,0
826,412500,401,18,26,170,7,-7,0,1,0,0,0,0,0,0,1,0,0,0
827,413000,454,18,30,191,9,-7,0,1,0,0,0,0,0,0,1,0,0,0
828,413500,495,19,31,205,9,-7,0,1,0,0,0,0,0,0,1,0,0,0
829,414000,523,16,31,214,7,-7,0,1,0,0,0,0,0,0,1,0,0,0
830,414500,540,16,31,219,6,-8,0,1,0,0,0,0,0,0,1,0,0,0
831,415000,543,17,34,218,8,-8,0,1,0,0,0,0,0,0,1,0,0,0
832,415500,531,16,31,212,7,-7,0,1,0,0,0,0,0,0,1,0,0,0
833,416000,510,18,31,200,8,-7,0,1,0,0,0,0,0,0,1,0,0,0
834,416500,475,16,31,187,8,-7,0,1,0,0,0,0,0,0,1,0,0,0
835,417000,431,18,31,169,7,-7,0,1,0,0,0,0,0,0,1,0,0,0
836,417500,375,18,31,146,6,-7,0,1,0,0,0,0,0,0,1,0,0,0
837,418000,306,18,31,120,8,-8,0,1,0,0,0,0,0,0,1,0,0,0
838,418500,256,18,31,89,8,-8,0,1,0,0,0,0,0,0,1,0,0,0
839,419000,175,18,31,58,7,-7,0,1,0,0,0,0,0,0,1,0,0,0
840,419500,94,19,31,26,8,-8,0,1,0,0,0,0,0,0,1,0,0,0
841,420000,10,21,31,-6,9,-7,0,1,0,0,0,0,0,0,1,0,0,0
842,420500,-75,21,34,-39,9,-7,0,1,0,0,0,0,0,0,1,0,0,0
843,421000,-156,19,34,-68,7,-6,0,1,0,0,0,0,0,0,1,0,0,0
844,421500,-257,21,31,-98,8,-7,0,1,0,0,0,0,0,0,1,0,0,0
845,422000,-326,21,31,-123,7,-8,0,1,0,0,0,0,0,0,1,0,0,0
846,422500,-387,19,33,-147,1,-7,0,1,0,0,0,0,0,0,1,0,0,0
847,423000,-439,21,32,-177,8,-7,0,1,0,0,0,0,0,0,1,0,0,0
848,423500,-482,21,31,-195,9,-8,0,1,0,0,0,0,0,0,1,0,0,0
849,424000,-508,19,31,-204,7,-8,0,1,0,0,0,0,0,0,1,0,0,0
850,424500,-525,22,31,-207,8,-7,0,1,0,0,0,0,0,0,1,0,0,0
851,425000,-525,19,33,-205,7,-6,0,1,0,0,0,0,0,0,1,0,0,0
852,425500,-517,21,31,-204,6,-7,0,1,0,0,0,0,0,0,1,0,0,0
853,426000,-499,21,31,-196,8,-7,0,1,0,0,0,0,0,0,1,0,0,0
854,426500,-465,19,33,-179,7,-7,0,1,0,0,0,0,0,0,1,0,0,0
855,427000,-417,19,33,-146,6,-6,0,1,0,0,0,0,0,0,1,0,0,0
856,427500,-361,19,33,-122,8,-6,0,1,0,0,0,0,0,0,1,0,0,0
857,428000,-292,19,33,-95,7,-6,0,1,0,0,0,0,0,0,1,0,0,0
858,428500,-216,19,31,-66,6,-7,0,1,0,0,0,0,0,0,1,0,0,0
859,429000,-118,21,31,-34,8,-7,0,1,0,0,0,0,0,0,1,0,0,0
860,429500,-34,19,31,-2,9,-7,0,1,0,0,0,0,0,0,1,0,0,0
861,430000,50,17,31,30,8,-7,0,1,0,0,0,0,0,0,1,0,0,0
862,430500,134,18,31,61,1,-7,0,1,0,0,0,0,0,0,1,0,0,0
863,431000,214,19,31,92,6,-7,0,1,0,0,0,0,0,0,1,0,0,0
864,431500,290,19,31,120,8,-10,0,1,0,0,0,0,0,0,1,0,0,0
865,432000,341,19,31,148,9,-8,0,1,0,0,0,0,0,0,1,0,0,0
866,432500,402,23,33,170,9,-6,0,1,0,0,0,0,0,0,1,0,0,0
867,433000,454,18,31,191,10,-7,0,1,0,0,0,0,0,0,1,0,0,0
868,433500,495,18,31,204,7,-7,0,1,0,0,0,0,0,0,1,0,0,0
869,434000,525,19,32,214,9,-6,0,1,0,0,0,0,0,0,1,0,0,0
870,434500,540,16,31,218,7,-7,0,1,0,0,0,0,0,0,1,0,0,0
871,435000,543,16,31,218,8,-8,0,1,0,0,0,0,0,0,1,0,0,0
872,435500,531,16,31,212,8,-7,0,1,0,0,0,0,0,0,1,0,0,0
873,436000,510,17,31,202,9,-7,0,1,0,0,0,0,0,0,1,0,0,0
874,436500,476,19,31,188,9,-6,0,1,0,0,0,0,0,0,1,0,0,0
875,437000,428,18,31,168,7,-7,0,1,0,0,0,0,0,0,1,0,0,0
876,437500,372,19,31,147,8,-7,0,1,0,0,0,0,0,0,1,0,0,0
877,438000,306,20,33,119,9,-6,0,1,0,0,0,0,0,0,1,0,0,0
878,438500,253,19,31,88,7,-7,0,1,0,0,0,0,0,0,1,0,0,0
879,439000,174,19,31,58,8,-7,0,1,0,0,0,0,0,0,1,0,0,0
880,439500,92,19,31,26,9,-6,0,1,0,0,0,0,0,0,1,0,0,0
881,440000,6,21,31,-2,9,-7,0,1,0,0,0,0,0,0,1,0,0,0
882,440500,-78,15,31,-39,8,-7,0,1,0,0,0,0,0,0,1,0,0,0
883,441000,-160,19,31,-70,7,-8,0,1,0,0,0,0,0,0,1,0,0,0
884,441500,-257,21,31,-98,8,-7,0,1,0,0,0,0,0,0,1,0,0,0
885,442000,-326,22,31,-126,9,-7,0,1,0,0,0,0,0,0,1,0,0,0
886,442500,-387,19,33,-148,7,-6,0,1,0,0,0,0,0,0,1,0,0,0
887,443000,-443,19,32,-167,9,-7,0,1,0,0,0,0,0,0,1,0,0,0
888,443500,-482,19,31,-194,7,-7,0,1,0,0,0,0,0,0,1,0,0,0
889,444000,-510,19,31,-204,6,-8,0,1,0,0,0,0,0,0,1,0,0,0
890,444500,-525,21,31,-207,8,-7,0,1,0,0,0,0,0,0,1,0,0,0
891,445000,-530,19,31,-205,9,-7,0,1,0,0,0,0,0,0,1,0,0,0
892,445500,-517,22,31,-204,9,-6,0,1,0,0,0,0,0,0,1,0,0,0
893,446000,-499,19,31,-191,7,-7,0,1,0,0,0,0,0,0,1,0,0,0
894,446500,-459,21,31,-179,8,-8,0,1,0,0,0,0,0,0,1,0,0,0
895,447000,-413,19,33,-145,7,-7,0,1,0,0,0,0,0,0,1,0,0,0
896,447500,-356,19,32,-121,8,-7,0,1,0,0,0,0,0,0,1,0,0,0
897,448000,-292,22,31,-95,7,-7,0,1,0,0,0,0,0,0,1,0,0,0
898,448500,-213,19,31,-66,9,-7,0,1,0,0,0,0,0,0,1,0,0,0
899,449000,-116,19,31,-33,7,-7,0,1,0,0,0,0,0,0,1,0,0,0
900,449500,-31,21,31,-2,8,-7,0,1,0,0,0,0,0,0,1,0,0,0
901,450000,53,19,31,32,9,-7,0,1,0,0,0,0,0,0,1,0,0,0
902,450500,136,18,31,64,7,-7,0,1,0,0,0,0,0,0,1,0,0,0
903,451000,217,19,31,94,8,-7,0,1,0,0,0,0,0,0,1,0,0,0
904,451500,292,19,31,122,9,-7,0,1,0,0,0,0,0,0,1,0,0,0
905,452000,341,19,31,150,9,-6,0,1,0,0,0,0,0,0,1,0,0,0
906,452500,402,16,31,172,7,-7,0,1,0,0,0,0,0,0,1,0,0,0
907,453000,454,17,31,191,6,-7,0,1,0,0,0,0,0,0,1,0,0,0
908,453500,496,19,33,205,9,-7,0,1,0,0,0,0,0,0,1,0,0,0
909,454000,526,18,32,214,8,-7,0,1,0,0,0,0,0,0,1,0,0,0
910,454500,540,16,31,219,7,-7,0,1,0,0,0,0,0,0,1,0,0,0
911,455000,542,17,31,217,8,-7,0,1,0,0,0,0,0,0,1,0,0,0
912,455500,531,17,31,212,8,-7,0,1,0,0,0,0,0,0,1,0,0,0
913,456000,509,17,31,202,7,-7,0,1,0,0,0,0,0,0,1,0,0,0
914,456500,474,16,31,187,6,-7,0,1,0,0,0,0,0,0,1,0,0,0
915,457000,427,19,33,168,9,-6,0,1,0,0,0,0,0,0,1,0,0,0
916,457500,370,20,34,144,9,-7,0,1,0,0,0,0,0,0,1,0,0,0
917,458000,302,20,33,118,9,-6,0,1,0,0,0,0,0,0,1,0,0,0
918,458500,250,19,32,88,8,-7,0,1,0,0,0,0,0,0,1,0,0,0
919,459000,172,19,31,57,8,-7,0,1,0,0,0,0,0,0,1,0,0,0
920,459500,87,19,31,25,7,-7,0,1,0,0,0,0,0,0,1,0,0,0
921,460000,5,18,31,-8,9,-7,0,1,0,0,0,0,0,0,1,0,0,0
922,460500,-81,20,31,-39,8,-7,0,1,0,0,0,0,0,0,1,0,0,0
923,461000,-161,19,31,-71,9,-7,0,1,0,0,0,0,0,0,1,0,0,0
924,461500,-257,21,31,-98,8,-7,0,1,0,0,0,0,0,0,1,0,0,0
925,462000,-327,19,31,-126,9,-7,0,1,0,0,0,0,0,0,1,0,0,0
926,462500,-391,19,31,-149,9,-7,0,1,0,0,0,0,0,0,1,0,0,0
927,463000,-443,22,31,-167,8,-7,0,1,0,0,0,0,0,0,1,0,0,0
928,463500,-482,22,31,-194,9,-7,0,1,0,0,0,0,0,0,1,0,0,0
929,464000,-513,22,31,-204,9,-7,0,1,0,0,0,0,0,0,1,0,0,0
930,464500,-525,20,31,-208,7,-8,0,1,0,0,0,0,0,0,1,0,0,0
931,465000,-525,19,33,-206,6,-6,0,1,0,0,0,0,0,0,1,0,0,0
932,465500,-517,19,32,-204,9,-6,0,1,0,0,0,0,0,0,1,0,0,0
933,466000,-499,19,33,-190,8,-6,0,1,0,0,0,0,0,0,1,0,0,0
934,466500,-460,19,34,-164,8,-6,0,1,0,0,0,0,0,0,1,0,0,0
935,467000,-413,20,31,-144,7,-7,0,1,0,0,0,0,0,0,1,0,0,0
936,467500,-352,21,31,-122,8,-7,0,1,0,0,0,0,0,0,1,0,0,0
937,468000,-287,19,33,-94,7,-6,0,1,0,0,0,0,0,0,1,0,0,0
938,468500,-213,21,31,-63,8,-7,0,1,0,0,0,0,0,0,1,0,0,0
939,469000,-113,19,33,-32,7,-6,0,1,0,0,0,0,0,0,1,0,0,0
940,469500,-28,19,32,-1,9,-7,0,1,0,0,0,0,0,0,1,0,0,0
941,470000,55,19,31,33,8,-7,0,1,0,0,0,0,0,0,1,0,0,0
942,470500,139,19,31,64,8,-7,0,1,0,0,0,0,0,0,1,0,0,0
943,471000,220,18,31,94,7,-7,0,1,0,0,0,0,0,0,1,0,0,0
944,471500,295,19,31,122,8,-7,0,1,0,0,0,0,0,0,1,0,0,0
945,472000,346,19,33,150,9,-6,0,1,0,0,0,0,0,0,1,0,0,0
946,472500,406,19,32,173,9,-7,0,1,0,0,0,0,0,0,1,0,0,0
947,473000,458,17,31,191,8,-7,0,1,0,0,0,0,0,0,1,0,0,0
948,473500,497,16,31,205,7,-7,0,1,0,0,0,0,0,0,1,0,0,0
949,474000,526,18,33,214,9,-6,0,1,0,0,0,0,0,0,1,0,0,0
950,474500,540,18,32,220,8,-7,0,1,0,0,0,0,0,0,1,0,0,0
951,475000,540,18,31,218,8,-7,0,1,0,0,0,0,0,0,1,0,0,0
952,475500,531,18,31,212,9,-7,0,1,0,0,0,0,0,0,1,0,0,0
953,476000,505,19,33,202,9,-6,0,1,0,0,0,0,0,0,1,0,0,0
954,476500,471,16,31,187,7,-7,0,1,0,0,0,0,0,0,1,0,0,0
955,477000,426,17,31,166,8,-7,0,1,0,0,0,0,0,0,1,0,0,0
956,477500,367,19,31,144,9,-7,0,1,0,0,0,0,0,0,1,0,0,0
957,478000,302,20,33,117,9,-6,0,1,0,0,0,0,0,0,1,0,0,0
958,478500,248,19,31,86,7,-7,0,1,0,0,0,0,0,0,1,0,0,0
959,479000,168,18,31,56,8,-7,0,1,0,0,0,0,0,0,1,0,0,0
960,479500,84,18,31,23,7,-7,0,1,0,0,0,0,0,0,1,0,0,0
961,480000,0,19,31,-8,8,-7,0,1,0,0,0,0,0,0,1,0,0,0
962,480500,-81,19,31,-42,9,-7,0,1,0,0,0,0,0,0,1,0,0,0
963,481000,-165,19,31,-71,7,-7,0,1,0,0,0,0,0,0,1,0,0,0
964,481500,-259,21,31,-101,9,-7,0,1,0,0,0,0,0,0,1,0,0,0
965,482000,-329,21,31,-126,8,-7,0,1,0,0,0,0,0,0,1,0,0,0
966,482500,-389,21,31,-148,8,-7,0,1,0,0,0,0,0,0,1,0,0,0
967,483000,-441,21,31,-167,9,-7,0,1,0,0,0,0,0,0,1,0,0,0
968,483500,-482,19,31,-194,9,-7,0,1,0,0,0,0,0,0,1,0,0,0
969,484000,-510,20,31,-204,9,-8,0,1,0,0,0,0,0,0,1,0,0,0
970,484500,-525,19,31,-206,9,-7,0,1,0,0,0,0,0,0,1,0,0,0
971,485000,-525,19,31,-206,9,-6,0,1,0,0,0,0,0,0,1,0,0,0
972,485500,-517,19,31,-204,8,-6,0,1,0,0,0,0,0,0,1,0,0,0
973,486000,-493,19,31,-190,7,-7,0,1,0,0,0,0,0,0,1,0,0,0
974,486500,-457,19,33,-163,6,-7,0,1,0,0,0,0,0,0,1,0,0,0
975,487000,-413,21,31,-144,6,-7,0,1,0,0,0,0,0,0,1,0,0,0
976,487500,-352,22,31,-120,8,-7,0,1,0,0,0,0,0,0,1,0,0,0
977,488000,-284,19,33,-93,7,-7,0,1,0,0,0,0,0,0,1,0,0,0
978,488500,-213,19,33,-63,6,-6,0,1,0,0,0,0,0,0,1,0,0,0
979,489000,-109,19,32,-32,9,-7,0,1,0,0,0,0,0,0,1,0,0,0
980,489500,-25,19,31,1,9,-7,0,1,0,0,0,0,0,0,1,0,0,0
981,490000,58,21,33,33,9,-7,0,1,0,0,0,0,0,0,1,0,0,0
982,490500,142,21,33,64,10,-6,0,1,0,0,0,0,0,0,1,0,0,0
983,491000,223,18,31,95,7,-7,0,1,0,0,0,0,0,0,1,0,0,0
984,491500,298,18,31,123,6,-8,0,1,0,0,0,0,0,0,1,0,0,0
985,492000,347,18,31,151,6,-7,0,1,0,0,0,0,0,0,1,0,0,0
986,492500,408,18,31,173,8,-7,0,1,0,0,0,0,0,0,1,0,0,0
987,493000,458,17,31,191,8,-7,0,1,0,0,0,0,0,0,1,0,0,0
988,493500,497,17,31,206,8,-7,0,1,0,0,0,0,0,0,1,0,0,0
989,494000,528,18,31,216,8,-7,0,1,0,0,0,0,0,0,1,0,0,0
990,494500,540,17,31,219,9,-7,0,1,0,0,0,0,0,0,1,0,0,0
991,495000,543,19,33,217,9,-6,0,1,0,0,0,0,0,0,1,0,0,0
992,495500,531,19,33,211,9,-6,0,1,0,0,0,0,0,0,1,0,0,0
993,496000,505,16,32,200,7,-7,0,1,0,0,0,0,0,0,1,0,0,0
994,496500,471,18,31,185,6,-7,0,1,0,0,0,0,0,0,1,0,0,0
995,497000,425,19,31,167,8,-7,0,1,0,0,0,0,0,0,1,0,0,0
996,497500,366,19,33,143,9,-6,0,1,0,0,0,0,0,0,1,0,0,0
997,498000,298,19,31,117,8,-7,0,1,0,0,0,0,0,0,1,0,0,0
998,498500,247,19,31,85,8,-8,0,1,0,0,0,0,0,0,1,0,0,0
999,499000,165,18,31,54,8,-8,0,1,0,0,0,0,0,0,1,0,0,0
1000,499500,83,19,31,23,8,-7,0,1,0,0,0,0,0,0,1,0,0,0
1001,500000,-1,19,31,-9,8,-7,0,1,0,0,0,0,0,0,1,0,0,0
1002,500500,-87,19,31,-42,8,-7,0,1,0,0,0,0,0,0,1,0,0,0
1003,501000,-166,21,31,-71,8,-8,0,1,0,0,0,0,0,0,1,0,0,0
1004,501500,-265,21,31,-102,9,-7,0,1,0,0,0,0,0,0,1,0,0,0
1005,502000,-330,19,31,-127,9,-7,0,1,0,0,0,0,0,0,1,0,0,0
1006,502500,-396,22,31,-151,9,-7,0,1,0,0,0,0,0,0,1,0,0,0
1007,503000,-447,21,31,-180,8,-7,0,1,0,0,0,0,0,0,1,0,0,0
1008,503500,-484,21,31,-195,9,-7,0,1,0,0,0,0,0,0,1,0,0,0
1009,504000,-517,19,33,-205,7,-6,0,1,0,0,0,0,0,0,1,0,0,0
1010,504500,-525,22,31,-207,8,-7,0,1,0,0,0,0,0,0,1,0,0,0
1011,505000,-530,19,31,-205,9,-7,0,1,0,0,0,0,0,0,1,0,0,0
1012,505500,-517,19,31,-204,10,-7,0,1,0,0,0,0,0,0,1,0,0,0
1013,506000,-491,19,31,-189,7,-8,0,1,0,0,0,0,0,0,1,0,0,0
1014,506500,-456,19,33,-179,6,-6,0,1,0,0,0,0,0,0,1,0,0,0
1015,507000,-408,21,31,-143,6,-7,0,1,0,0,0,0,0,0,1,0,0,0
1016,507500,-352,21,31,-119,8,-7,0,1,0,0,0,0,0,0,1,0,0,0
1017,508000,-283,19,31,-93,9,-7,0,1,0,0,0,0,0,0,1,0,0,0
1018,508500,-207,21,31,-63,9,-7,0,1,0,0,0,0,0,0,1,0,0,0
1019,509000,-109,19,33,-30,7,-7,0,1,0,0,0,0,0,0,1,0,0,0
1020,509500,-23,19,32,2,9,-7,0,1,0,0,0,0,0,0,1,0,0,0
1021,510000,61,21,33,33,10,-6,0,1,0,0,0,0,0,0,1,0,0,0
1022,510500,144,19,32,67,8,-7,0,1,0,0,0,0,0,0,1,0,0,0
1023,511000,224,18,31,97,8,-7,0,1,0,0,0,0,0,0,1,0,0,0
1024,511500,300,18,31,124,7,-8,0,1,0,0,0,0,0,0,1,0,0,0
1025,512000,350,19,33,151,9,-7,0,1,0,0,0,0,0,0,1,0,0,0
1026,512500,410,18,32,173,9,-7,0,1,0,0,0,0,0,0,1,0,0,0
1027,513000,460,18,31,192,9,-7,0,1,0,0,0,0,0,0,1,0,0,0
1028,513500,500,18,31,207,9,-7,0,1,0,0,0,0,0,0,1,0,0,0
1029,514000,528,17,31,216,8,-7,0,1,0,0,0,0,0,0,1,0,0,0
1030,514500,540,16,31,219,7,-7,0,1,0,0,0,0,0,0,1,0,0,0
1031,515000,540,18,31,218,8,-6,0,1,0,0,0,0,0,0,1,0,0,0
1032,515500,530,16,31,211,7,-7,0,1,0,0,0,0,0,0,1,0,0,0
1033,516000,505,19,33,200,9,-7,0,1,0,0,0,0,0,0,1,0,0,0
1034,516500,470,19,33,185,10,-6,0,1,0,0,0,0,0,0,1,0,0,0
1035,517000,423,18,31,166,8,-7,0,1,0,0,0,0,0,0,1,0,0,0
1036,517500,365,18,31,143,8,-7,0,1,0,0,0,0,0,0,1,0,0,0
1037,518000,297,19,31,116,8,-7,0,1,0,0,0,0,0,0,1,0,0,0
1038,518500,244,18,31,84,8,-8,0,1,0,0,0,0,0,0,1,0,0,0
1039,519000,164,19,31,53,8,-8,0,1,0,0,0,0,0,0,1,0,0,0
1040,519500,80,19,31,23,9,-7,0,1,0,0,0,0,0,0,1,0,0,0
1041,520000,-4,19,33,-11,7,-6,0,1,0,0,0,0,0,0,1,0,0,0
1042,520500,-88,20,31,-42,8,-7,0,1,0,0,0,0,0,0,1,0,0,0
1043,521000,-170,19,31,-73,8,-8,0,1,0,0,0,0,0,0,1,0,0,0
1044,521500,-265,19,33,-102,7,-6,0,1,0,0,0,0,0,0,1,0,0,0
1045,522000,-335,19,32,-129,9,-6,0,1,0,0,0,0,0,0,1,0,0,0
1046,522500,-396,19,31,-150,8,-7,0,1,0,0,0,0,0,0,1,0,0,0
1047,523000,-447,19,31,-169,9,-7,0,1,0,0,0,0,0,0,1,0,0,0
1048,523500,-491,19,33,-195,7,-7,0,1,0,0,0,0,0,0,1,0,0,0
1049,524000,-517,19,33,-204,6,-6,0,1,0,0,0,0,0,0,1,0,0,0
1050,524500,-525,19,33,-207,6,-6,0,1,0,0,0,0,0,0,1,0,0,0
1051,525000,-525,21,32,-206,8,-7,0,1,0,0,0,0,0,0,1,0,0,0
1052,525500,-517,21,31,-200,8,-7,0,1,0,0,0,0,0,0,1,0,0,0
1053,526000,-491,19,31,-189,9,-7,0,1,0,0,0,0,0,0,1,0,0,0
1054,526500,-456,22,31,-163,9,-7,0,1,0,0,0,0,0,0,1,0,0,0
1055,527000,-408,22,31,-144,9,-7,0,1,0,0,0,0,0,0,1,0,0,0
1056,527500,-348,22,31,-119,9,-7,0,1,0,0,0,0,0,0,1,0,0,0
1057,528000,-283,19,31,-92,7,-7,0,1,0,0,0,0,0,0,1,0,0,0
1058,528500,-205,19,31,-62,9,-8,0,1,0,0,0,0,0,0,1,0,0,0
1059,529000,-104,21,31,-30,9,-7,0,1,0,0,0,0,0,0,1,0,0,0
1060,529500,-20,19,31,2,9,-7,0,1,0,0,0,0,0,0,1,0,0,0
1061,530000,63,20,33,36,9,-6,0,1,0,0,0,0,0,0,1,0,0,0
1062,530500,147,19,32,67,9,-6,0,1,0,0,0,0,0,0,1,0,0,0
1063,531000,228,20,33,97,9,-7,0,1,0,0,0,0,0,0,1,0,0,0
1064,531500,302,19,32,125,9,-7,0,1,0,0,0,0,0,0,1,0,0,0
1065,532000,350,19,31,153,8,-7,0,1,0,0,0,0,0,0,1,0,0,0
1066,532500,410,19,31,175,9,-7,0,1,0,0,0,0,0,0,1,0,0,0
1067,533000,462,18,31,192,8,-7,0,1,0,0,0,0,0,0,1,0,0,0
1068,533500,501,19,33,207,9,-7,0,1,0,0,0,0,0,0,1,0,0,0
1069,534000,527,18,32,216,8,-7,0,1,0,0,0,0,0,0,1,0,0,0
1070,534500,540,19,33,219,9,-6,0,1,0,0,0,0,0,0,1,0,0,0
1071,535000,543,16,31,217,7,-7,0,1,0,0,0,0,0,0,1,0,0,0
1072,535500,530,16,31,211,6,-8,0,1,0,0,0,0,0,0,1,0,0,0
1073,536000,505,16,31,200,8,-7,0,1,0,0,0,0,0,0,1,0,0,0
1074,536500,469,18,31,185,9,-6,0,1,0,0,0,0,0,0,1,0,0,0
1075,537000,419,18,31,166,8,-7,0,1,0,0,0,0,0,0,1,0,0,0
1076,537500,363,18,31,143,8,-7,0,1,0,0,0,0,0,0,1,0,0,0
1077,538000,295,19,31,116,9,-6,0,1,0,0,0,0,0,0,1,0,0,0
1078,538500,241,20,33,83,9,-6,0,1,0,0,0,0,0,0,1,0,0,0
1079,539000,161,19,32,53,8,-7,0,1,0,0,0,0,0,0,1,0,0,0
1080,539500,78,19,31,22,8,-7,0,1,0,0,0,0,0,0,1,0,0,0
1081,540000,-7,19,31,-11,8,-7,0,1,0,0,0,0,0,0,1,0,0,0
1082,540500,-92,19,31,-45,7,-7,0,1,0,0,0,0,0,0,1,0,0,0
1083,541000,-172,20,31,-73,6,-7,0,1,0,0,0,0,0,0,1,0,0,0
1084,541500,-265,19,33,-104,6,-6,0,1,0,0,0,0,0,0,1,0,0,0
1085,542000,-335,21,31,-127,6,-7,0,1,0,0,0,0,0,0,1,0,0,0
1086,542500,-396,21,31,-151,8,-7,0,1,0,0,0,0,0,0,1,0,0,0
1087,543000,-447,21,31,-169,7,-7,0,1,0,0,0,0,0,0,1,0,0,0
1088,543500,-491,19,31,-195,9,-7,0,1,0,0,0,0,0,0,1,0,0,0
1089,544000,-517,21,31,-204,8,-7,0,1,0,0,0,0,0,0,1,0,0,0
1090,544500,-525,19,33,-208,8,-6,0,1,0,0,0,0,0,0,1,0,0,0
1091,545000,-525,19,32,-205,9,-7,0,1,0,0,0,0,0,0,1,0,0,0
1092,545500,-517,20,31,-204,7,-7,0,1,0,0,0,0,0,0,1,0,0,0
1093,546000,-491,19,31,-189,9,-7,0,1,0,0,0,0,0,0,1,0,0,0
1094,546500,-456,21,31,-161,8,-8,0,1,0,0,0,0,0,0,1,0,0,0
1095,547000,-404,19,31,-142,9,-7,0,1,0,0,0,0,0,0,1,0,0,0
1096,547500,-345,19,31,-119,9,-7,0,1,0,0,0,0,0,0,1,0,0,0
1097,548000,-277,19,31,-91,8,-7,0,1,0,0,0,0,0,0,1,0,0,0
1098,548500,-205,19,33,-60,7,-7,0,1,0,0,0,0,0,0,1,0,0,0
1099,549000,-101,19,32,-29,9,-7,0,1,0,0,0,0,0,0,1,0,0,0
1100,549500,-19,19,31,4,7,-7,0,1,0,0,0,0,0,0,1,0,0,0
1101,550000,66,19,31,36,8,-7,0,1,0,0,0,0,0,0,1,0,0,0
1102,550500,149,18,31,67,7,-7,0,1,0,0,0,0,0,0,1,0,0,0
1103,551000,228,18,31,98,8,-7,0,1,0,0,0,0,0,0,1,0,0,0
1104,551500,303,18,31,125,8,-7,0,1,0,0,0,0,0,0,1,0,0,0
1105,552000,353,18,31,153,8,-7,0,1,0,0,0,0,0,0,1,0,0,0
1106,552500,414,17,31,175,7,-7,0,1,0,0,0,0,0,0,1,0,0,0
1107,553000,462,18,31,192,8,-7,0,1,0,0,0,0,0,0,1,0,0,0
1108,553500,501,17,31,207,9,-7,0,1,0,0,0,0,0,0,1,0,0,0
1109,554000,528,18,33,215,9,-6,0,1,0,0,0,0,0,0,1,0,0,0
1110,554500,543,18,32,220,9,-6,0,1,0,0,0,0,0,0,1,0,0,0
1111,555000,540,16,31,217,8,-7,0,1,0,0,0,0,0,0,1,0,0,0
1112,555500,529,16,31,210,8,-8,0,1,0,0,0,0,0,0,1,0,0,0
1113,556000,505,16,31,199,7,-8,0,1,0,0,0,0,0,0,1,0,0,0
1114,556500,468,16,31,184,8,-7,0,1,0,0,0,0,0,0,1,0,0,0
1115,557000,419,19,31,166,8,-7,0,1,0,0,0,0,0,0,1,0,0,0
1116,557500,362,19,31,141,8,-7,0,1,0,0,0,0,0,0,1,0,0,0
1117,558000,293,18,31,115,8,-7,0,1,0,0,0,0,0,0,1,0,0,0
1118,558500,239,18,31,83,7,-7,0,1,0,0,0,0,0,0,1,0,0,0
1119,559000,158,18,31,51,6,-8,0,1,0,0,0,0,0,0,1,0,0,0
1120,559500,74,18,30,20,8,-8,0,1,0,0,0,0,0,0,1,0,0,0
1121,560000,-9,21,31,-14,9,-7,0,1,0,0,0,0,0,0,1,0,0,0
1122,560500,-92,19,31,-45,9,-7,0,1,0,0,0,0,0,0,1,0,0,0
1123,561000,-173,19,31,-76,9,-7,0,1,0,0,0,0,0,0,1,0,0,0
1124,561500,-270,19,33,-104,7,-6,0,1,0,0,0,0,0,0,1,0,0,0
1125,562000,-336,19,33,-130,8,-6,0,1,0,0,0,0,0,0,1,0,0,0
1126,562500,-396,21,31,-151,8,-7,0,1,0,0,0,0,0,0,1,0,0,0
1127,563000,-447,21,31,-169,7,-7,0,1,0,0,0,0,0,0,1,0,0,0
1128,563500,-491,19,33,-194,6,-7,0,1,0,0,0,0,0,0,1,0,0,0
1129,564000,-517,19,31,-204,8,-8,0,1,0,0,0,0,0,0,1,0,0,0
1130,564500,-525,19,31,-208,9,-8,0,1,0,0,0,0,0,0,1,0,0,0
1131,565000,-525,21,31,-206,8,-7,0,1,0,0,0,0,0,0,1,0,0,0
1132,565500,-517,21,31,-204,9,-7,0,1,0,0,0,0,0,0,1,0,0,0
1133,566000,-491,19,33,-189,7,-7,0,1,0,0,0,0,0,0,1,0,0,0
1134,566500,-456,20,31,-161,8,-7,0,1,0,0,0,0,0,0,1,0,0,0
1135,567000,-404,22,31,-141,9,-7,0,1,0,0,0,0,0,0,1,0,0,0
1136,567500,-344,22,31,-117,8,-7,0,1,0,0,0,0,0,0,1,0,0,0
1137,568000,-274,21,33,-91,8,-8,0,1,0,0,0,0,0,0,1,0,0,0
1138,568500,-200,19,32,-60,9,-7,0,1,0,0,0,0,0,0,1,0,0,0
1139,569000,-100,19,31,-29,9,-7,0,1,0,0,0,0,0,0,1,0,0,0
1140,569500,-15,19,31,5,9,-7,0,1,0,0,0,0,0,0,1,0,0,0
1141,570000,68,18,31,38,7,-8,0,1,0,0,0,0,0,0,1,0,0,0
1142,570500,152,19,31,70,9,-7,0,1,0,0,0,0,0,0,1,0,0,0
1143,571000,231,19,33,99,9,-7,0,1,0,0,0,0,0,0,1,0,0,0
1144,571500,306,19,32,127,9,-7,0,1,0,0,0,0,0,0,1,0,0,0
1145,572000,354,18,31,153,7,-8,0,1,0,0,0,0,0,0,1,0,0,0
1146,572500,415,19,31,176,8,-7,0,1,0,0,0,0,0,0,1,0,0,0
1147,573000,462,19,33,193,9,-6,0,1,0,0,0,0,0,0,1,0,0,0
1148,573500,502,19,33,207,9,-6,0,1,0,0,0,0,0,0,1,0,0,0
1149,574000,529,19,33,215,9,-6,0,1,0,0,0,0,0,0,1,0,0,0
1150,574500,540,18,32,220,8,-7,0,1,0,0,0,0,0,0,1,0,0,0
1151,575000,540,18,31,218,9,-7,0,1,0,0,0,0,0,0,1,0,0,0
1152,575500,527,16,31,210,8,-8,0,1,0,0,0,0,0,0,1,0,0,0
1153,576000,504,19,33,199,9,-6,0,1,0,0,0,0,0,0,1,0,0,0
1154,576500,467,18,32,184,8,-7,0,1,0,0,0,0,0,0,1,0,0,0
1155,577000,417,18,31,164,8,-8,0,1,0,0,0,0,0,0,1,0,0,0
1156,577500,358,19,31,141,8,-7,0,1,0,0,0,0,0,0,1,0,0,0
1157,578000,289,19,31,113,9,-7,0,1,0,0,0,0,0,0,1,0,0,0
1158,578500,236,19,31,82,8,-7,0,1,0,0,0,0,0,0,1,0,0,0
1159,579000,156,19,31,51,9,-7,0,1,0,0,0,0,0,0,1,0,0,0
1160,579500,71,19,31,19,7,-7,0,1,0,0,0,0,0,0,1,0,0,0
1161,580000,-12,19,33,-14,6,-7,0,1,0,0,0,0,0,0,1,0,0,0
1162,580500,-94,19,32,-46,9,-7,0,1,0,0,0,0,0,0,1,0,0,0
1163,581000,-178,19,33,-76,8,-6,0,1,0,0,0,0,0,0,1,0,0,0
1164,581500,-274,19,33,-104,8,-7,0,1,0,0,0,0,0,0,1,0,0,0
1165,582000,-339,19,32,-130,9,-7,0,1,0,0,0,0,0,0,1,0,0,0
1166,582500,-398,19,31,-152,9,-6,0,1,0,0,0,0,0,0,1,0,0,0
1167,583000,-448,19,31,-185,9,-7,0,1,0,0,0,0,0,0,1,0,0,0
1168,583500,-491,19,30,-196,7,-8,0,1,0,0,0,0,0,0,1,0,0,0
1169,584000,-517,21,31,-205,8,-7,0,1,0,0,0,0,0,0,1,0,0,0
1170,584500,-525,21,31,-208,8,-7,0,1,0,0,0,0,0,0,1,0,0,0
1171,585000,-525,19,33,-205,8,-6,0,1,0,0,0,0,0,0,1,0,0,0
1172,585500,-517,19,33,-199,7,-7,0,1,0,0,0,0,0,0,1,0,0,0
1173,586000,-491,19,33,-189,6,-7,0,1,0,0,0,0,0,0,1,0,0,0
1174,586500,-452,22,32,-161,9,-7,0,1,0,0,0,0,0,0,1,0,0,0
1175,587000,-404,21,31,-138,8,-7,0,1,0,0,0,0,0,0,1,0,0,0
1176,587500,-344,21,31,-116,8,-7,0,1,0,0,0,0,0,0,1,0,0,0
1177,588000,-274,19,31,-89,9,-7,0,1,0,0,0,0,0,0,1,0,0,0
1178,588500,-197,21,31,-60,9,-7,0,1,0,0,0,0,0,0,1,0,0,0
1179,589000,-97,19,31,-26,7,-7,0,1,0,0,0,0,0,0,1,0,0,0
1180,589500,-14,19,31,7,6,-8,0,1,0,0,0,0,0,0,1,0,0,0
1181,590000,70,21,32,38,9,-7,0,1,0,0,0,0,0,0,1,0,0,0
1182,590500,153,19,32,70,9,-7,0,1,0,0,0,0,0,0,1,0,0,0
1183,591000,234,20,33,99,9,-6,0,1,0,0,0,0,0,0,1,0,0,0
1184,591500,307,18,31,127,7,-7,0,1,0,0,0,0,0,0,1,0,0,0
1185,592000,357,18,31,155,6,-7,0,1,0,0,0,0,0,0,1,0,0,0
1186,592500,416,19,31,177,8,-7,0,1,0,0,0,0,0,0,1,0,0,0
1187,593000,466,16,31,194,8,-7,0,1,0,0,0,0,0,0,1,0,0,0
1188,593500,504,17,31,208,8,-7,0,1,0,0,0,0,0,0,1,0,0,0
1189,594000,529,19,33,215,9,-7,0,1,0,0,0,0,0,0,1,0,0,0
1190,594500,540,16,31,219,7,-8,0,1,0,0,0,0,0,0,1,0,0,0
1191,595000,540,19,33,217,9,-6,0,1,0,0,0,0,0,0,1,0,0,0
1192,595500,528,18,32,210,9,-7,0,1,0,0,0,0,0,0,1,0,0,0
1193,596000,503,16,31,199,7,-7,0,1,0,0,0,0,0,0,1,0,0,0
1194,596500,466,19,33,183,9,-7,0,1,0,0,0,0,0,0,1,0,0,0
1195,597000,416,18,32,163,8,-7,0,1,0,0,0,0,0,0,1,0,0,0
1196,597500,357,18,31,140,7,-7,0,1,0,0,0,0,0,0,1,0,0,0
1197,598000,289,18,31,113,6,-7,0,1,0,0,0,0,0,0,1,0,0,0
1198,598500,234,18,31,81,6,-7,0,1,0,0,0,0,0,0,1,0,0,0
1199,599000,155,20,33,50,9,-7,0,1,0,0,0,0,0,0,1,0,0,0
1200,599500,70,19,31,17,7,-7,0,1,0,0,0,0,0,0,1,0,0,0
1201,600000,-15,18,33,-14,6,-6,0,1,0,0,0,0,0,0,1,0,0,0
1202,600500,-97,20,31,-45,8,-7,0,1,0,0,0,0,0,0,1,0,0,0
1203,601000,-178,21,31,-76,8,-7,0,1,0,0,0,0,0,0,1,0,0,0
1204,601500,-274,21,31,-105,8,-7,0,1,0,0,0,0,0,0,1,0,0,0
1205,602000,-344,19,31,-131,9,-7,0,1,0,0,0,0,0,0,1,0,0,0
1206,602500,-399,22,31,-153,9,-7,0,1,0,0,0,0,0,0,1,0,0,0
1207,603000,-449,19,31,-185,8,-7,0,1,0,0,0,0,0,0,1,0,0,0
1208,603500,-491,21,31,-197,8,-7,0,1,0,0,0,0,0,0,1,0,0,0
1209,604000,-517,19,31,-205,9,-7,0,1,0,0,0,0,0,0,1,0,0,0
1210,604500,-525,21,31,-208,9,-7,0,1,0,0,0,0,0,0,1,0,0,0
1211,605000,-525,19,33,-205,7,-6,0,1,0,0,0,0,0,0,1,0,0,0
1212,605500,-517,21,32,-199,9,-7,0,1,0,0,0,0,0,0,1,0,0,0
1213,606000,-491,19,31,-187,7,-8,0,1,0,0,0,0,0,0,1,0,0,0
1214,606500,-448,19,31,-172,6,-8,0,1,0,0,0,0,0,0,1,0,0,0
1215,607000,-398,19,33,-140,6,-7,0,1,0,0,0,0,0,0,1,0,0,0
1216,607500,-344,19,33,-116,6,-6,0,1,0,0,0,0,0,0,1,0,0,0
1217,608000,-274,21,32,-88,6,-7,0,1,0,0,0,0,0,0,1,0,0,0
1218,608500,-196,21,31,-59,9,-7,0,1,0,0,0,0,0,0,1,0,0,0
1219,609000,-95,19,33,-26,7,-7,0,1,0,0,0,0,0,0,1,0,0,0
1220,609500,-12,19,34,7,8,-7,0,1,0,0,0,0,0,0,1,0,0,0
1221,610000,74,19,31,39,7,-7,0,1,0,0,0,0,0,0,1,0,0,0
1222,610500,156,21,33,70,9,-7,0,1,0,0,0,0,0,0,1,0,0,0
1223,611000,236,19,32,101,9,-7,0,1,0,0,0,0,0,0,1,0,0,0
1224,611500,310,19,33,127,9,-7,0,1,0,0,0,0,0,0,1,0,0,0
1225,612000,358,18,31,155,7,-8,0,1,0,0,0,0,0,0,1,0,0,0
1226,612500,418,18,31,176,6,-8,0,1,0,0,0,0,0,0,1,0,0,0
1227,613000,468,18,31,195,9,-7,0,1,0,0,0,0,0,0,1,0,0,0
1228,613500,505,16,31,208,7,-7,0,1,0,0,0,0,0,0,1,0,0,0
1229,614000,530,19,33,215,9,-7,0,1,0,0,0,0,0,0,1,0,0,0
1230,614500,542,19,33,220,9,-6,0,1,0,0,0,0,0,0,1,0,0,0
1231,615000,540,16,32,217,7,-8,0,1,0,0,0,0,0,0,1,0,0,0
1232,615500,527,16,31,210,6,-8,0,1,0,0,0,0,0,0,1,0,0,0
1233,616000,501,17,31,198,6,-7,0,1,0,0,0,0,0,0,1,0,0,0
1234,616500,462,19,31,183,9,-7,0,1,0,0,0,0,0,0,1,0,0,0
1235,617000,415,18,31,163,8,-7,0,1,0,0,0,0,0,0,1,0,0,0
1236,617500,354,19,33,138,9,-6,0,1,0,0,0,0,0,0,1,0,0,0
1237,618000,287,19,32,112,9,-7,0,1,0,0,0,0,0,0,1,0,0,0
1238,618500,233,19,31,79,7,-8,0,1,0,0,0,0,0,0,1,0,0,0
1239,619000,150,18,31,48,6,-8,0,1,0,0,0,0,0,0,1,0,0,0
1240,619500,68,20,33,16,9,-7,0,1,0,0,0,0,0,0,1,0,0,0
1241,620000,-17,19,31,-15,7,-7,0,1,0,0,0,0,0,0,1,0,0,0
1242,620500,-100,21,31,-48,8,-7,0,1,0,0,0,0,0,0,1,0,0,0
1243,621000,-181,22,31,-78,9,-7,0,1,0,0,0,0,0,0,1,0,0,0
1244,621500,-275,19,33,-106,8,-6,0,1,0,0,0,0,0,0,1,0,0,0
1245,622000,-344,19,31,-133,7,-7,0,1,0,0,0,0,0,0,1,0,0,0
1246,622500,-404,19,32,-155,8,-7,0,1,0,0,0,0,0,0,1,0,0,0
1247,623000,-456,21,32,-185,9,-7,0,1,0,0,0,0,0,0,1,0,0,0
1248,623500,-491,19,31,-197,9,-7,0,1,0,0,0,0,0,0,1,0,0,0
1249,624000,-517,19,33,-205,7,-6,0,1,0,0,0,0,0,0,1,0,0,0
1250,624500,-525,19,31,-207,8,-7,0,1,0,0,0,0,0,0,1,0,0,0
1251,625000,-525,21,31,-205,8,-7,0,1,0,0,0,0,0,0,1,0,0,0
1252,625500,-517,19,31,-199,7,-8,0,1,0,0,0,0,0,0,1,0,0,0
1253,626000,-491,21,31,-188,6,-8,0,1,0,0,0,0,0,0,1,0,0,0
1254,626500,-447,22,31,-160,8,-7,0,1,0,0,0,0,0,0,1,0,0,0
1255,627000,-397,19,33,-153,7,-7,0,1,0,0,0,0,0,0,1,0,0,0
1256,627500,-337,21,31,-114,8,-7,0,1,0,0,0,0,0,0,1,0,0,0
1257,628000,-270,21,31,-88,9,-7,0,1,0,0,0,0,0,0,1,0,0,0
1258,628500,-191,19,31,-57,9,-7,0,1,0,0,0,0,0,0,1,0,0,0
1259,629000,-92,21,31,-26,9,-7,0,1,0,0,0,0,0,0,1,0,0,0
1260,629500,-9,21,31,8,8,-7,0,1,0,0,0,0,0,0,1,0,0,0
1261,630000,77,19,31,39,7,-8,0,1,0,0,0,0,0,0,1,0,0,0
1262,630500,159,18,31,72,6,-8,0,1,0,0,0,0,0,0,1,0,0,0
1263,631000,239,19,31,102,8,-7,0,1,0,0,0,0,0,0,1,0,0,0
1264,631500,312,19,31,129,8,-7,0,1,0,0,0,0,0,0,1,0,0,0
1265,632000,358,18,31,156,7,-7,0,1,0,0,0,0,0,0,1,0,0,0
1266,632500,419,19,33,177,9,-6,0,1,0,0,0,0,0,0,1,0,0,0
1267,633000,468,16,32,195,7,-8,0,1,0,0,0,0,0,0,1,0,0,0
1268,633500,505,16,31,208,8,-8,0,1,0,0,0,0,0,0,1,0,0,0
1269,634000,531,18,31,217,9,-7,0,1,0,0,0,0,0,0,1,0,0,0
1270,634500,540,16,31,219,7,-7,0,1,0,0,0,0,0,0,1,0,0,0
1271,635000,540,17,31,217,8,-7,0,1,0,0,0,0,0,0,1,0,0,0
1272,635500,527,17,31,209,8,-7,0,1,0,0,0,0,0,0,1,0,0,0
1273,636000,500,16,31,198,7,-8,0,1,0,0,0,0,0,0,1,0,0,0
1274,636500,462,17,31,182,6,-8,0,1,0,0,0,0,0,0,1,0,0,0
1275,637000,414,19,31,163,8,-7,0,1,0,0,0,0,0,0,1,0,0,0
1276,637500,354,18,31,138,7,-7,0,1,0,0,0,0,0,0,1,0,0,0
1277,638000,285,19,31,112,9,-7,0,1,0,0,0,0,0,0,1,0,0,0
1278,638500,228,19,31,79,9,-7,0,1,0,0,0,0,0,0,1,0,0,0
1279,639000,148,21,33,48,9,-6,0,1,0,0,0,0,0,0,1,0,0,0
1280,639500,66,20,32,15,9,-6,0,1,0,0,0,0,0,0,1,0,0,0
1281,640000,-20,19,31,-17,7,-8,0,1,0,0,0,0,0,0,1,0,0,0
1282,640500,-103,21,31,-49,8,-7,0,1,0,0,0,0,0,0,1,0,0,0
1283,641000,-182,19,31,-78,7,-8,0,1,0,0,0,0,0,0,1,0,0,0
1284,641500,-276,21,31,-107,9,-7,0,1,0,0,0,0,0,0,1,0,0,0
1285,642000,-344,19,33,-131,7,-6,0,1,0,0,0,0,0,0,1,0,0,0
1286,642500,-404,22,32,-155,8,-7,0,1,0,0,0,0,0,0,1,0,0,0
1287,643000,-456,19,31,-185,7,-8,0,1,0,0,0,0,0,0,1,0,0,0
1288,643500,-491,19,31,-198,6,-8,0,1,0,0,0,0,0,0,1,0,0,0
1289,644000,-517,21,31,-205,8,-7,0,1,0,0,0,0,0,0,1,0,0,0
1290,644500,-525,19,33,-207,8,-7,0,1,0,0,0,0,0,0,1,0,0,0
1291,645000,-525,22,32,-205,9,-7,0,1,0,0,0,0,0,0,1,0,0,0
1292,645500,-517,19,33,-198,7,-7,0,1,0,0,0,0,0,0,1,0,0,0
1293,646000,-484,19,31,-187,8,-8,0,1,0,0,0,0,0,0,1,0,0,0
1294,646500,-447,22,31,-160,8,-7,0,1,0,0,0,0,0,0,1,0,0,0
1295,647000,-396,21,31,-138,7,-7,0,1,0,0,0,0,0,0,1,0,0,0
1296,647500,-335,19,33,-114,8,-7,0,1,0,0,0,0,0,0,1,0,0,0
1297,648000,-265,19,32,-86,7,-7,0,1,0,0,0,0,0,0,1,0,0,0
1298,648500,-190,19,31,-57,9,-7,0,1,0,0,0,0,0,0,1,0,0,0
1299,649000,-90,21,31,-24,9,-7,0,1,0,0,0,0,0,0,1,0,0,0
1300,649500,-6,19,31,10,7,-8,0,1,0,0,0,0,0,0,1,0,0,0
1301,650000,80,20,33,41,8,-7,0,1,0,0,0,0,0,0,1,0,0,0
1302,650500,162,19,31,72,8,-7,0,1,0,0,0,0,0,0,1,0,0,0
1303,651000,241,18,31,103,8,-7,0,1,0,0,0,0,0,0,1,0,0,0
1304,651500,314,18,31,129,7,-8,0,1,0,0,0,0,0,0,1,0,0,0
1305,652000,363,19,33,156,9,-7,0,1,0,0,0,0,0,0,1,0,0,0
1306,652500,422,17,31,178,7,-7,0,1,0,0,0,0,0,0,1,0,0,0
1307,653000,470,18,31,196,8,-7,0,1,0,0,0,0,0,0,1,0,0,0
1308,653500,505,19,33,208,9,-7,0,1,0,0,0,0,0,0,1,0,0,0
1309,654000,531,18,32,216,8,-7,0,1,0,0,0,0,0,0,1,0,0,0
1310,654500,543,16,31,219,7,-7,0,1,0,0,0,0,0,0,1,0,0,0
1311,655000,540,18,32,218,8,-7,0,1,0,0,0,0,0,0,1,0,0,0
1312,655500,526,16,31,209,7,-8,0,1,0,0,0,0,0,0,1,0,0,0
1313,656000,500,17,31,198,8,-7,0,1,0,0,0,0,0,0,1,0,0,0
1314,656500,461,17,31,183,8,-7,0,1,0,0,0,0,0,0,1,0,0,0
1315,657000,410,18,31,161,7,-8,0,1,0,0,0,0,0,0,1,0,0,0
1316,657500,350,18,31,138,6,-8,0,1,0,0,0,0,0,0,1,0,0,0
1317,658000,280,20,33,109,9,-7,0,1,0,0,0,0,0,0,1,0,0,0
1318,658500,227,19,32,78,8,-7,0,1,0,0,0,0,0,0,1,0,0,0
1319,659000,147,20,33,47,9,-6,0,1,0,0,0,0,0,0,1,0,0,0
1320,659500,63,21,33,14,9,-6,0,1,0,0,0,0,0,0,1,0,0,0
1321,660000,-22,19,32,-18,9,-7,0,1,0,0,0,0,0,0,1,0,0,0
1322,660500,-106,19,33,-49,7,-7,0,1,0,0,0,0,0,0,1,0,0,0
1323,661000,-186,21,31,-80,9,-7,0,1,0,0,0,0,0,0,1,0,0,0
1324,661500,-278,19,31,-108,9,-7,0,1,0,0,0,0,0,0,1,0,0,0
1325,662000,-348,19,33,-133,8,-7,0,1,0,0,0,0,0,0,1,0,0,0
1326,662500,-405,20,31,-155,7,-8,0,1,0,0,0,0,0,0,1,0,0,0
1327,663000,-456,20,31,-185,8,-8,0,1,0,0,0,0,0,0,1,0,0,0
1328,663500,-491,19,33,-198,7,-7,0,1,0,0,0,0,0,0,1,0,0,0
1329,664000,-517,21,32,-205,9,-7,0,1,0,0,0,0,0,0,1,0,0,0
1330,664500,-525,19,33,-207,7,-6,0,1,0,0,0,0,0,0,1,0,0,0
1331,665000,-525,21,32,-205,8,-7,0,1,0,0,0,0,0,0,1,0,0,0
1332,665500,-510,21,31,-198,8,-7,0,1,0,0,0,0,0,0,1,0,0,0
1333,666000,-483,22,31,-187,8,-7,0,1,0,0,0,0,0,0,1,0,0,0
1334,666500,-447,21,31,-157,8,-7,0,1,0,0,0,0,0,0,1,0,0,0
1335,667000,-396,19,31,-138,7,-7,0,1,0,0,0,0,0,0,1,0,0,0
1336,667500,-335,19,33,-113,6,-7,0,1,0,0,0,0,0,0,1,0,0,0
1337,668000,-265,21,32,-86,8,-7,0,1,0,0,0,0,0,0,1,0,0,0
1338,668500,-169,21,31,-54,7,-7,0,1,0,0,0,0,0,0,1,0,0,0
1339,669000,-87,19,31,-21,8,-7,0,1,0,0,0,0,0,0,1,0,0,0
1340,669500,-4,19,31,11,8,-7,0,1,0,0,0,0,0,0,1,0,0,0
1341,670000,81,19,31,42,9,-7,0,1,0,0,0,0,0,0,1,0,0,0
1342,670500,165,21,33,74,9,-7,0,1,0,0,0,0,0,0,1,0,0,0
1343,671000,244,18,31,103,7,-7,0,1,0,0,0,0,0,0,1,0,0,0
1344,671500,298,18,31,133,6,-7,0,1,0,0,0,0,0,0,1,0,0,0
1345,672000,365,18,31,157,6,-7,0,1,0,0,0,0,0,0,1,0,0,0
1346,672500,423,17,31,178,6,-7,0,1,0,0,0,0,0,0,1,0,0,0
1347,673000,471,18,31,196,6,-7,0,1,0,0,0,0,0,0,1,0,0,0
1348,673500,505,16,31,208,8,-7,0,1,0,0,0,0,0,0,1,0,0,0
1349,674000,531,19,33,216,9,-7,0,1,0,0,0,0,0,0,1,0,0,0
1350,674500,543,16,31,219,7,-7,0,1,0,0,0,0,0,0,1,0,0,0
1351,675000,540,19,33,216,9,-7,0,1,0,0,0,0,0,0,1,0,0,0
1352,675500,525,18,32,209,9,-7,0,1,0,0,0,0,0,0,1,0,0,0
1353,676000,497,19,33,197,9,-6,0,1,0,0,0,0,0,0,1,0,0,0
1354,676500,461,18,32,181,9,-6,0,1,0,0,0,0,0,0,1,0,0,0
1355,677000,410,18,30,160,7,-8,0,1,0,0,0,0,0,0,1,0,0,0
1356,677500,350,18,31,135,8,-8,0,1,0,0,0,0,0,0,1,0,0,0
1357,678000,280,20,33,108,9,-6,0,1,0,0,0,0,0,0,1,0,0,0
1358,678500,225,20,33,76,9,-6,0,1,0,0,0,0,0,0,1,0,0,0
1359,679000,143,19,32,47,8,-7,0,1,0,0,0,0,0,0,1,0,0,0
1360,679500,59,19,31,14,9,-7,0,1,0,0,0,0,0,0,1,0,0,0
1361,680000,-25,19,31,-19,8,-7,0,1,0,0,0,0,0,0,1,0,0,0
1362,680500,-109,19,33,-51,7,-6,0,1,0,0,0,0,0,0,1,0,0,0
1363,681000,-188,19,34,-80,6,-6,0,1,0,0,0,0,0,0,1,0,0,0
1364,681500,-283,19,33,-109,8,-6,0,1,0,0,0,0,0,0,1,0,0,0
1365,682000,-352,19,31,-133,7,-7,0,1,0,0,0,0,0,0,1,0,0,0
1366,682500,-408,22,31,-156,8,-7,0,1,0,0,0,0,0,0,1,0,0,0
1367,683000,-456,19,33,-186,7,-7,0,1,0,0,0,0,0,0,1,0,0,0
1368,683500,-495,19,32,-198,9,-7,0,1,0,0,0,0,0,0,1,0,0,0
1369,684000,-517,20,31,-205,8,-8,0,1,0,0,0,0,0,0,1,0,0,0
1370,684500,-525,19,31,-208,7,-8,0,1,0,0,0,0,0,0,1,0,0,0
1371,685000,-525,19,31,-205,9,-7,0,1,0,0,0,0,0,0,1,0,0,0
1372,685500,-513,19,31,-197,9,-7,0,1,0,0,0,0,0,0,1,0,0,0
1373,686000,-483,21,31,-187,8,-7,0,1,0,0,0,0,0,0,1,0,0,0
1374,686500,-447,22,31,-158,9,-7,0,1,0,0,0,0,0,0,1,0,0,0
1375,687000,-396,19,31,-138,9,-7,0,1,0,0,0,0,0,0,1,0,0,0
1376,687500,-335,21,31,-113,9,-7,0,1,0,0,0,0,0,0,1,0,0,0
1377,688000,-260,19,31,-83,7,-7,0,1,0,0,0,0,0,0,1,0,0,0
1378,688500,-168,19,31,-52,6,-7,0,1,0,0,0,0,0,0,1,0,0,0
1379,689000,-85,20,31,-20,8,-7,0,1,0,0,0,0,0,0,1,0,0,0
1380,689500,-1,19,31,11,8,-7,0,1,0,0,0,0,0,0,1,0,0,0
1381,690000,84,19,31,42,7,-7,0,1,0,0,0,0,0,0,1,0,0,0
1382,690500,168,18,31,74,6,-8,0,1,0,0,0,0,0,0,1,0,0,0
1383,691000,246,20,33,104,9,-6,0,1,0,0,0,0,0,0,1,0,0,0
1384,691500,317,19,32,131,8,-7,0,1,0,0,0,0,0,0,1,0,0,0
1385,692000,367,19,31,159,9,-7,0,1,0,0,0,0,0,0,1,0,0,0
1386,692500,424,18,31,179,7,-7,0,1,0,0,0,0,0,0,1,0,0,0
1387,693000,471,19,33,196,9,-6,0,1,0,0,0,0,0,0,1,0,0,0
1388,693500,508,16,31,208,7,-7,0,1,0,0,0,0,0,0,1,0,0,0
1389,694000,531,16,31,216,8,-7,0,1,0,0,0,0,0,0,1,0,0,0
1390,694500,543,19,33,220,9,-7,0,1,0,0,0,0,0,0,1,0,0,0
1391,695000,540,19,33,216,9,-7,0,1,0,0,0,0,0,0,1,0,0,0
1392,695500,523,18,32,209,9,-7,0,1,0,0,0,0,0,0,1,0,0,0
1393,696000,497,16,31,197,7,-7,0,1,0,0,0,0,0,0,1,0,0,0
1394,696500,458,19,32,180,9,-7,0,1,0,0,0,0,0,0,1,0,0,0
1395,697000,409,19,32,160,9,-7,0,1,0,0,0,0,0,0,1,0,0,0
1396,697500,347,18,31,135,7,-7,0,1,0,0,0,0,0,0,1,0,0,0
1397,698000,278,19,33,107,9,-7,0,1,0,0,0,0,0,0,1,0,0,0
1398,698500,222,18,31,76,7,-7,0,1,0,0,0,0,0,0,1,0,0,0
1399,699000,142,18,31,45,8,-7,0,1,0,0,0,0,0,0,1,0,0,0
1400,699500,58,20,31,11,9,-7,0,1,0,0,0,0,0,0,1,0,0,0
1401,700000,-28,19,31,-20,8,-7,0,1,0,0,0,0,0,0,1,0,0,0
1402,700500,-112,21,31,-51,8,-7,0,1,0,0,0,0,0,0,1,0,0,0
1403,701000,-191,19,31,-80,7,-8,0,1,0,0,0,0,0,0,1,0,0,0
1404,701500,-283,21,31,-108,8,-8,0,1,0,0,0,0,0,0,1,0,0,0
1405,702000,-352,21,31,-134,8,-7,0,1,0,0,0,0,0,0,1,0,0,0
1406,702500,-408,19,31,-156,9,-7,0,1,0,0,0,0,0,0,1,0,0,0
1407,703000,-460,21,31,-186,9,-7,0,1,0,0,0,0,0,0,1,0,0,0
1408,703500,-493,21,31,-198,8,-7,0,1,0,0,0,0,0,0,1,0,0,0
1409,704000,-517,21,31,-205,8,-7,0,1,0,0,0,0,0,0,1,0,0,0
1410,704500,-525,21,31,-208,9,-7,0,1,0,0,0,0,0,0,1,0,0,0
1411,705000,-525,19,31,-204,9,-7,0,1,0,0,0,0,0,0,1,0,0,0
1412,705500,-513,19,33,-197,8,-7,0,1,0,0,0,0,0,0,1,0,0,0
1413,706000,-482,21,32,-187,8,-7,0,1,0,0,0,0,0,0,1,0,0,0
1414,706500,-442,22,31,-157,9,-8,0,1,0,0,0,0,0,0,1,0,0,0
1415,707000,-391,19,31,-138,9,-7,0,1,0,0,0,0,0,0,1,0,0,0
1416,707500,-329,19,33,-111,8,-6,0,1,0,0,0,0,0,0,1,0,0,0
1417,708000,-259,19,31,-84,7,-7,0,1,0,0,0,0,0,0,1,0,0,0
1418,708500,-163,21,31,-54,8,-7,0,1,0,0,0,0,0,0,1,0,0,0
1419,709000,-83,19,33,-20,7,-7,0,1,0,0,0,0,0,0,1,0,0,0
1420,709500,3,18,33,11,9,-7,0,1,0,0,0,0,0,0,1,0,0,0
1421,710000,87,20,33,44,9,-6,0,1,0,0,0,0,0,0,1,0,0,0
1422,710500,169,19,32,76,9,-7,0,1,0,0,0,0,0,0,1,0,0,0
1423,711000,248,20,33,104,9,-6,0,1,0,0,0,0,0,0,1,0,0,0
1424,711500,302,19,31,134,7,-7,0,1,0,0,0,0,0,0,1,0,0,0
1425,712000,367,18,31,158,6,-8,0,1,0,0,0,0,0,0,1,0,0,0
1426,712500,426,17,31,180,8,-8,0,1,0,0,0,0,0,0,1,0,0,0
1427,713000,474,16,31,198,7,-7,0,1,0,0,0,0,0,0,1,0,0,0
1428,713500,509,16,31,209,6,-8,0,1,0,0,0,0,0,0,1,0,0,0
1429,714000,531,18,31,218,9,-7,0,1,0,0,0,0,0,0,1,0,0,0
1430,714500,543,16,31,219,7,-7,0,1,0,0,0,0,0,0,1,0,0,0
1431,715000,540,17,31,216,8,-7,0,1,0,0,0,0,0,0,1,0,0,0
1432,715500,523,16,30,208,7,-7,0,1,0,0,0,0,0,0,1,0,0,0
1433,716000,497,17,31,196,6,-7,0,1,0,0,0,0,0,0,1,0,0,0
1434,716500,458,18,31,180,8,-7,0,1,0,0,0,0,0,0,1,0,0,0
1435,717000,406,18,31,159,7,-8,0,1,0,0,0,0,0,0,1,0,0,0
1436,717500,346,20,33,135,9,-7,0,1,0,0,0,0,0,0,1,0,0,0
1437,718000,295,19,32,106,8,-7,0,1,0,0,0,0,0,0,1,0,0,0
1438,718500,219,19,31,76,8,-7,0,1,0,0,0,0,0,0,1,0,0,0
1439,719000,139,18,31,44,7,-8,0,1,0,0,0,0,0,0,1,0,0,0
1440,719500,56,19,33,11,6,-7,0,1,0,0,0,0,0,0,1,0,0,0
1441,720000,-29,21,32,-21,8,-7,0,1,0,0,0,0,0,0,1,0,0,0
1442,720500,-113,19,33,-52,7,-6,0,1,0,0,0,0,0,0,1,0,0,0
1443,721000,-195,19,32,-83,6,-6,0,1,0,0,0,0,0,0,1,0,0,0
1444,721500,-284,19,31,-111,8,-7,0,1,0,0,0,0,0,0,1,0,0,0
1445,722000,-352,19,33,-136,8,-6,0,1,0,0,0,0,0,0,1,0,0,0
1446,722500,-413,22,31,-158,9,-7,0,1,0,0,0,0,0,0,1,0,0,0
1447,723000,-457,19,30,-186,7,-8,0,1,0,0,0,0,0,0,1,0,0,0
1448,723500,-499,19,33,-199,6,-7,0,1,0,0,0,0,0,0,1,0,0,0
1449,724000,-517,19,31,-205,8,-7,0,1,0,0,0,0,0,0,1,0,0,0
1450,724500,-525,19,31,-207,9,-7,0,1,0,0,0,0,0,0,1,0,0,0
1451,725000,-525,21,31,-205,9,-7,0,1,0,0,0,0,0,0,1,0,0,0
1452,725500,-508,21,31,-197,9,-8,0,1,0,0,0,0,0,0,1,0,0,0
1453,726000,-482,22,31,-187,8,-7,0,1,0,0,0,0,0,0,1,0,0,0
1454,726500,-443,19,31,-157,8,-6,0,1,0,0,0,0,0,0,1,0,0,0
1455,727000,-388,21,31,-135,8,-7,0,1,0,0,0,0,0,0,1,0,0,0
1456,727500,-327,19,31,-111,9,-7,0,1,0,0,0,0,0,0,1,0,0,0
1457,728000,-257,22,31,-82,8,-7,0,1,0,0,0,0,0,0,1,0,0,0
1458,728500,-162,21,31,-52,9,-7,0,1,0,0,0,0,0,0,1,0,0,0
1459,729000,-81,20,31,-20,8,-7,0,1,0,0,0,0,0,0,1,0,0,0
1460,729500,6,19,33,11,9,-7,0,1,0,0,0,0,0,0,1,0,0,0
1461,730000,88,18,32,45,8,-7,0,1,0,0,0,0,0,0,1,0,0,0
1462,730500,171,19,31,77,8,-7,0,1,0,0,0,0,0,0,1,0,0,0
1463,731000,250,18,31,106,7,-7,0,1,0,0,0,0,0,0,1,0,0,0
1464,731500,304,19,31,136,8,-7,0,1,0,0,0,0,0,0,1,0,0,0
1465,732000,370,18,31,160,8,-7,0,1,0,0,0,0,0,0,1,0,0,0
1466,732500,428,19,33,180,9,-7,0,1,0,0,0,0,0,0,1,0,0,0
1467,733000,476,19,32,198,8,-7,0,1,0,0,0,0,0,0,1,0,0,0
1468,733500,510,16,31,209,8,-7,0,1,0,0,0,0,0,0,1,0,0,0
1469,734000,531,19,33,216,9,-7,0,1,0,0,0,0,0,0,1,0,0,0
1470,734500,543,18,32,220,9,-7,0,1,0,0,0,0,0,0,1,0,0,0
1471,735000,540,16,31,215,7,-7,0,1,0,0,0,0,0,0,1,0,0,0
1472,735500,523,18,31,209,8,-7,0,1,0,0,0,0,0,0,1,0,0,0
1473,736000,496,18,31,196,7,-7,0,1,0,0,0,0,0,0,1,0,0,0
1474,736500,454,19,31,180,8,-7,0,1,0,0,0,0,0,0,1,0,0,0
1475,737000,404,18,31,159,7,-7,0,1,0,0,0,0,0,0,1,0,0,0
1476,737500,341,19,31,135,8,-7,0,1,0,0,0,0,0,0,1,0,0,0
1477,738000,272,18,31,107,7,-7,0,1,0,0,0,0,0,0,1,0,0,0
1478,738500,216,18,31,74,6,-7,0,1,0,0,0,0,0,0,1,0,0,0
1479,739000,137,19,31,42,6,-8,0,1,0,0,0,0,0,0,1,0,0,0
1480,739500,50,19,31,11,8,-8,0,1,0,0,0,0,0,0,1,0,0,0
1481,740000,-34,19,33,-21,7,-7,0,1,0,0,0,0,0,0,1,0,0,0
1482,740500,-117,19,33,-54,8,-7,0,1,0,0,0,0,0,0,1,0,0,0
1483,741000,-195,19,32,-83,9,-7,0,1,0,0,0,0,0,0,1,0,0,0
1484,741500,-292,19,33,-111,7,-7,0,1,0,0,0,0,0,0,1,0,0,0
1485,742000,-353,21,32,-136,8,-7,0,1,0,0,0,0,0,0,1,0,0,0
1486,742500,-413,19,31,-156,9,-7,0,1,0,0,0,0,0,0,1,0,0,0
1487,743000,-465,21,31,-187,9,-7,0,1,0,0,0,0,0,0,1,0,0,0
1488,743500,-499,19,31,-203,9,-7,0,1,0,0,0,0,0,0,1,0,0,0
1489,744000,-517,21,31,-206,9,-7,0,1,0,0,0,0,0,0,1,0,0,0
1490,744500,-530,21,31,-207,8,-7,0,1,0,0,0,0,0,0,1,0,0,0
1491,745000,-525,19,31,-204,9,-7,0,1,0,0,0,0,0,0,1,0,0,0
1492,745500,-513,19,31,-197,9,-7,0,1,0,0,0,0,0,0,1,0,0,0
1493,746000,-482,21,31,-187,9,-7,0,1,0,0,0,0,0,0,1,0,0,0
1494,746500,-439,19,31,-157,7,-7,0,1,0,0,0,0,0,0,1,0,0,0
