1,0,-1077,18,33,15,9,-6,0,1,0,0,0,0,0,0,0,0,1,0
2,500,-1061,18,31,15,7,-7,0,1,0,0,0,0,0,0,0,0,1,0
3,1000,-937,19,32,16,9,-7,0,1,0,0,0,0,0,0,0,0,1,0
4,1500,-798,20,31,15,9,-7,0,1,0,0,0,0,0,0,0,0,1,0
5,2000,-625,18,31,15,9,-7,0,1,0,0,0,0,0,0,0,0,1,0
6,2500,-421,19,31,15,8,-7,0,1,0,0,0,0,0,0,0,0,1,0
7,3000,-196,20,31,13,8,-7,0,1,0,0,0,0,0,0,0,0,1,0
8,3500,55,19,30,12,8,-8,0,1,0,0,0,0,0,0,0,0,1,0
9,4000,288,18,31,9,6,-8,0,1,0,0,0,0,0,0,0,0,1,0
10,4500,493,18,31,9,6,-8,0,1,0,0,0,0,0,0,0,0,1,0
11,5000,689,18,31,9,6,-7,0,1,0,0,0,0,0,0,0,0,1,0
12,5500,854,19,31,8,8,-7,0,1,0,0,0,0,0,0,0,0,1,0
13,6000,981,18,33,6,7,-7,0,1,0,0,0,0,0,0,0,0,1,0
14,6500,1060,18,33,9,7,-7,0,1,0,0,0,0,0,0,0,0,1,0
15,7000,1094,18,31,9,6,-7,0,1,0,0,0,0,0,0,0,0,1,0
16,7500,1094,18,33,9,8,-7,0,1,0,0,0,0,0,0,0,0,1,0
17,8000,1060,18,33,9,6,-6,0,1,0,0,0,0,0,0,0,0,1,0
18,8500,995,20,31,6,9,-7,0,1,0,0,0,0,0,0,0,0,1,0
19,9000,899,19,31,6,9,-7,0,1,0,0,0,0,0,0,0,0,1,0
20,9500,789,18,30,6,7,-8,0,1,0,0,0,0,0,0,0,0,1,0
21,10000,668,19,31,9,8,-7,0,1,0,0,0,0,0,0,0,0,1,0
22,10500,546,21,31,9,9,-7,0,1,0,0,0,0,0,0,0,0,1,0
23,11000,428,18,31,9,8,-8,0,1,0,0,0,0,0,0,0,0,1,0
24,11500,315,18,32,9,6,-7,0,1,0,0,0,0,0,0,0,0,1,0
25,12000,235,19,31,9,8,-7,0,1,0,0,0,0,0,0,0,0,1,0
26,12500,143,18,30,11,6,-8,0,1,0,0,0,0,0,0,0,0,1,0
27,13000,59,20,31,12,9,-7,0,1,0,0,0,0,0,0,0,0,1,0
28,13500,-20,19,31,12,7,-8,0,1,0,0,0,0,0,0,0,0,1,0
29,14000,-97,18,32,12,9,-7,0,1,0,0,0,0,0,0,0,0,1,0
30,14500,-178,18,33,12,9,-6,0,1,0,0,0,0,0,0,0,0,1,0
31,15000,-283,18,32,12,9,-7,0,1,0,0,0,0,0,0,0,0,1,0
32,15500,-382,18,31,14,8,-7,0,1,0,0,0,0,0,0,0,0,1,0
33,16000,-482,18,30,14,6,-8,0,1,0,0,0,0,0,0,0,0,1,0
34,16500,-595,20,31,15,8,-7,0,1,0,0,0,0,0,0,0,0,1,0
35,17000,-708,19,31,16,8,-7,0,1,0,0,0,0,0,0,0,0,1,0
36,17500,-813,18,31,16,8,-8,0,1,0,0,0,0,0,0,0,0,1,0
37,18000,-916,19,31,17,8,-7,0,1,0,0,0,0,0,0,0,0,1,0
38,18500,-999,19,31,16,8,-7,0,1,0,0,0,0,0,0,0,0,1,0
39,19000,-1061,19,31,16,7,-8,0,1,0,0,0,0,0,0,0,0,1,0
40,19500,-1082,19,31,15,6,-8,0,1,0,0,0,0,0,0,0,0,1,0
41,20000,-1073,18,31,15,6,-8,0,1,0,0,0,0,0,0,0,0,1,0
42,20500,-1025,19,30,15,6,-8,0,1,0,0,0,0,0,0,0,0,1,0
43,21000,-928,21,31,16,8,-7,0,1,0,0,0,0,0,0,0,0,1,0
44,21500,-794,18,31,16,7,-8,0,1,0,0,0,0,0,0,0,0,1,0
45,22000,-614,19,31,16,8,-8,0,1,0,0,0,0,0,0,0,0,1,0
46,22500,-413,18,33,14,9,-7,0,1,0,0,0,0,0,0,0,0,1,0
47,23000,-187,18,33,13,9,-7,0,1,0,0,0,0,0,0,0,0,1,0
48,23500,67,18,31,12,8,-7,0,1,0,0,0,0,0,0,0,0,1,0
49,24000,297,19,30,9,8,-8,0,1,0,0,0,0,0,0,0,0,1,0
50,24500,501,19,31,9,8,-7,0,1,0,0,0,0,0,0,0,0,1,0
51,25000,696,19,31,9,9,-7,0,1,0,0,0,0,0,0,0,0,1,0
52,25500,861,19,31,8,8,-7,0,1,0,0,0,0,0,0,0,0,1,0
53,26000,986,20,31,6,9,-7,0,1,0,0,0,0,0,0,0,0,1,0
54,26500,1068,19,31,9,9,-7,0,1,0,0,0,0,0,0,0,0,1,0
55,27000,1094,19,31,8,8,-8,0,1,0,0,0,0,0,0,0,0,1,0
56,27500,1094,19,31,9,9,-7,0,1,0,0,0,0,0,0,0,0,1,0
57,28000,1063,19,31,9,8,-7,0,1,0,0,0,0,0,0,0,0,1,0
58,28500,994,19,33,9,7,-8,0,1,0,0,0,0,0,0,0,0,1,0
59,29000,898,18,33,6,6,-7,0,1,0,0,0,0,0,0,0,0,1,0
60,29500,787,20,32,6,8,-7,0,1,0,0,0,0,0,0,0,0,1,0
61,30000,667,18,30,9,7,-8,0,1,0,0,0,0,0,0,0,0,1,0
62,30500,545,19,31,9,8,-8,0,1,0,0,0,0,0,0,0,0,1,0
63,31000,426,18,31,9,7,-8,0,1,0,0,0,0,0,0,0,0,1,0
64,31500,315,18,32,9,6,-7,0,1,0,0,0,0,0,0,0,0,1,0
65,32000,235,20,31,9,8,-7,0,1,0,0,0,0,0,0,0,0,1,0
66,32500,142,19,31,12,8,-8,0,1,0,0,0,0,0,0,0,0,1,0
67,33000,59,18,31,12,7,-8,0,1,0,0,0,0,0,0,0,0,1,0
68,33500,-20,19,31,12,8,-8,0,1,0,0,0,0,0,0,0,0,1,0
69,34000,-98,19,31,14,8,-8,0,1,0,0,0,0,0,0,0,0,1,0
70,34500,-180,18,31,13,8,-7,0,1,0,0,0,0,0,0,0,0,1,0
71,35000,-287,20,31,12,8,-8,0,1,0,0,0,0,0,0,0,0,1,0
72,35500,-380,21,31,12,8,-7,0,1,0,0,0,0,0,0,0,0,1,0
73,36000,-482,18,32,12,9,-6,0,1,0,0,0,0,0,0,0,0,1,0
74,36500,-595,18,31,14,9,-7,0,1,0,0,0,0,0,0,0,0,1,0
75,37000,-708,20,31,15,8,-7,0,1,0,0,0,0,0,0,0,0,1,0
76,37500,-814,18,31,16,9,-7,0,1,0,0,0,0,0,0,0,0,1,0
77,38000,-916,19,33,16,9,-7,0,1,0,0,0,0,0,0,0,0,1,0
78,38500,-999,19,31,16,8,-7,0,1,0,0,0,0,0,0,0,0,1,0
79,39000,-1061,20,31,15,8,-7,0,1,0,0,0,0,0,0,0,0,1,0
80,39500,-1082,19,31,15,6,-8,0,1,0,0,0,0,0,0,0,0,1,0
81,40000,-1073,19,32,15,8,-7,0,1,0,0,0,0,0,0,0,0,1,0
82,40500,-1025,18,31,14,7,-7,0,1,0,0,0,0,0,0,0,0,1,0
83,41000,-919,18,32,16,8,-7,0,1,0,0,0,0,0,0,0,0,1,0
84,41500,-785,18,31,16,9,-6,0,1,0,0,0,0,0,0,0,0,1,0
85,42000,-612,18,30,15,7,-8,0,1,0,0,0,0,0,0,0,0,1,0
86,42500,-404,18,33,14,8,-7,0,1,0,0,0,0,0,0,0,0,1,0
87,43000,-179,18,32,12,9,-6,0,1,0,0,0,0,0,0,0,0,1,0
88,43500,74,18,30,12,7,-7,0,1,0,0,0,0,0,0,0,0,1,0
89,44000,306,19,30,9,8,-8,0,1,0,0,0,0,0,0,0,0,1,0
90,44500,508,18,31,9,8,-7,0,1,0,0,0,0,0,0,0,0,1,0
91,45000,704,19,31,8,8,-8,0,1,0,0,0,0,0,0,0,0,1,0
92,45500,867,19,31,8,8,-8,0,1,0,0,0,0,0,0,0,0,1,0
93,46000,991,19,31,6,8,-8,0,1,0,0,0,0,0,0,0,0,1,0
94,46500,1060,20,31,9,8,-7,0,1,0,0,0,0,0,0,0,0,1,0
95,47000,1094,19,33,9,7,-6,0,1,0,0,0,0,0,0,0,0,1,0
96,47500,1094,19,31,9,8,-7,0,1,0,0,0,0,0,0,0,0,1,0
97,48000,1060,19,31,9,8,-8,0,1,0,0,0,0,0,0,0,0,1,0
98,48500,992,18,33,6,8,-7,0,1,0,0,0,0,0,0,0,0,1,0
99,49000,896,18,31,6,8,-7,0,1,0,0,0,0,0,0,0,0,1,0
100,49500,783,18,31,6,8,-7,0,1,0,0,0,0,0,0,0,0,1,0
101,50000,665,18,32,8,8,-7,0,1,0,0,0,0,0,0,0,0,1,0
102,50500,542,19,31,9,8,-7,0,1,0,0,0,0,0,0,0,0,1,0
103,51000,423,18,31,9,8,-8,0,1,0,0,0,0,0,0,0,0,1,0
104,51500,313,19,31,11,8,-7,0,1,0,0,0,0,0,0,0,0,1,0
105,52000,232,18,31,9,6,-8,0,1,0,0,0,0,0,0,0,0,1,0
106,52500,141,19,31,11,7,-7,0,1,0,0,0,0,0,0,0,0,1,0
107,53000,56,19,31,12,6,-8,0,1,0,0,0,0,0,0,0,0,1,0
108,53500,-22,18,31,12,6,-8,0,1,0,0,0,0,0,0,0,0,1,0
109,54000,-98,18,32,12,9,-7,0,1,0,0,0,0,0,0,0,0,1,0
110,54500,-181,18,31,12,8,-8,0,1,0,0,0,0,0,0,0,0,1,0
111,55000,-287,19,30,14,6,-8,0,1,0,0,0,0,0,0,0,0,1,0
112,55500,-381,19,31,15,8,-8,0,1,0,0,0,0,0,0,0,0,1,0
113,56000,-486,20,31,14,8,-7,0,1,0,0,0,0,0,0,0,0,1,0
114,56500,-595,19,31,15,8,-7,0,1,0,0,0,0,0,0,0,0,1,0
115,57000,-708,19,31,16,6,-8,0,1,0,0,0,0,0,0,0,0,1,0
116,57500,-820,20,31,16,8,-8,0,1,0,0,0,0,0,0,0,0,1,0
117,58000,-916,19,31,17,6,-8,0,1,0,0,0,0,0,0,0,0,1,0
118,58500,-999,18,32,15,9,-6,0,1,0,0,0,0,0,0,0,0,1,0
119,59000,-1061,19,31,14,8,-7,0,1,0,0,0,0,0,0,0,0,1,0
120,59500,-1082,19,30,15,7,-8,0,1,0,0,0,0,0,0,0,0,1,0
121,60000,-1069,19,30,16,6,-9,0,1,0,0,0,0,0,0,0,0,1,0
122,60500,-1025,18,30,15,6,-8,0,1,0,0,0,0,0,0,0,0,1,0
123,61000,-916,18,32,16,8,-7,0,1,0,0,0,0,0,0,0,0,1,0
124,61500,-777,21,31,15,8,-7,0,1,0,0,0,0,0,0,0,0,1,0
125,62000,-604,19,33,14,9,-7,0,1,0,0,0,0,0,0,0,0,1,0
126,62500,-396,19,32,15,8,-7,0,1,0,0,0,0,0,0,0,0,1,0
127,63000,-151,18,31,13,9,-6,0,1,0,0,0,0,0,0,0,0,1,0
128,63500,83,20,33,12,9,-6,0,1,0,0,0,0,0,0,0,0,1,0
129,64000,315,19,32,9,9,-7,0,1,0,0,0,0,0,0,0,0,1,0
130,64500,519,18,31,9,7,-8,0,1,0,0,0,0,0,0,0,0,1,0
131,65000,711,19,31,9,8,-7,0,1,0,0,0,0,0,0,0,0,1,0
132,65500,873,18,30,6,8,-8,0,1,0,0,0,0,0,0,0,0,1,0
133,66000,995,19,30,6,8,-8,0,1,0,0,0,0,0,0,0,0,1,0
134,66500,1072,18,31,9,8,-8,0,1,0,0,0,0,0,0,0,0,1,0
135,67000,1094,19,31,9,8,-7,0,1,0,0,0,0,0,0,0,0,1,0
136,67500,1094,20,31,9,9,-7,0,1,0,0,0,0,0,0,0,0,1,0
137,68000,1060,19,30,9,8,-8,0,1,0,0,0,0,0,0,0,0,1,0
138,68500,991,19,31,6,8,-8,0,1,0,0,0,0,0,0,0,0,1,0
139,69000,894,19,30,6,8,-8,0,1,0,0,0,0,0,0,0,0,1,0
140,69500,782,18,30,8,7,-8,0,1,0,0,0,0,0,0,0,0,1,0
141,70000,662,18,32,9,6,-6,0,1,0,0,0,0,0,0,0,0,1,0
142,70500,540,18,31,9,6,-8,0,1,0,0,0,0,0,0,0,0,1,0
143,71000,419,18,31,9,8,-7,0,1,0,0,0,0,0,0,0,0,1,0
144,71500,311,19,31,11,8,-7,0,1,0,0,0,0,0,0,0,0,1,0
145,72000,230,18,31,9,7,-8,0,1,0,0,0,0,0,0,0,0,1,0
146,72500,141,18,31,9,6,-7,0,1,0,0,0,0,0,0,0,0,1,0
147,73000,56,19,31,11,8,-6,0,1,0,0,0,0,0,0,0,0,1,0
148,73500,-23,19,31,12,7,-7,0,1,0,0,0,0,0,0,0,0,1,0
149,74000,-100,18,31,12,9,-7,0,1,0,0,0,0,0,0,0,0,1,0
150,74500,-184,19,31,14,7,-7,0,1,0,0,0,0,0,0,0,0,1,0
151,75000,-292,19,30,14,7,-8,0,1,0,0,0,0,0,0,0,0,1,0
152,75500,-387,19,31,13,9,-7,0,1,0,0,0,0,0,0,0,0,1,0
153,76000,-491,18,33,12,9,-7,0,1,0,0,0,0,0,0,0,0,1,0
154,76500,-599,18,31,15,7,-7,0,1,0,0,0,0,0,0,0,0,1,0
155,77000,-709,19,30,16,7,-8,0,1,0,0,0,0,0,0,0,0,1,0
156,77500,-820,19,31,17,8,-7,0,1,0,0,0,0,0,0,0,0,1,0
157,78000,-917,18,31,16,6,-8,0,1,0,0,0,0,0,0,0,0,1,0
158,78500,-1025,20,31,14,8,-7,0,1,0,0,0,0,0,0,0,0,1,0
159,79000,-1061,19,31,15,7,-8,0,1,0,0,0,0,0,0,0,0,1,0
160,79500,-1082,21,31,15,8,-7,0,1,0,0,0,0,0,0,0,0,1,0
161,80000,-1064,18,33,14,9,-7,0,1,0,0,0,0,0,0,0,0,1,0
162,80500,-1025,20,32,14,8,-7,0,1,0,0,0,0,0,0,0,0,1,0
163,81000,-916,20,31,17,8,-7,0,1,0,0,0,0,0,0,0,0,1,0
164,81500,-777,19,31,16,6,-8,0,1,0,0,0,0,0,0,0,0,1,0
165,82000,-595,18,30,15,6,-8,0,1,0,0,0,0,0,0,0,0,1,0
166,82500,-391,19,33,13,9,-7,0,1,0,0,0,0,0,0,0,0,1,0
167,83000,-144,18,33,12,9,-6,0,1,0,0,0,0,0,0,0,0,1,0
168,83500,48,21,33,12,9,-6,0,1,0,0,0,0,0,0,0,0,1,0
169,84000,105,19,31,12,9,-7,0,1,0,0,0,0,0,0,0,0,1,0
170,84500,89,18,31,12,8,-8,0,1,0,0,0,0,0,0,0,0,1,0
171,85000,81,19,31,12,8,-8,0,1,0,0,0,0,0,0,0,0,1,0
172,85500,81,18,30,12,6,-8,0,1,0,0,0,0,0,0,0,0,1,0
173,86000,84,20,31,12,8,-7,0,1,0,0,0,0,0,0,0,0,1,0
174,86500,82,21,33,11,9,-6,0,1,0,0,0,0,0,0,1,0,0,0
175,87000,80,19,32,12,8,-7,0,1,0,0,0,0,0,0,1,0,1,0
176,87500,83,19,31,12,8,-7,0,1,0,0,0,0,0,0,1,0,1,0
177,88000,78,19,31,12,8,-7,0,1,0,0,0,0,0,0,1,0,1,0
178,88500,80,19,30,12,8,-8,0,1,0,0,0,0,0,0,1,0,1,0
179,89000,77,19,31,12,8,-8,0,1,0,0,0,0,0,0,1,0,1,0
180,89500,78,19,31,12,8,-7,0,1,0,0,0,0,0,0,1,0,1,0
181,90000,76,18,31,12,8,-8,0,1,0,0,0,0,0,0,1,0,1,0
182,90500,77,18,31,12,8,-8,0,1,0,0,0,0,0,0,1,0,1,0
183,91000,75,18,31,12,8,-8,0,1,0,0,0,0,0,0,1,0,1,0
184,91500,75,21,32,12,9,-7,0,1,0,0,0,0,0,0,1,0,1,0
185,92000,75,19,31,14,9,-7,0,1,0,0,0,0,0,0,1,0,1,0
186,92500,73,19,31,13,8,-7,0,1,0,0,0,0,0,0,1,0,1,0
187,93000,72,19,31,12,7,-8,0,1,0,0,0,0,0,0,1,0,1,0
188,93500,72,18,31,12,8,-8,0,1,0,0,0,0,0,0,1,0,1,0
189,94000,72,19,31,14,8,-7,0,1,0,0,0,0,0,0,1,0,1,0
190,94500,72,19,31,15,9,-7,0,1,0,0,0,0,0,0,1,0,1,0
191,95000,71,19,31,14,8,-7,0,1,0,0,0,0,0,0,1,0,1,0
192,95500,71,19,31,14,9,-7,0,1,0,0,0,0,0,0,1,0,1,0
193,96000,71,18,31,13,8,-8,0,1,0,0,0,0,0,0,1,0,1,0
194,96500,69,18,31,12,6,-8,0,1,0,0,0,0,0,0,1,0,1,0
195,97000,70,18,31,12,6,-8,0,1,0,0,0,0,0,0,1,0,1,0
196,97500,70,19,31,12,8,-8,0,1,0,0,0,0,0,0,1,0,1,0
197,98000,68,19,31,14,8,-7,0,1,0,0,0,0,0,0,1,0,1,0
198,98500,69,19,31,13,8,-7,0,1,0,0,0,0,0,0,1,0,1,0
199,99000,67,19,31,14,9,-7,0,1,0,0,0,0,0,0,1,0,1,0
200,99500,66,19,31,13,8,-7,0,1,0,0,0,0,0,0,1,0,1,0
201,100000,66,19,31,14,8,-7,0,1,0,0,0,0,0,0,1,0,1,0
202,100500,66,19,31,15,8,-7,0,1,0,0,0,0,0,0,1,0,1,0
203,101000,68,18,31,14,8,-7,0,1,0,0,0,0,0,0,1,0,1,0
204,101500,65,20,32,15,9,-7,0,1,0,0,0,0,0,0,1,0,1,0
205,102000,65,19,31,14,8,-8,0,1,0,0,0,0,0,0,1,0,1,0
206,102500,64,19,31,15,9,-7,0,1,0,0,0,0,0,0,1,0,1,0
207,103000,65,18,31,14,8,-7,0,1,0,0,0,0,0,0,1,0,1,0
208,103500,64,19,30,15,8,-8,0,1,0,0,0,0,0,0,1,0,1,0
209,104000,62,18,31,14,8,-8,0,1,0,0,0,0,0,0,1,0,1,0
210,104500,64,20,33,13,9,-6,0,1,0,0,0,0,0,0,1,0,1,0
211,105000,62,19,31,12,8,-7,0,1,0,0,0,0,0,0,1,0,1,0
212,105500,64,18,31,12,6,-7,0,1,0,0,0,0,0,0,1,0,1,0
213,106000,62,19,31,15,8,-7,0,1,0,0,0,0,0,0,1,0,1,0
214,106500,62,19,31,14,9,-7,0,1,0,0,0,0,0,0,1,0,1,0
215,107000,62,19,31,14,8,-7,0,1,0,0,0,0,0,0,1,0,1,0
216,107500,61,19,31,14,9,-7,0,1,0,0,0,0,0,0,1,0,1,0
217,108000,62,19,33,15,9,-7,0,1,0,0,0,0,0,0,1,0,1,0
218,108500,59,19,31,13,8,-8,0,1,0,0,0,0,0,0,1,0,1,0
219,109000,59,19,31,12,8,-7,0,1,0,0,0,0,0,0,1,0,1,0
220,109500,59,18,31,12,8,-8,0,1,0,0,0,0,0,0,1,0,1,0
221,110000,61,19,30,12,6,-8,0,1,0,0,0,0,0,0,1,0,1,0
222,110500,59,19,31,14,8,-7,0,1,0,0,0,0,0,0,1,0,1,0
223,111000,59,19,31,13,8,-7,0,1,0,0,0,0,0,0,1,0,1,0
224,111500,58,18,31,12,8,-8,0,1,0,0,0,0,0,0,1,0,1,0
225,112000,59,20,33,12,8,-7,0,1,0,0,0,0,0,0,1,0,1,0
226,112500,58,19,31,12,7,-7,0,1,0,0,0,0,0,0,1,0,1,0
227,113000,58,20,32,12,8,-7,0,1,0,0,0,0,0,0,1,0,1,0
228,113500,58,18,31,12,7,-7,0,1,0,0,0,0,0,0,1,0,1,0
229,114000,56,18,30,12,6,-7,0,1,0,0,0,0,0,0,1,0,1,0
230,114500,58,18,31,12,6,-8,0,1,0,0,0,0,0,0,1,0,1,0
231,115000,58,20,31,12,8,-6,0,1,0,0,0,0,0,0,1,0,1,0
232,115500,56,18,31,12,7,-7,0,1,0,0,0,0,0,0,1,0,1,0
233,116000,56,19,31,12,8,-7,0,1,0,0,0,0,0,0,1,0,1,0
234,116500,56,18,30,12,7,-7,0,1,0,0,0,0,0,0,1,0,1,0
235,117000,55,19,31,12,8,-7,0,1,0,0,0,0,0,0,1,0,1,0
236,117500,55,18,31,12,7,-7,0,1,0,0,0,0,0,0,1,0,1,0
237,118000,55,19,31,12,8,-7,0,1,0,0,0,0,0,0,1,0,1,0
238,118500,53,19,31,12,8,-7,0,1,0,0,0,0,0,0,1,0,1,0
239,119000,53,18,31,12,6,-8,0,1,0,0,0,0,0,0,1,0,0,0
240,119500,53,18,30,12,6,-8,0,1,0,0,0,0,0,0,1,0,0,0
241,120000,53,19,31,12,8,-7,0,1,0,0,0,0,0,0,1,0,0,0
242,120500,53,18,30,12,6,-8,0,1,0,0,0,0,0,0,1,0,0,0
243,121000,53,19,31,12,8,-7,0,1,0,0,0,0,0,0,1,0,0,0
244,121500,53,19,31,12,7,-7,0,1,0,0,0,0,0,0,1,0,0,0
245,122000,53,20,33,12,8,-7,0,1,0,0,0,0,0,0,1,0,0,0
246,122500,53,18,31,12,7,-7,0,1,0,0,0,0,0,0,1,0,0,0
247,123000,52,18,31,12,6,-8,0,1,0,0,0,0,0,0,1,0,0,0
248,123500,53,18,30,12,6,-8,0,1,0,0,0,0,0,0,1,0,0,0
249,124000,53,18,31,12,6,-8,0,1,0,0,0,0,0,0,1,0,0,0
250,124500,52,18,31,12,6,-8,0,1,0,0,0,0,0,0,1,0,0,0
251,125000,52,20,31,11,8,-7,0,1,0,0,0,0,0,0,1,0,0,0
252,125500,53,19,31,12,7,-7,0,1,0,0,0,0,0,0,1,0,0,0
253,126000,53,18,30,12,6,-8,0,1,0,0,0,0,0,0,1,0,0,0
254,126500,50,19,30,12,7,-8,0,1,0,0,0,0,0,0,1,0,0,0
255,127000,52,20,33,11,8,-7,0,1,0,0,0,0,0,0,1,0,0,0
256,127500,52,18,31,11,7,-7,0,1,0,0,0,0,0,0,1,0,0,0
257,128000,50,19,31,12,8,-8,0,1,0,0,0,0,0,0,1,0,0,0
258,128500,51,21,33,12,9,-7,0,1,0,0,0,0,0,0,1,0,0,0
259,129000,50,19,32,12,8,-7,0,1,0,0,0,0,0,0,1,0,0,0
260,129500,52,20,32,12,9,-7,0,1,0,0,0,0,0,0,1,0,0,0
261,130000,49,19,31,12,8,-7,0,1,0,0,0,0,0,0,1,0,0,0
262,130500,50,18,31,12,8,-8,0,1,0,0,0,0,0,0,1,0,0,0
263,131000,49,18,30,12,6,-8,0,1,0,0,0,0,0,0,1,0,0,0
264,131500,49,18,31,12,8,-8,0,1,0,0,0,0,0,0,1,0,0,0
265,132000,49,19,31,12,6,-7,0,1,0,0,0,0,0,0,1,0,0,0
266,132500,50,20,32,12,9,-7,0,1,0,0,0,0,0,0,1,0,0,0
267,133000,47,18,31,12,8,-7,0,1,0,0,0,0,0,0,1,0,0,0
268,133500,48,19,31,12,8,-8,0,1,0,0,0,0,0,0,1,0,0,0
269,134000,48,19,31,12,8,-7,0,1,0,0,0,0,0,0,1,0,0,0
270,134500,48,18,30,12,6,-8,0,1,0,0,0,0,0,0,1,0,0,0
271,135000,47,18,31,12,8,-7,0,1,0,0,0,0,0,0,1,0,0,0
272,135500,49,20,31,12,9,-7,0,1,0,0,0,0,0,0,1,0,0,0
273,136000,48,19,32,11,9,-6,0,1,0,0,0,0,0,0,1,0,0,0
274,136500,47,18,31,12,7,-7,0,1,0,0,0,0,0,0,1,0,0,0
275,137000,47,18,30,12,6,-7,0,1,0,0,0,0,0,0,0,0,0,0
276,137500,47,19,31,12,7,-7,0,1,0,0,0,0,0,0,0,0,0,0
277,138000,47,18,30,12,6,-8,0,1,0,0,0,0,0,0,0,0,0,0
278,138500,47,19,31,12,8,-7,0,1,0,0,0,0,0,0,0,0,0,0
279,139000,47,20,33,12,9,-7,0,1,0,0,0,0,0,0,0,0,0,0
280,139500,47,21,33,12,9,-7,0,1,0,0,0,0,0,0,0,0,0,0
281,140000,46,19,32,12,8,-7,0,1,0,0,0,0,0,0,0,0,0,0
282,140500,45,18,31,12,7,-8,0,1,0,0,0,0,0,0,0,0,0,0
283,141000,46,19,31,12,8,-8,0,1,0,0,0,0,0,0,0,0,0,0
284,141500,45,18,30,12,6,-8,0,1,0,0,0,0,0,0,0,0,0,0
285,142000,47,18,30,11,6,-8,0,1,0,0,0,0,0,0,0,0,0,0
286,142500,45,18,30,12,8,-8,0,1,0,0,0,0,0,0,0,0,0,0
287,143000,47,18,30,12,6,-8,0,1,0,0,0,0,0,0,0,0,0,0
288,143500,45,18,31,12,8,-8,0,1,0,0,0,0,0,0,0,0,0,0
289,144000,45,20,32,12,9,-7,0,1,0,0,0,0,0,0,0,0,0,0
290,144500,44,19,31,12,9,-8,0,1,0,0,0,0,0,0,0,0,0,0
291,145000,44,18,31,12,7,-8,0,1,0,0,0,0,0,0,0,0,0,0
292,145500,45,19,31,12,8,-7,0,1,0,0,0,0,0,0,0,0,0,0
293,146000,44,18,30,12,7,-8,0,1,0,0,0,0,0,0,0,0,0,0
294,146500,46,18,31,12,6,-8,0,1,0,0,0,0,0,0,0,0,0,0
295,147000,44,19,31,12,8,-7,0,1,0,0,0,0,0,0,0,0,0,0
296,147500,44,18,30,12,6,-8,0,1,0,0,0,0,0,0,0,0,0,0
297,148000,44,18,31,12,8,-7,0,1,0,0,0,0,0,0,0,0,0,0
298,148500,44,19,31,12,7,-8,0,1,0,0,0,0,0,0,0,0,0,0
299,149000,44,20,31,12,9,-7,0,1,0,0,0,0,0,0,0,0,0,0
300,149500,43,19,31,12,7,-7,0,1,0,0,0,0,0,0,0,0,0,0
301,150000,44,21,32,11,8,-7,0,1,0,0,0,0,0,0,0,0,0,0
302,150500,44,20,33,11,9,-7,0,1,0,0,0,0,0,0,0,0,0,0
303,151000,43,18,31,12,7,-7,0,1,0,0,0,0,0,0,0,0,0,0
304,151500,43,19,31,12,8,-7,0,1,0,0,0,0,0,0,0,0,0,0
305,152000,44,20,31,12,9,-7,0,1,0,0,0,0,0,0,0,0,0,0
306,152500,44,20,31,11,9,-7,0,1,0,0,0,0,0,0,0,0,0,0
307,153000,43,21,31,11,9,-7,0,1,0,0,0,0,0,0,0,0,0,0
308,153500,42,19,31,12,7,-7,0,1,0,0,0,0,0,0,0,0,0,0
309,154000,43,20,31,12,8,-7,0,1,0,0,0,0,0,0,0,0,0,0
310,154500,42,19,31,12,6,-8,0,1,0,0,0,0,0,0,0,0,0,0
311,155000,42,19,31,12,7,-7,0,1,0,0,0,0,0,0,0,0,0,0
312,155500,42,19,31,12,8,-7,0,1,0,0,0,0,0,0,0,0,0,0
313,156000,43,21,31,12,9,-7,0,1,0,0,0,0,0,0,0,0,0,0
314,156500,42,19,31,12,8,-7,0,1,0,0,0,0,0,0,0,0,0,0
315,157000,41,19,31,12,7,-8,0,1,0,0,0,0,0,0,0,0,0,0
316,157500,43,18,31,12,6,-8,0,1,0,0,0,0,0,0,0,0,0,0
317,158000,42,19,31,12,8,-7,0,1,0,0,0,0,0,0,0,0,0,0
318,158500,41,19,31,12,7,-7,0,1,0,0,0,0,0,0,0,0,0,0
319,159000,41,18,30,12,6,-8,0,1,0,0,0,0,0,0,0,0,0,0
320,159500,41,19,31,12,8,-8,0,1,0,0,0,0,0,0,0,0,0,0
321,160000,41,18,30,12,6,-8,0,1,0,0,0,0,0,0,0,0,0,0
322,160500,41,19,31,12,8,-7,0,1,0,0,0,0,0,0,0,0,0,0
323,161000,42,21,33,11,9,-7,0,1,0,0,0,0,0,0,0,0,0,0
324,161500,41,19,31,12,7,-7,0,1,0,0,0,0,0,0,0,0,0,0
325,162000,41,20,31,12,8,-7,0,1,0,0,0,0,0,0,0,0,0,0
326,162500,40,18,30,12,7,-7,0,1,0,0,0,0,0,0,0,0,0,0
327,163000,40,19,31,12,8,-7,0,1,0,0,0,0,0,0,0,0,0,0
328,163500,40,18,31,12,8,-8,0,1,0,0,0,0,0,0,0,0,0,0
329,164000,42,18,30,12,8,-8,0,1,0,0,0,0,0,0,0,0,0,0
330,164500,40,19,31,12,9,-7,0,1,0,0,0,0,0,0,0,0,0,0
331,165000,41,20,31,12,9,-7,0,1,0,0,0,0,0,0,0,0,0,0
332,165500,41,18,31,12,7,-7,0,1,0,0,0,0,0,0,0,0,0,0
333,166000,39,18,31,12,6,-8,0,1,0,0,0,0,0,0,0,0,0,0
334,166500,40,19,31,12,8,-7,0,1,0,0,0,0,0,0,0,0,0,0
335,167000,41,20,32,12,9,-7,0,1,0,0,0,0,0,0,0,0,0,0
336,167500,41,21,33,12,9,-7,0,1,0,0,0,0,0,0,0,0,0,0
337,168000,39,19,32,12,8,-7,0,1,0,0,0,0,0,0,0,0,0,0
338,168500,40,19,31,12,8,-7,0,1,0,0,0,0,0,0,0,0,0,0
339,169000,39,19,31,12,8,-8,0,1,0,0,0,0,0,0,0,0,0,0
340,169500,40,19,31,12,8,-7,0,1,0,0,0,0,0,0,0,0,0,0
341,170000,40,20,32,12,9,-7,0,1,0,0,0,0,0,0,0,0,0,0
342,170500,37,19,31,12,7,-8,0,1,0,0,0,0,0,0,0,0,0,0
343,171000,39,20,31,12,9,-7,0,1,0,0,0,0,0,0,0,0,0,0
344,171500,39,19,31,12,9,-7,0,1,0,0,0,0,0,0,0,0,0,0
345,172000,39,19,31,12,8,-7,0,1,0,0,0,0,0,0,0,0,0,0
346,172500,40,18,30,12,7,-8,0,1,0,0,0,0,0,0,0,0,0,0
347,173000,37,19,31,12,8,-7,0,1,0,0,0,0,0,0,0,0,0,0
348,173500,39,19,31,11,9,-7,0,1,0,0,0,0,0,0,0,0,0,0
349,174000,39,18,32,9,7,-7,0,1,0,0,0,0,0,0,0,0,0,0
350,174500,37,18,31,9,6,-7,0,1,0,0,0,0,0,0,0,0,0,0
351,175000,37,18,30,9,6,-8,0,1,0,0,0,0,0,0,0,0,0,0
352,175500,39,20,31,8,8,-7,0,1,0,0,0,0,0,0,0,0,0,0
353,176000,39,18,31,9,8,-7,0,1,0,0,0,0,0,0,0,0,0,0
354,176500,37,18,30,9,6,-8,0,1,0,0,0,0,0,0,0,0,0,0
355,177000,39,18,31,8,6,-7,0,1,0,0,0,0,0,0,0,0,0,0
356,177500,37,18,30,9,6,-8,0,1,0,0,0,0,0,0,0,0,0,0
357,178000,37,18,30,9,6,-8,0,1,0,0,0,0,0,0,0,0,0,0
358,178500,39,17,31,9,6,-7,0,1,0,0,0,0,0,0,0,0,0,0
359,179000,39,18,31,9,6,-7,0,1,0,0,0,0,0,0,0,0,0,0
360,179500,37,18,30,9,8,-8,0,1,0,0,0,0,0,0,0,0,0,0
361,180000,37,19,30,9,8,-8,0,1,0,0,0,0,0,0,0,0,0,0
362,180500,37,19,31,11,8,-8,0,1,0,0,0,0,0,0,0,0,0,0
363,181000,37,18,30,9,7,-8,0,1,0,0,0,0,0,0,0,0,0,0
364,181500,37,18,30,9,7,-8,0,1,0,0,0,0,0,0,0,0,0,0
365,182000,37,20,31,9,8,-7,0,1,0,0,0,0,0,0,0,0,0,0
366,182500,37,19,31,11,8,-8,0,1,0,0,0,0,0,0,0,0,0,0
367,183000,37,18,32,9,7,-7,0,1,0,0,0,0,0,0,0,0,0,0
368,183500,37,19,31,11,8,-7,0,1,0,0,0,0,0,0,0,0,0,0
369,184000,36,18,30,9,6,-8,0,1,0,0,0,0,0,0,0,0,0,0
370,184500,36,19,30,9,8,-8,0,1,0,0,0,0,0,0,0,0,0,0
371,185000,37,21,31,9,9,-8,0,1,0,0,0,0,0,0,0,0,0,0
372,185500,37,19,31,11,8,-8,0,1,0,0,0,0,0,0,0,0,0,0
373,186000,37,18,30,9,7,-8,0,1,0,0,0,0,0,0,0,0,0,0
374,186500,36,19,31,11,8,-8,0,1,0,0,0,0,0,0,0,0,0,0
375,187000,37,20,31,9,9,-7,0,1,0,0,0,0,0,0,0,0,0,0
376,187500,36,19,31,11,7,-8,0,1,0,0,0,0,0,0,0,0,0,0
377,188000,36,20,30,11,6,-8,0,1,0,0,0,0,0,0,0,0,0,0
378,188500,37,19,32,9,6,-7,0,1,0,0,0,0,0,0,0,0,0,0
379,189000,36,19,31,11,8,-7,0,1,0,0,0,0,0,0,0,0,0,0
380,189500,37,19,32,9,6,-7,0,1,0,0,0,0,0,0,0,0,0,0
381,190000,37,19,31,12,8,-7,0,1,0,0,0,0,0,0,0,0,0,0
382,190500,36,19,31,12,8,-7,0,1,0,0,0,0,0,0,0,0,0,0
383,191000,36,19,31,12,8,-7,0,1,0,0,0,0,0,0,0,0,0,0
384,191500,36,19,31,12,8,-7,0,1,0,0,0,0,0,0,0,0,0,0
385,192000,36,19,31,12,7,-8,0,1,0,0,0,0,0,0,0,0,0,0
386,192500,37,20,31,11,9,-7,0,1,0,0,0,0,0,0,0,0,0,0
387,193000,37,21,31,11,9,-7,0,1,0,0,0,0,0,0,0,0,0,0
388,193500,36,19,30,11,7,-7,0,1,0,0,0,0,0,0,0,0,0,0
389,194000,36,19,31,12,8,-7,0,1,0,0,0,0,0,0,0,0,0,0
390,194500,36,19,31,12,9,-7,0,1,0,0,0,0,0,0,0,0,0,0
391,195000,34,18,30,11,7,-8,0,1,0,0,0,0,0,0,0,0,0,0
392,195500,37,18,30,11,8,-8,0,1,0,0,0,0,0,0,0,0,0,0
393,196000,34,18,31,12,6,-8,0,1,0,0,0,0,0,0,0,0,0,0
394,196500,34,18,31,12,6,-8,0,1,0,0,0,0,0,0,0,0,0,0
395,197000,36,20,31,11,8,-7,0,1,0,0,0,0,0,0,0,0,0,0
396,197500,34,19,31,12,7,-7,0,1,0,0,0,0,0,0,0,0,0,0
397,198000,34,18,30,12,6,-8,0,1,0,0,0,0,0,0,0,0,0,0
398,198500,36,20,32,11,9,-7,0,1,0,0,0,0,0,0,0,0,0,0
399,199000,34,19,31,12,8,-7,0,1,0,0,0,0,0,0,0,0,0,0
400,199500,34,19,31,12,8,-7,0,1,0,0,0,0,0,0,0,0,0,0
401,200000,36,18,30,11,8,-8,0,1,0,0,0,0,0,0,0,0,0,0
402,200500,37,18,31,11,6,-8,0,1,0,0,0,0,0,0,0,0,0,0
403,201000,34,19,31,12,8,-7,0,1,0,0,0,0,0,0,0,0,0,0
404,201500,34,19,31,12,8,-7,0,1,0,0,0,0,0,0,0,0,0,0
405,202000,36,18,30,11,6,-8,0,1,0,0,0,0,0,0,0,0,0,0
406,202500,34,19,31,12,8,-8,0,1,0,0,0,0,0,0,0,0,0,0
407,203000,34,19,31,12,9,-7,0,1,0,0,0,0,0,0,0,0,0,0
408,203500,34,19,31,12,8,-7,0,1,0,0,0,0,0,0,0,0,0,0
409,204000,36,18,30,12,8,-8,0,1,0,0,0,0,0,0,0,0,0,0
410,204500,36,18,30,12,6,-8,0,1,0,0,0,0,0,0,0,0,0,0
411,205000,36,18,30,11,7,-9,0,1,0,0,0,0,0,0,0,0,0,0
412,205500,36,21,32,12,9,-7,0,1,0,0,0,0,0,0,0,0,0,0
413,206000,34,19,31,12,9,-7,0,1,0,0,0,0,0,0,0,0,0,0
414,206500,34,18,31,12,8,-8,0,1,0,0,0,0,0,0,0,0,0,0
415,207000,36,18,30,12,6,-8,0,1,0,0,0,0,0,0,0,0,0,0
416,207500,33,19,31,12,8,-7,0,1,0,0,0,0,0,0,0,0,0,0
417,208000,34,20,32,12,9,-7,0,1,0,0,0,0,0,0,0,0,0,0
418,208500,34,18,31,12,7,-7,0,1,0,0,0,0,0,0,0,0,0,0
419,209000,34,18,31,12,7,-8,0,1,0,0,0,0,0,0,0,0,0,0
420,209500,28,20,32,12,9,-6,0,1,0,0,0,0,0,0,0,0,0,0
421,210000,34,19,30,6,7,-7,0,1,0,0,0,0,0,0,0,0,0,0
422,210500,34,19,31,12,6,-8,0,1,0,0,0,0,0,0,0,0,0,0
423,211000,34,18,30,12,6,-8,0,1,0,0,0,0,0,0,0,0,0,0
424,211500,34,18,31,12,8,-8,0,1,0,0,0,0,0,0,0,0,0,0
425,212000,34,19,31,12,8,-7,0,1,0,0,0,0,0,0,0,0,0,0
426,212500,34,18,30,12,7,-8,0,1,0,0,0,0,0,0,0,0,0,0
427,213000,34,19,31,12,8,-7,0,1,0,0,0,0,0,0,0,0,0,0
428,213500,34,19,31,12,8,-7,0,1,0,0,0,0,0,0,0,0,0,0
429,214000,34,19,31,12,8,-7,0,1,0,0,0,0,0,0,0,0,0,0
430,214500,33,18,30,12,7,-8,0,1,0,0,0,0,0,0,0,0,0,0
431,215000,34,19,31,12,8,-6,0,1,0,0,0,0,0,0,0,0,0,0
432,215500,34,19,31,12,8,-7,0,1,0,0,0,0,0,0,0,0,0,0
433,216000,33,18,31,12,8,-7,0,1,0,0,0,0,0,0,0,0,0,0
434,216500,34,20,33,12,14,-7,0,1,0,0,0,0,0,0,0,0,0,0
435,217000,34,20,33,12,10,-7,0,1,0,0,0,0,0,0,0,0,0,0
436,217500,36,19,31,12,8,-7,0,1,0,0,0,0,0,0,0,0,0,0
437,218000,33,19,31,6,8,-7,0,1,0,0,0,0,0,0,0,0,0,0
438,218500,34,18,31,11,6,-8,0,1,0,0,0,0,0,0,0,0,0,0
439,219000,33,18,31,12,5,-8,0,1,0,0,0,0,0,0,0,0,0,0
440,219500,34,18,29,12,6,-8,0,1,0,0,0,0,0,0,0,0,0,0
441,220000,34,21,31,11,9,-8,0,1,0,0,0,0,0,0,0,0,0,0
442,220500,33,19,31,14,8,-7,0,1,0,0,0,0,0,0,0,0,0,0
443,221000,33,18,30,13,7,-8,0,1,0,0,0,0,0,0,0,0,0,0
444,221500,33,18,30,12,6,-8,0,1,0,0,0,0,0,0,0,0,0,0
445,222000,34,19,31,12,8,-8,0,1,0,0,0,0,0,0,0,0,0,0
446,222500,33,21,33,12,9,-7,0,1,0,0,0,0,0,0,0,0,0,0
447,223000,34,19,32,12,8,-7,0,1,0,0,0,0,0,0,0,0,0,0
448,223500,33,19,31,12,9,-7,0,1,0,0,0,0,0,0,0,0,0,0
449,224000,34,18,30,12,7,-7,0,1,0,0,0,0,0,0,0,0,0,0
450,224500,33,19,31,12,7,-7,0,1,0,0,0,0,0,0,0,0,0,0
451,225000,34,19,25,12,6,-8,0,1,0,0,0,0,0,0,0,0,0,0
452,225500,34,19,30,12,8,-11,0,1,0,0,0,0,0,0,0,0,0,0
453,226000,34,18,32,7,7,-7,0,1,0,0,0,0,0,0,0,0,0,0
454,226500,33,19,31,12,8,-7,0,1,0,0,0,0,0,0,0,0,0,0
455,227000,33,20,32,12,6,-7,0,1,0,0,0,0,0,0,0,0,0,0
456,227500,31,18,31,12,6,-7,0,1,0,0,0,0,0,0,0,0,0,0
457,228000,33,18,31,12,6,-8,0,1,0,0,0,0,0,0,0,0,0,0
458,228500,33,19,31,12,8,-7,0,1,0,0,0,0,0,0,0,0,0,0
459,229000,31,19,31,12,9,-7,0,1,0,0,0,0,0,0,0,0,0,0
460,229500,31,19,31,12,8,-8,0,1,0,0,0,0,0,0,0,0,0,0
461,230000,33,19,31,12,8,-7,0,1,0,0,0,0,0,0,0,0,0,0
462,230500,31,18,31,12,6,-7,0,1,0,0,0,0,0,0,0,0,0,0
463,231000,31,19,31,12,8,-7,0,1,0,0,0,0,0,0,0,0,0,0
464,231500,31,19,31,12,9,-7,0,1,0,0,0,0,0,0,0,0,0,0
465,232000,34,18,31,12,7,-8,0,1,0,0,0,0,0,0,0,0,0,0
466,232500,31,18,31,12,6,-8,0,1,0,0,0,0,0,0,0,0,0,0
467,233000,31,19,26,12,6,-8,0,1,0,0,0,0,0,0,0,0,0,0
468,233500,31,19,30,12,8,-12,0,1,0,0,0,0,0,0,0,0,0,0
469,234000,31,18,31,12,7,-9,0,1,0,0,0,0,0,0,0,0,0,0
470,234500,31,19,31,12,8,-7,0,1,0,0,0,0,0,0,0,0,0,0
471,235000,31,18,31,12,12,-7,0,1,0,0,0,0,0,0,0,0,0,0
472,235500,31,18,31,12,7,-8,0,1,0,0,0,0,0,0,0,0,0,0
473,236000,27,18,31,12,7,-7,0,1,0,0,0,0,0,0,0,0,0,0
474,236500,34,18,32,8,6,-6,0,1,0,0,0,0,0,0,0,0,0,0
475,237000,31,18,31,12,8,-7,0,1,0,0,0,0,0,0,0,0,0,0
476,237500,33,20,31,12,9,-6,0,1,0,0,0,0,0,0,0,0,0,0
477,238000,31,19,31,12,8,-7,0,1,0,0,0,0,0,0,0,0,0,0
478,238500,30,18,31,12,6,-7,0,1,0,0,0,0,0,0,0,0,0,0
479,239000,33,20,31,12,9,-7,0,1,0,0,0,0,0,0,0,0,0,0
480,239500,31,19,31,12,8,-7,0,1,0,0,0,0,0,0,0,0,0,0
481,240000,33,18,31,12,8,-8,0,1,0,0,0,0,0,0,0,0,0,0
482,240500,33,18,31,11,8,-8,0,1,0,0,0,0,0,0,0,0,0,0
483,241000,33,18,30,12,6,-7,0,1,0,0,0,0,0,0,0,0,0,0
484,241500,31,19,31,12,8,-12,0,1,0,0,0,0,0,0,0,0,0,0
485,242000,31,18,31,12,7,-9,0,1,0,0,0,0,0,0,0,0,0,0
486,242500,31,19,31,12,8,-7,0,1,0,0,0,0,0,0,0,0,0,0
487,243000,31,19,31,12,13,-7,0,1,0,0,0,0,0,0,0,0,0,0
488,243500,31,19,31,12,10,-7,0,1,0,0,0,0,0,0,0,0,0,0
489,244000,27,18,31,12,7,-6,0,1,0,0,0,0,0,0,0,0,0,0
490,244500,31,19,30,6,8,-8,0,1,0,0,0,0,0,0,0,0,0,0
491,245000,31,22,31,12,8,-8,0,1,0,0,0,0,0,0,0,0,0,0
492,245500,33,18,31,12,6,-8,0,1,0,0,0,0,0,0,0,0,0,0
493,246000,31,20,31,12,9,-7,0,1,0,0,0,0,0,0,0,0,0,0
494,246500,34,19,31,12,9,-7,0,1,0,0,0,0,0,0,0,0,0,0
495,247000,31,19,31,14,8,-7,0,1,0,0,0,0,0,0,0,0,0,0
496,247500,33,18,31,12,7,-7,0,1,0,0,0,0,0,0,0,0,0,0
497,248000,31,19,31,12,8,-7,0,1,0,0,0,0,0,0,0,0,0,0
498,248500,31,19,31,12,6,-8,0,1,0,0,0,0,0,0,0,0,0,0
499,249000,33,18,31,12,6,-8,0,1,0,0,0,0,0,0,0,0,0,0
500,249500,33,18,31,11,8,-8,0,1,0,0,0,0,0,0,0,0,0,0
501,250000,31,19,31,12,8,-7,0,1,0,0,0,0,0,0,0,0,0,0
502,250500,33,18,31,12,8,-8,0,1,0,0,0,0,0,0,0,0,0,0
503,251000,31,19,31,12,8,-7,0,1,0,0,0,0,0,0,0,0,0,0
504,251500,31,19,31,12,8,-8,0,1,0,0,0,0,0,0,0,0,0,0
505,252000,31,18,31,12,6,-8,0,1,0,0,0,0,0,0,0,0,0,0
506,252500,31,19,31,12,7,-7,0,1,0,0,0,0,0,0,0,0,0,0
507,253000,31,18,31,12,6,-8,0,1,0,0,0,0,0,0,0,0,0,0
508,253500,31,18,30,12,6,-8,0,1,0,0,0,0,0,0,0,0,0,0
509,254000,31,20,32,11,8,-7,0,1,0,0,0,0,0,0,0,0,0,0
510,254500,31,19,31,12,8,-7,0,1,0,0,0,0,0,0,0,0,0,0
511,255000,31,18,31,14,7,-8,0,1,0,0,0,0,0,0,0,0,0,0
512,255500,31,20,33,12,9,-7,0,1,0,0,0,0,0,0,0,0,0,0
513,256000,31,18,31,11,7,-7,0,1,0,0,0,0,0,0,0,0,0,0
514,256500,30,19,31,12,8,-7,0,1,0,0,0,0,0,0,0,0,0,0
515,257000,31,20,32,12,9,-7,0,1,0,0,0,0,0,0,0,0,0,0
516,257500,30,19,31,12,8,-7,0,1,0,0,0,0,0,0,0,0,0,0
517,258000,31,21,31,12,9,-7,0,1,0,0,0,0,0,0,0,0,0,0
518,258500,30,19,31,12,7,-8,0,1,0,0,0,0,0,0,0,0,0,0
519,259000,31,19,31,12,6,-8,0,1,0,0,0,0,0,0,0,0,0,0
520,259500,30,19,36,12,8,-7,0,1,0,0,0,0,0,0,0,0,0,0
521,260000,30,19,32,12,8,-11,0,1,0,0,0,0,0,0,0,0,0,0
522,260500,31,19,31,12,9,-8,0,1,0,0,0,0,0,0,0,0,0,0
523,261000,31,21,33,11,9,-7,0,1,0,0,0,0,0,0,0,0,0,0
524,261500,31,18,31,12,4,-8,0,1,0,0,0,0,0,0,0,0,0,0
525,262000,31,20,32,12,8,-7,0,1,0,0,0,0,0,0,0,0,0,0
526,262500,31,19,31,11,7,-9,0,1,0,0,0,0,0,0,0,0,0,0
527,263000,31,19,31,12,8,-8,0,1,0,0,0,0,0,0,0,0,0,0
528,263500,31,19,31,12,9,-7,0,1,0,0,0,0,0,0,0,0,0,0
529,264000,30,19,31,12,8,-8,0,1,0,0,0,0,0,0,0,0,0,0
530,264500,31,18,30,12,7,-8,0,1,0,0,0,0,0,0,0,0,0,0
531,265000,28,19,31,12,8,-7,0,1,0,0,0,0,0,0,0,0,0,0
532,265500,30,19,31,12,8,-7,0,1,0,0,0,0,0,0,0,0,0,0
533,266000,30,19,31,12,8,-7,0,1,0,0,0,0,0,0,0,0,0,0
534,266500,30,19,31,12,8,-7,0,1,0,0,0,0,0,0,0,0,0,0
535,267000,30,18,30,12,8,-8,0,1,0,0,0,0,0,0,0,0,0,0
536,267500,31,18,35,11,6,-8,0,1,0,0,0,0,0,0,0,0,0,0
537,268000,31,19,32,12,6,-11,0,1,0,0,0,0,0,0,0,0,0,0
538,268500,31,19,31,12,8,-8,0,1,0,0,0,0,0,0,0,0,0,0
539,269000,31,21,33,12,9,-7,0,1,0,0,0,0,0,0,0,0,0,0
540,269500,29,19,31,12,12,-8,0,1,0,0,0,0,0,0,0,0,0,0
541,270000,30,18,30,12,8,-8,0,1,0,0,0,0,0,0,0,0,0,0
542,270500,26,18,30,12,6,-8,0,1,0,0,0,0,0,0,0,0,0,0
543,271000,30,18,30,12,6,-8,0,1,0,0,0,0,0,0,0,0,0,0
544,271500,30,18,31,12,8,-7,0,1,0,0,0,0,0,0,0,0,0,0
545,272000,31,19,31,12,9,-7,0,1,0,0,0,0,0,0,0,0,0,0
546,272500,30,18,30,12,7,-8,0,1,0,0,0,0,0,0,0,0,0,0
547,273000,30,18,30,12,6,-8,0,1,0,0,0,0,0,0,0,0,0,0
548,273500,31,18,30,12,6,-8,0,1,0,0,0,0,0,0,0,0,0,0
549,274000,30,19,31,12,8,-7,0,1,0,0,0,0,0,0,0,0,0,0
550,274500,31,18,31,12,7,-8,0,1,0,0,0,0,0,0,0,0,0,0
551,275000,30,19,31,12,8,-7,0,1,0,0,0,0,0,0,0,0,0,0
552,275500,29,18,30,12,7,-8,0,1,0,0,0,0,0,0,0,0,0,0
553,276000,28,19,31,12,8,-13,0,1,0,0,0,0,0,0,0,0,0,0
554,276500,28,18,31,12,7,-9,0,1,0,0,0,0,0,0,0,0,0,0
555,277000,31,23,31,11,8,-8,0,1,0,0,0,0,0,0,0,0,0,0
556,277500,31,19,30,11,6,-8,0,1,0,0,0,0,0,0,0,0,0,0
557,278000,31,18,30,12,7,-8,0,1,0,0,0,0,0,0,0,0,0,0
558,278500,23,19,31,12,8,-7,0,1,0,0,0,0,0,0,0,0,0,0
559,279000,30,19,31,18,8,-7,0,1,0,0,0,0,0,0,0,0,0,0
560,279500,30,16,31,13,8,-7,0,1,0,0,0,0,0,0,0,0,0,0
561,280000,30,18,31,12,8,-7,0,1,0,0,0,0,0,0,0,0,0,0
562,280500,31,18,30,12,8,-8,0,1,0,0,0,0,0,0,0,0,0,0
563,281000,33,18,31,12,8,-8,0,1,0,0,0,0,0,0,0,0,0,0
564,281500,31,19,31,12,8,-8,0,1,0,0,0,0,0,0,0,0,0,0
565,282000,31,18,30,12,6,-8,0,1,0,0,0,0,0,0,0,0,0,0
566,282500,28,18,31,12,6,-8,0,1,0,0,0,0,0,0,0,0,0,0
567,283000,28,19,31,12,8,-8,0,1,0,0,0,0,0,0,0,0,0,0
568,283500,28,19,31,12,8,-7,0,1,0,0,0,0,0,0,0,0,0,0
569,284000,31,18,31,12,6,-11,0,1,0,0,0,0,0,0,0,0,0,0
570,284500,30,21,32,12,8,-8,0,1,0,0,0,0,0,0,0,0,0,0
571,285000,28,18,31,12,7,-7,0,1,0,0,0,0,0,0,0,0,0,0
572,285500,28,19,31,12,8,-7,0,1,0,0,0,0,0,0,0,0,0,0
573,286000,31,20,33,12,9,-6,0,1,0,0,0,0,0,0,0,0,0,0
574,286500,24,19,32,12,9,-4,0,1,0,0,0,0,0,0,0,0,0,0
575,287000,28,19,31,12,8,-7,0,1,0,0,0,0,0,0,0,0,0,0
576,287500,31,21,33,12,9,-7,0,1,0,0,0,0,0,0,0,0,0,0
577,288000,30,21,33,12,9,-6,0,1,0,0,0,0,0,0,0,0,0,0
578,288500,28,18,31,12,7,-7,0,1,0,0,0,0,0,0,0,0,0,0
579,289000,27,18,30,12,7,-7,0,1,0,0,0,0,0,0,0,0,0,0
580,289500,28,18,30,11,6,-8,0,1,0,0,0,0,0,0,0,0,0,0
581,290000,28,19,31,12,6,-8,0,1,0,0,0,0,0,0,0,0,0,0
582,290500,30,20,33,12,9,-7,0,1,0,0,0,0,0,0,0,0,0,0
583,291000,28,18,31,12,7,-7,0,1,0,0,0,0,0,0,0,0,0,0
584,291500,31,18,30,12,6,-8,0,1,0,0,0,0,0,0,0,0,0,0
585,292000,28,19,31,12,8,-8,0,1,0,0,0,0,0,0,0,0,0,0
586,292500,28,19,31,12,8,-7,0,1,0,0,0,0,0,0,0,0,0,0
587,293000,28,18,31,12,6,-8,0,1,0,0,0,0,0,0,0,0,0,0
588,293500,30,20,31,12,8,-7,0,1,0,0,0,0,0,0,0,0,0,0
589,294000,30,19,31,12,7,-7,0,1,0,0,0,0,0,0,0,0,0,0
590,294500,28,19,31,12,8,-7,0,1,0,0,0,0,0,0,0,0,0,0
591,295000,30,19,33,11,9,-7,0,1,0,0,0,0,0,0,0,0,0,0
592,295500,28,19,32,12,8,-7,0,1,0,0,0,0,0,0,0,0,0,0
593,296000,28,18,31,12,8,-8,0,1,0,0,0,0,0,0,0,0,0,0
594,296500,30,20,33,12,9,-7,0,1,0,0,0,0,0,0,0,0,0,0
595,297000,28,18,31,12,8,-7,0,1,0,0,0,0,0,0,0,0,0,0
596,297500,28,18,30,12,6,-8,0,1,0,0,0,0,0,0,0,0,0,0
597,298000,28,19,31,12,8,-8,0,1,0,0,0,0,0,0,0,0,0,0
598,298500,28,19,31,12,9,-7,0,1,0,0,0,0,0,0,0,0,0,0
599,299000,28,18,31,12,8,-7,0,1,0,0,0,0,0,0,0,0,0,0
600,299500,28,18,30,12,6,-8,0,1,0,0,0,0,0,0,0,0,0,0
601,300000,28,19,31,12,8,-7,0,1,0,0,0,0,0,0,0,0,0,0
602,300500,28,18,30,12,8,-8,0,1,0,0,0,0,0,0,0,0,0,0
603,301000,28,18,31,12,6,-8,0,1,0,0,0,0,0,0,0,0,0,0
604,301500,29,20,33,12,9,-7,0,1,0,0,0,0,0,0,0,0,0,0
605,302000,30,18,31,12,7,-8,0,1,0,0,0,0,0,0,0,0,0,0
606,302500,28,18,30,12,6,-8,0,1,0,0,0,0,0,0,0,0,0,0
607,303000,29,20,32,11,9,-6,0,1,0,0,0,0,0,0,0,0,0,0
608,303500,28,19,31,12,8,-7,0,1,0,0,0,0,0,0,0,0,0,0
609,304000,28,19,31,12,6,-7,0,1,0,0,0,0,0,0,0,0,0,0
610,304500,28,19,31,12,8,-8,0,1,0,0,0,0,0,0,0,0,0,0
611,305000,28,19,31,12,8,-7,0,1,0,0,0,0,0,0,0,0,0,0
612,305500,30,20,33,12,9,-7,0,1,0,0,0,0,0,0,0,0,0,0
613,306000,28,19,32,12,8,-7,0,1,0,0,0,0,0,0,0,0,0,0
614,306500,28,18,30,12,8,-8,0,1,0,0,0,0,0,0,0,0,0,0
615,307000,28,18,30,12,6,-8,0,1,0,0,0,0,0,0,0,0,0,0
616,307500,28,19,31,12,8,-7,0,1,0,0,0,0,0,0,0,0,0,0
617,308000,28,19,30,12,8,-7,0,1,0,0,0,0,0,0,0,0,0,0
618,308500,28,19,31,12,8,-7,0,1,0,0,0,0,0,0,0,0,0,0
619,309000,30,21,31,12,9,-7,0,1,0,0,0,0,0,0,0,0,0,0
620,309500,28,19,31,12,7,-7,0,1,0,0,0,0,0,0,0,0,0,0
621,310000,30,20,33,12,9,-7,0,1,0,0,0,0,0,0,0,0,0,0
622,310500,30,19,31,12,7,-7,0,1,0,0,0,0,0,0,0,0,0,0
623,311000,28,19,31,12,8,-7,0,1,0,0,0,0,0,0,0,0,0,0
624,311500,29,21,33,12,9,-7,0,1,0,0,0,0,0,0,0,0,0,0
625,312000,30,18,31,12,7,-8,0,1,0,0,0,0,0,0,0,0,0,0
626,312500,28,18,31,12,6,-8,0,1,0,0,0,0,0,0,0,0,0,0
627,313000,28,18,31,12,6,-8,0,1,0,0,0,0,0,0,0,0,0,0
628,313500,30,20,33,12,8,-7,0,1,0,0,0,0,0,0,0,0,0,0
629,314000,30,21,33,11,9,-7,0,1,0,0,0,0,0,0,0,0,0,0
630,314500,30,20,33,11,8,-7,0,1,0,0,0,0,0,0,0,0,0,0
631,315000,30,18,31,12,8,-8,0,1,0,0,0,0,0,0,0,0,0,0
632,315500,30,20,31,12,9,-7,0,1,0,0,0,0,0,0,0,0,0,0
633,316000,28,19,31,12,8,-7,0,1,0,0,0,0,0,0,0,0,0,0
634,316500,30,18,30,12,8,-8,0,1,0,0,0,0,0,0,0,0,0,0
635,317000,28,18,30,12,6,-8,0,1,0,0,0,0,0,0,0,0,0,0
636,317500,28,18,30,12,6,-8,0,1,0,0,0,0,0,0,0,0,0,0
637,318000,28,19,31,12,8,-7,0,1,0,0,0,0,0,0,0,0,0,0
638,318500,30,19,31,12,8,-8,0,1,0,0,0,0,0,0,0,0,0,0
639,319000,28,18,31,12,6,-8,0,1,0,0,0,0,0,0,0,0,0,0
640,319500,28,19,31,12,8,-7,0,1,0,0,0,0,0,0,0,0,0,0
641,320000,28,18,30,12,6,-7,0,1,0,0,0,0,0,0,0,0,0,0
642,320500,28,18,30,12,6,-8,0,1,0,0,0,0,0,0,0,0,0,0
643,321000,30,20,31,11,9,-7,0,1,0,0,0,0,0,0,0,0,0,0
644,321500,30,18,30,12,7,-7,0,1,0,0,0,0,0,0,0,0,0,0
645,322000,28,19,30,12,6,-8,0,1,0,0,0,0,0,0,0,0,0,0
646,322500,28,19,31,12,8,-7,0,1,0,0,0,0,0,0,0,0,0,0
647,323000,30,18,31,12,7,-8,0,1,0,0,0,0,0,0,0,0,0,0
648,323500,30,20,32,11,9,-6,0,1,0,0,0,0,0,0,0,0,0,0
649,324000,30,18,31,12,8,-7,0,1,0,0,0,0,0,0,0,0,0,0
650,324500,30,19,30,12,6,-8,0,1,0,0,0,0,0,0,0,0,0,0
651,325000,28,19,31,12,8,-7,0,1,0,0,0,0,0,0,0,0,0,0
652,325500,28,18,31,12,7,-7,0,1,0,0,0,0,0,0,0,0,0,0
653,326000,28,19,31,12,8,-7,0,1,0,0,0,0,0,0,0,0,0,0
654,326500,28,19,31,12,8,-8,0,1,0,0,0,0,0,0,0,0,0,0
655,327000,29,19,31,12,9,-7,0,1,0,0,0,0,0,0,0,0,0,0
656,327500,28,19,31,12,8,-7,0,1,0,0,0,0,0,0,0,0,0,0
657,328000,30,18,31,12,6,-8,0,1,0,0,0,0,0,0,0,0,0,0
658,328500,28,19,31,12,8,-7,0,1,0,0,0,0,0,0,0,0,0,0
659,329000,31,18,31,12,6,-8,0,1,0,0,0,0,0,0,0,0,0,0
660,329500,28,19,31,12,8,-7,0,1,0,0,0,0,0,0,0,0,0,0
661,330000,29,20,33,12,9,-7,0,1,0,0,0,0,0,0,0,0,0,0
662,330500,30,18,31,12,7,-8,0,1,0,0,0,0,0,0,0,0,0,0
663,331000,28,18,30,12,8,-8,0,1,0,0,0,0,0,0,0,0,0,0
664,331500,28,18,30,12,8,-8,0,1,0,0,0,0,0,0,0,0,0,0
665,332000,28,19,31,12,8,-7,0,1,0,0,0,0,0,0,0,0,0,0
666,332500,30,20,32,12,9,-7,0,1,0,0,0,0,0,0,0,0,0,0
667,333000,30,20,33,12,9,-7,0,1,0,0,0,0,0,0,0,0,0,0
668,333500,28,19,31,12,9,-7,0,1,0,0,0,0,0,0,0,0,0,0
669,334000,28,18,31,12,7,-8,0,1,0,0,0,0,0,0,0,0,0,0
670,334500,29,20,32,12,9,-7,0,1,0,0,0,0,0,0,0,0,0,0
671,335000,28,18,31,12,8,-7,0,1,0,0,0,0,0,0,0,0,0,0
672,335500,28,19,31,12,8,-7,0,1,0,0,0,0,0,0,0,0,0,0
673,336000,30,18,30,12,8,-8,0,1,0,0,0,0,0,0,0,0,0,0
674,336500,28,19,31,12,9,-7,0,1,0,0,0,0,0,0,0,0,0,0
675,337000,28,19,31,12,8,-7,0,1,0,0,0,0,0,0,0,0,0,0
676,337500,28,18,31,12,7,-8,0,1,0,0,0,0,0,0,0,0,0,0
677,338000,30,18,30,12,6,-8,0,1,0,0,0,0,0,0,0,0,0,0
678,338500,28,18,31,12,6,-8,0,1,0,0,0,0,0,0,0,0,0,0
679,339000,28,18,30,12,6,-8,0,1,0,0,0,0,0,0,0,0,0,0
680,339500,31,18,30,12,6,-8,0,1,0,0,0,0,0,0,0,0,0,0
681,340000,28,18,30,12,6,-8,0,1,0,0,0,0,0,0,0,0,0,0
682,340500,29,20,32,12,9,-7,0,1,0,0,0,0,0,0,0,0,0,0
683,341000,28,19,31,12,9,-7,0,1,0,0,0,0,0,0,0,0,0,0
684,341500,28,19,31,12,8,-7,0,1,0,0,0,0,0,0,0,0,0,0
685,342000,28,19,31,12,8,-7,0,1,0,0,0,0,0,0,0,0,0,0
686,342500,30,18,30,12,6,-7,0,1,0,0,0,0,0,0,0,0,0,0
687,343000,28,19,31,12,8,-7,0,1,0,0,0,0,0,0,0,0,0,0
688,343500,29,21,33,12,9,-7,0,1,0,0,0,0,0,0,0,0,0,0
689,344000,28,18,31,12,7,-7,0,1,0,0,0,0,0,0,0,0,0,0
690,344500,28,19,31,12,8,-7,0,1,0,0,0,0,0,0,0,0,0,0
691,345000,28,21,32,12,9,-7,0,1,0,0,0,0,0,0,0,0,0,0
692,345500,28,19,31,12,9,-7,0,1,0,0,0,0,0,0,0,0,0,0
693,346000,30,21,32,11,9,-6,0,1,0,0,0,0,0,0,0,0,0,0
694,346500,28,18,31,12,8,-7,0,1,0,0,0,0,0,0,0,0,0,0
695,347000,30,20,32,12,9,-7,0,1,0,0,0,0,0,0,0,0,0,0
696,347500,28,20,31,11,8,-7,0,1,0,0,0,0,0,0,0,0,0,0
697,348000,28,19,31,12,8,-7,0,1,0,0,0,0,0,0,0,0,0,0
698,348500,30,19,31,12,7,-7,0,1,0,0,0,0,0,0,0,0,0,0
699,349000,30,21,31,12,9,-7,0,1,0,0,0,0,0,0,0,0,0,0
700,349500,28,19,31,12,9,-7,0,1,0,0,0,0,0,0,0,0,0,0
701,350000,30,18,31,12,7,-8,0,1,0,0,0,0,0,0,0,0,0,0
702,350500,28,19,31,12,8,-7,0,1,0,0,0,0,0,0,0,0,0,0
703,351000,30,21,33,12,9,-7,0,1,0,0,0,0,0,0,0,0,0,0
704,351500,28,21,32,12,9,-7,0,1,0,0,0,0,0,0,0,0,0,0
705,352000,28,19,31,12,8,-7,0,1,0,0,0,0,0,0,0,0,0,0
706,352500,30,21,31,12,9,-7,0,1,0,0,0,0,0,0,0,0,0,0
707,353000,30,19,31,12,7,-8,0,1,0,0,0,0,0,0,0,0,0,0
708,353500,28,19,31,12,8,-7,0,1,0,0,0,0,0,0,0,0,0,0
709,354000,28,19,31,12,8,-7,0,1,0,0,0,0,0,0,0,0,0,0
710,354500,28,18,31,12,7,-7,0,1,0,0,0,0,0,0,0,0,0,0
711,355000,28,19,31,12,6,-7,0,1,0,0,0,0,0,0,0,0,0,0
712,355500,29,21,31,12,9,-7,0,1,0,0,0,0,0,0,0,0,0,0
713,356000,28,18,30,12,8,-7,0,1,0,0,0,0,0,0,0,0,0,0
714,356500,28,19,31,12,8,-7,0,1,0,0,0,0,0,0,0,0,0,0
715,357000,30,18,31,11,8,-8,0,1,0,0,0,0,0,0,0,0,0,0
716,357500,28,19,31,12,8,-7,0,1,0,0,0,0,0,0,0,0,0,0
717,358000,28,19,31,12,8,-7,0,1,0,0,0,0,0,0,0,0,0,0
718,358500,28,19,31,12,8,-7,0,1,0,0,0,0,0,0,0,0,0,0
719,359000,28,19,31,12,8,-7,0,1,0,0,0,0,0,0,0,0,0,0
720,359500,28,19,31,12,8,-7,0,1,0,0,0,0,0,0,0,0,0,0
721,360000,28,19,31,12,8,-7,0,1,0,0,0,0,0,0,0,0,0,0
722,360500,30,19,31,12,8,-8,0,1,0,0,0,0,0,0,0,0,0,0
723,361000,28,19,31,12,8,-7,0,1,0,0,0,0,0,0,0,0,0,0
724,361500,31,18,31,12,7,-7,0,1,0,0,0,0,0,0,0,0,0,0
725,362000,28,19,31,12,8,-7,0,1,0,0,0,0,0,0,0,0,0,0
726,362500,30,21,32,12,9,-7,0,1,0,0,0,0,0,0,0,0,0,0
727,363000,30,18,31,12,7,-7,0,1,0,0,0,0,0,0,0,0,0,0
728,363500,28,19,31,12,8,-7,0,1,0,0,0,0,0,0,0,0,0,0
729,364000,28,18,31,12,7,-7,0,1,0,0,0,0,0,0,0,0,0,0
730,364500,28,19,31,12,8,-7,0,1,0,0,0,0,0,0,0,0,0,0
731,365000,28,19,31,12,9,-7,0,1,0,0,0,0,0,0,0,0,0,0
732,365500,28,19,31,12,8,-7,0,1,0,0,0,0,0,0,0,0,0,0
733,366000,28,19,31,12,8,-7,0,1,0,0,0,0,0,0,0,0,0,0
734,366500,28,19,31,12,8,-7,0,1,0,0,0,0,0,0,0,0,0,0
735,367000,28,19,31,12,8,-7,0,1,0,0,0,0,0,0,0,0,0,0
736,367500,28,19,31,12,8,-8,0,1,0,0,0,0,0,0,0,0,0,0
737,368000,28,18,31,12,7,-7,0,1,0,0,0,0,0,0,0,0,0,0
738,368500,28,19,31,14,8,-7,0,1,0,0,0,0,0,0,0,0,0,0
739,369000,29,20,32,12,9,-7,0,1,0,0,0,0,0,0,0,0,0,0
740,369500,28,18,31,12,8,-8,0,1,0,0,0,0,0,0,0,0,0,0
741,370000,28,18,31,12,8,-8,0,1,0,0,0,0,0,0,0,0,0,0
742,370500,28,18,31,12,6,-8,0,1,0,0,0,0,0,0,0,0,0,0
743,371000,30,18,30,12,6,-8,0,1,0,0,0,0,0,0,0,0,0,0
744,371500,29,21,31,12,9,-7,0,1,0,0,0,0,0,0,0,0,0,0
745,372000,28,19,31,12,8,-7,0,1,0,0,0,0,0,0,0,0,0,0
746,372500,30,20,33,12,9,-7,0,1,0,0,0,0,0,0,0,0,0,0
747,373000,28,19,32,12,8,-7,0,1,0,0,0,0,0,0,0,0,0,0
748,373500,28,19,31,12,8,-7,0,1,0,0,0,0,0,0,0,0,0,0
749,374000,28,20,31,12,9,-7,0,1,0,0,0,0,0,0,0,0,0,0
750,374500,28,19,31,12,9,-7,0,1,0,0,0,0,0,0,0,0,0,0
751,375000,28,20,33,12,9,-6,0,1,0,0,0,0,0,0,0,0,0,0
752,375500,30,19,31,12,7,-8,0,1,0,0,0,0,0,0,0,0,0,0
753,376000,28,19,31,12,8,-8,0,1,0,0,0,0,0,0,0,0,0,0
754,376500,30,18,31,11,7,-8,0,1,0,0,0,0,0,0,0,0,0,0
755,377000,28,19,31,12,8,-8,0,1,0,0,0,0,0,0,0,0,0,0
756,377500,28,19,31,12,8,-7,0,1,0,0,0,0,0,0,0,0,0,0
757,378000,30,18,30,12,8,-8,0,1,0,0,0,0,0,0,0,0,0,0
758,378500,28,18,30,12,8,-8,0,1,0,0,0,0,0,0,0,0,0,0
759,379000,28,18,31,12,8,-7,0,1,0,0,0,0,0,0,0,0,0,0
760,379500,30,18,31,12,6,-8,0,1,0,0,0,0,0,0,0,0,0,0
761,380000,28,19,31,12,8,-7,0,1,0,0,0,0,0,0,0,0,0,0
762,380500,30,18,30,12,8,-8,0,1,0,0,0,0,0,0,0,0,0,0
763,381000,28,19,31,12,8,-7,0,1,0,0,0,0,0,0,0,0,0,0
764,381500,28,19,31,12,7,-7,0,1,0,0,0,0,0,0,0,0,0,0
765,382000,30,18,31,12,6,-8,0,1,0,0,0,0,0,0,0,0,0,0
766,382500,30,18,31,12,6,-8,0,1,0,0,0,0,0,0,0,0,0,0
767,383000,28,19,31,12,8,-8,0,1,0,0,0,0,0,0,0,0,0,0
768,383500,28,19,31,12,6,-8,0,1,0,0,0,0,0,0,0,0,0,0
769,384000,28,18,31,12,6,-8,0,1,0,0,0,0,0,0,0,0,0,0
770,384500,30,19,30,12,6,-8,0,1,0,0,0,0,0,0,0,0,0,0
771,385000,28,19,31,12,8,-7,0,1,0,0,0,0,0,0,0,0,0,0
772,385500,29,20,33,12,9,-7,0,1,0,0,0,0,0,0,0,0,0,0
773,386000,30,18,31,12,7,-7,0,1,0,0,0,0,0,0,0,0,0,0
774,386500,30,19,30,12,6,-8,0,1,0,0,0,0,0,0,0,0,0,0
775,387000,31,18,30,12,6,-8,0,1,0,0,0,0,0,0,0,0,0,0
776,387500,28,19,31,12,9,-8,0,1,0,0,0,0,0,0,0,0,0,0
777,388000,28,20,33,12,9,-6,0,1,0,0,0,0,0,0,0,0,0,0
778,388500,28,19,31,12,7,-7,0,1,0,0,0,0,0,0,0,0,0,0
779,389000,28,19,31,12,8,-7,0,1,0,0,0,0,0,0,0,0,0,0
780,389500,28,21,32,12,9,-7,0,1,0,0,0,0,0,0,0,0,0,0
781,390000,30,19,31,12,7,-7,0,1,0,0,0,0,0,0,0,0,0,0
782,390500,28,18,30,12,6,-8,0,1,0,0,0,0,0,0,0,0,0,0
783,391000,28,18,31,12,7,-8,0,1,0,0,0,0,0,0,0,0,0,0
784,391500,28,20,33,12,9,-7,0,1,0,0,0,0,0,0,0,0,0,0
785,392000,28,19,32,12,9,-7,0,1,0,0,0,0,0,0,0,0,0,0
786,392500,28,19,31,12,8,-7,0,1,0,0,0,0,0,0,0,0,0,0
787,393000,30,18,30,12,7,-7,0,1,0,0,0,0,0,0,0,0,0,0
788,393500,28,19,31,12,8,-7,0,1,0,0,0,0,0,0,0,0,0,0
789,394000,28,19,31,12,8,-7,0,1,0,0,0,0,0,0,0,0,0,0
790,394500,28,19,31,12,6,-7,0,1,0,0,0,0,0,0,0,0,0,0
791,395000,28,19,31,12,6,-7,0,1,0,0,0,0,0,0,0,0,0,0
792,395500,28,18,31,12,8,-8,0,1,0,0,0,0,0,0,0,0,0,0
793,396000,30,18,31,12,6,-8,0,1,0,0,0,0,0,0,0,0,0,0
794,396500,28,18,30,12,8,-8,0,1,0,0,0,0,0,0,0,0,0,0
795,397000,28,19,31,12,8,-7,0,1,0,0,0,0,0,0,0,0,0,0
796,397500,28,19,31,12,9,-7,0,1,0,0,0,0,0,0,0,0,0,0
797,398000,30,18,31,12,7,-8,0,1,0,0,0,0,0,0,0,0,0,0
798,398500,28,19,31,12,8,-7,0,1,0,0,0,0,0,0,0,0,0,0
799,399000,28,18,31,12,8,-7,0,1,0,0,0,0,0,0,0,0,0,0
800,399500,28,19,31,12,9,-7,0,1,0,0,0,0,0,0,0,0,0,0
801,400000,28,18,31,12,7,-7,0,1,0,0,0,0,0,0,0,0,0,0
802,400500,28,19,31,12,8,-7,0,1,0,0,0,0,0,0,0,0,0,0
803,401000,29,21,33,11,9,-7,0,1,0,0,0,0,0,0,0,0,0,0
804,401500,28,19,32,12,8,-7,0,1,0,0,0,0,0,0,0,0,0,0
805,402000,30,18,30,12,7,-8,0,1,0,0,0,0,0,0,0,0,0,0
806,402500,29,20,32,12,9,-6,0,1,0,0,0,0,0,0,0,0,0,0
807,403000,28,19,31,12,9,-7,0,1,0,0,0,0,0,0,0,0,0,0
808,403500,28,19,31,12,8,-7,0,1,0,0,0,0,0,0,0,0,0,0
809,404000,28,19,31,12,8,-7,0,1,0,0,0,0,0,0,0,0,0,0
810,404500,30,18,31,12,6,-8,0,1,0,0,0,0,0,0,0,0,0,0
811,405000,28,19,31,12,8,-7,0,1,0,0,0,0,0,0,0,0,0,0
812,405500,29,20,33,12,9,-7,0,1,0,0,0,0,0,0,0,0,0,0
813,406000,28,19,32,12,8,-7,0,1,0,0,0,0,0,0,0,0,0,0
814,406500,30,18,30,12,8,-8,0,1,0,0,0,0,0,0,0,0,0,0
815,407000,28,19,31,12,8,-8,0,1,0,0,0,0,0,0,0,0,0,0
816,407500,28,19,31,12,8,-7,0,1,0,0,0,0,0,0,0,0,0,0
817,408000,28,19,31,12,8,-7,0,1,0,0,0,0,0,0,0,0,0,0
818,408500,28,19,31,12,8,-7,0,1,0,0,0,0,0,0,0,0,0,0
819,409000,30,18,31,12,6,-8,0,1,0,0,0,0,0,0,0,0,0,0
820,409500,28,18,30,12,6,-8,0,1,0,0,0,0,0,0,0,0,0,0
821,410000,28,19,31,12,8,-7,0,1,0,0,0,0,0,0,0,0,0,0
822,410500,28,19,31,12,8,-7,0,1,0,0,0,0,0,0,0,0,0,0
823,411000,29,21,31,12,9,-7,0,1,0,0,0,0,0,0,0,0,0,0
824,411500,29,20,32,12,9,-6,0,1,0,0,0,0,0,0,0,0,0,0
825,412000,30,18,31,12,7,-7,0,1,0,0,0,0,0,0,0,0,0,0
826,412500,28,19,31,12,8,-7,0,1,0,0,0,0,0,0,0,0,0,0
827,413000,28,19,31,12,8,-7,0,1,0,0,0,0,0,0,0,0,0,0
828,413500,29,21,32,12,9,-6,0,1,0,0,0,0,0,0,0,0,0,0
829,414000,28,19,31,12,9,-7,0,1,0,0,0,0,0,0,0,0,0,0
830,414500,28,19,31,12,8,-7,0,1,0,0,0,0,0,0,0,0,0,0
831,415000,30,19,30,12,6,-8,0,1,0,0,0,0,0,0,0,0,0,0
832,415500,28,18,31,12,8,-8,0,1,0,0,0,0,0,0,0,0,0,0
833,416000,28,18,30,12,6,-8,0,1,0,0,0,0,0,0,0,0,0,0
834,416500,28,18,30,12,8,-8,0,1,0,0,0,0,0,0,0,0,0,0
835,417000,28,19,31,12,8,-7,0,1,0,0,0,0,0,0,0,0,0,0
836,417500,30,20,33,12,9,-6,0,1,0,0,0,0,0,0,0,0,0,0
837,418000,28,19,31,12,7,-8,0,1,0,0,0,0,0,0,0,0,0,0
838,418500,28,18,31,12,6,-8,0,1,0,0,0,0,0,0,0,0,0,0
839,419000,29,20,33,12,8,-7,0,1,0,0,0,0,0,0,0,0,0,0
840,419500,30,20,33,12,9,-6,0,1,0,0,0,0,0,0,0,0,0,0
841,420000,29,21,31,12,9,-6,0,1,0,0,0,0,0,0,0,0,0,0
842,420500,28,19,31,12,8,-7,0,1,0,0,0,0,0,0,0,0,0,0
843,421000,30,18,30,11,8,-8,0,1,0,0,0,0,0,0,0,0,0,0
844,421500,30,21,33,12,9,-7,0,1,0,0,0,0,0,0,0,0,0,0
845,422000,28,19,32,12,7,-7,0,1,0,0,0,0,0,0,0,0,0,0
846,422500,28,21,33,12,9,-7,0,1,0,0,0,0,0,0,0,0,0,0
847,423000,30,18,31,11,8,-8,0,1,0,0,0,0,0,0,0,0,0,0
848,423500,28,18,31,12,8,-8,0,1,0,0,0,0,0,0,0,0,0,0
849,424000,30,20,32,12,9,-7,0,1,0,0,0,0,0,0,0,0,0,0
850,424500,29,21,33,12,9,-7,0,1,0,0,0,0,0,0,0,0,0,0
851,425000,29,21,33,12,9,-7,0,1,0,0,0,0,0,0,0,0,0,0
852,425500,30,18,31,12,7,-7,0,1,0,0,0,0,0,0,0,0,0,0
853,426000,30,18,31,12,6,-8,0,1,0,0,0,0,0,0,0,0,0,0
854,426500,29,20,31,12,8,-7,0,1,0,0,0,0,0,0,0,0,0,0
855,427000,28,19,31,12,8,-7,0,1,0,0,0,0,0,0,0,0,0,0
856,427500,31,21,31,12,8,-7,0,1,0,0,0,0,0,0,0,0,0,0
857,428000,28,19,31,12,8,-7,0,1,0,0,0,0,0,0,0,0,0,0
858,428500,28,19,31,12,8,-7,0,1,0,0,0,0,0,0,0,0,0,0
859,429000,28,19,31,12,8,-7,0,1,0,0,0,0,0,0,0,0,0,0
860,429500,28,18,30,12,8,-8,0,1,0,0,0,0,0,0,0,0,0,0
861,430000,28,19,31,12,9,-7,0,1,0,0,0,0,0,0,0,0,0,0
862,430500,30,18,30,12,7,-8,0,1,0,0,0,0,0,0,0,0,0,0
863,431000,28,18,30,12,6,-7,0,1,0,0,0,0,0,0,0,0,0,0
864,431500,28,18,30,12,6,-8,0,1,0,0,0,0,0,0,0,0,0,0
865,432000,28,18,31,12,6,-8,0,1,0,0,0,0,0,0,0,0,0,0
866,432500,28,19,31,12,8,-7,0,1,0,0,0,0,0,0,0,0,0,0
867,433000,30,20,33,12,9,-7,0,1,0,0,0,0,0,0,0,0,0,0
868,433500,30,20,32,12,9,-6,0,1,0,0,0,0,0,0,0,0,0,0
869,434000,28,18,31,12,8,-7,0,1,0,0,0,0,0,0,0,0,0,0
870,434500,30,20,32,12,9,-6,0,1,0,0,0,0,0,0,0,0,0,0
871,435000,28,18,31,12,7,-7,0,1,0,0,0,0,0,0,0,0,0,0
872,435500,28,19,31,12,8,-7,0,1,0,0,0,0,0,0,0,0,0,0
873,436000,29,21,31,12,9,-6,0,1,0,0,0,0,0,0,0,0,0,0
874,436500,28,19,31,12,8,-7,0,1,0,0,0,0,0,0,0,0,0,0
875,437000,28,19,31,12,8,-8,0,1,0,0,0,0,0,0,0,0,0,0
876,437500,30,19,31,12,6,-7,0,1,0,0,0,0,0,0,0,0,0,0
877,438000,28,19,31,12,8,-7,0,1,0,0,0,0,0,0,0,0,0,0
878,438500,28,19,31,12,8,-7,0,1,0,0,0,0,0,0,0,0,0,0
879,439000,28,19,31,12,9,-7,0,1,0,0,0,0,0,0,0,0,0,0
880,439500,28,18,30,12,7,-7,0,1,0,0,0,0,0,0,0,0,0,0
881,440000,28,19,31,12,8,-7,0,1,0,0,0,0,0,0,0,0,0,0
882,440500,28,18,30,12,8,-7,0,1,0,0,0,0,0,0,0,0,0,0
883,441000,30,18,31,12,8,-8,0,1,0,0,0,0,0,0,0,0,0,0
884,441500,28,18,31,12,6,-8,0,1,0,0,0,0,0,0,0,0,0,0
885,442000,30,18,30,12,6,-8,0,1,0,0,0,0,0,0,0,0,0,0
886,442500,28,19,31,12,8,-6,0,1,0,0,0,0,0,0,0,0,0,0
887,443000,28,19,31,12,8,-7,0,1,0,0,0,0,0,0,0,0,0,0
888,443500,28,19,31,12,8,-7,0,1,0,0,0,0,0,0,0,0,0,0
889,444000,28,19,31,12,8,-7,0,1,0,0,0,0,0,0,0,0,0,0
890,444500,30,20,32,12,9,-7,0,1,0,0,0,0,0,0,0,0,0,0
891,445000,28,19,31,12,7,-8,0,1,0,0,0,0,0,0,0,0,0,0
892,445500,30,20,33,12,9,-7,0,1,0,0,0,0,0,0,0,0,0,0
893,446000,30,20,33,12,9,-6,0,1,0,0,0,0,0,0,0,0,0,0
894,446500,28,19,32,12,8,-7,0,1,0,0,0,0,0,0,0,0,0,0
895,447000,28,19,31,12,8,-7,0,1,0,0,0,0,0,0,0,0,0,0
896,447500,30,18,31,12,8,-8,0,1,0,0,0,0,0,0,0,0,0,0
897,448000,30,18,31,12,6,-7,0,1,0,0,0,0,0,0,0,0,0,0
898,448500,28,18,31,12,6,-7,0,1,0,0,0,0,0,0,0,0,0,0
899,449000,28,19,31,12,6,-8,0,1,0,0,0,0,0,0,0,0,0,0
900,449500,28,19,31,12,8,-7,0,1,0,0,0,0,0,0,0,0,0,0
901,450000,28,19,31,12,8,-7,0,1,0,0,0,0,0,0,0,0,0,0
902,450500,28,18,31,12,8,-7,0,1,0,0,0,0,0,0,0,0,0,0
903,451000,30,18,31,12,6,-7,0,1,0,0,0,0,0,0,0,0,0,0
904,451500,30,20,31,12,9,-6,0,1,0,0,0,0,0,0,0,0,0,0
905,452000,28,19,31,12,9,-7,0,1,0,0,0,0,0,0,0,0,0,0
906,452500,30,18,31,12,8,-7,0,1,0,0,0,0,0,0,0,0,0,0
907,453000,28,19,31,12,8,-7,0,1,0,0,0,0,0,0,0,0,0,0
908,453500,30,18,31,12,7,-7,0,1,0,0,0,0,0,0,0,0,0,0
909,454000,28,19,31,12,8,-7,0,1,0,0,0,0,0,0,0,0,0,0
910,454500,30,18,31,12,8,-8,0,1,0,0,0,0,0,0,0,0,0,0
911,455000,30,20,31,12,9,-7,0,1,0,0,0,0,0,0,0,0,0,0
912,455500,28,19,31,12,8,-7,0,1,0,0,0,0,0,0,0,0,0,0
913,456000,28,18,31,12,8,-7,0,1,0,0,0,0,0,0,0,0,0,0
914,456500,28,19,31,12,8,-7,0,1,0,0,0,0,0,0,0,0,0,0
915,457000,28,18,31,12,7,-7,0,1,0,0,0,0,0,0,0,0,0,0
916,457500,28,19,31,12,8,-7,0,1,0,0,0,0,0,0,0,0,0,0
917,458000,28,19,31,12,8,-7,0,1,0,0,0,0,0,0,0,0,0,0
918,458500,28,19,31,12,8,-7,0,1,0,0,0,0,0,0,0,0,0,0
919,459000,30,18,30,11,6,-7,0,1,0,0,0,0,0,0,0,0,0,0
920,459500,28,19,31,12,8,-6,0,1,0,0,0,0,0,0,0,0,0,0
921,460000,28,19,31,12,8,-7,0,1,0,0,0,0,0,0,0,0,0,0
922,460500,28,19,31,12,7,-8,0,1,0,0,0,0,0,0,0,0,0,0
923,461000,30,19,31,12,7,-7,0,1,0,0,0,0,0,0,0,0,0,0
924,461500,30,18,31,12,6,-8,0,1,0,0,0,0,0,0,0,0,0,0
925,462000,28,19,31,12,8,-7,0,1,0,0,0,0,0,0,0,0,0,0
926,462500,28,19,31,12,8,-7,0,1,0,0,0,0,0,0,0,0,0,0
927,463000,28,20,31,12,9,-7,0,1,0,0,0,0,0,0,0,0,0,0
928,463500,28,19,31,12,8,-7,0,1,0,0,0,0,0,0,0,0,0,0
929,464000,30,20,33,12,9,-7,0,1,0,0,0,0,0,0,0,0,0,0
930,464500,28,19,31,12,8,-7,0,1,0,0,0,0,0,0,0,0,0,0
931,465000,30,18,30,12,8,-8,0,1,0,0,0,0,0,0,0,0,0,0
932,465500,28,19,31,12,8,-7,0,1,0,0,0,0,0,0,0,0,0,0
933,466000,28,19,31,12,8,-7,0,1,0,0,0,0,0,0,0,0,0,0
934,466500,30,18,30,12,6,-8,0,1,0,0,0,0,0,0,0,0,0,0
935,467000,28,19,31,12,8,-8,0,1,0,0,0,0,0,0,0,0,0,0
936,467500,28,20,31,12,8,-8,0,1,0,0,0,0,0,0,0,0,0,0
937,468000,30,19,31,12,6,-7,0,1,0,0,0,0,0,0,0,0,0,0
938,468500,28,19,31,12,8,-7,0,1,0,0,0,0,0,0,0,0,0,0
939,469000,30,21,32,12,9,-7,0,1,0,0,0,0,0,0,0,0,0,0
940,469500,28,19,31,12,8,-7,0,1,0,0,0,0,0,0,0,0,0,0
941,470000,28,18,31,12,6,-8,0,1,0,0,0,0,0,0,0,0,0,0
942,470500,30,20,33,12,9,-7,0,1,0,0,0,0,0,0,0,0,0,0
943,471000,28,19,31,12,8,-7,0,1,0,0,0,0,0,0,0,0,0,0
944,471500,28,19,31,12,6,-7,0,1,0,0,0,0,0,0,0,0,0,0
945,472000,28,19,31,12,6,-8,0,1,0,0,0,0,0,0,0,0,0,0
946,472500,28,18,31,12,8,-7,0,1,0,0,0,0,0,0,0,0,0,0
947,473000,28,18,30,12,6,-7,0,1,0,0,0,0,0,0,0,0,0,0
948,473500,28,19,31,12,8,-7,0,1,0,0,0,0,0,0,0,0,0,0
949,474000,28,19,31,12,8,-7,0,1,0,0,0,0,0,0,0,0,0,0
950,474500,30,20,33,12,9,-6,0,1,0,0,0,0,0,0,0,0,0,0
951,475000,28,19,32,12,8,-7,0,1,0,0,0,0,0,0,0,0,0,0
952,475500,28,19,31,12,8,-7,0,1,0,0,0,0,0,0,0,0,0,0
953,476000,28,19,31,12,8,-7,0,1,0,0,0,0,0,0,0,0,0,0
954,476500,28,19,31,12,7,-7,0,1,0,0,0,0,0,0,0,0,0,0
955,477000,29,20,33,12,8,-7,0,1,0,0,0,0,0,0,0,0,0,0
956,477500,30,20,32,12,9,-6,0,1,0,0,0,0,0,0,0,0,0,0
957,478000,29,20,32,11,9,-6,0,1,0,0,0,0,0,0,0,0,0,0
958,478500,28,20,33,11,9,-6,0,1,0,0,0,0,0,0,0,0,0,0
959,479000,28,19,31,12,8,-7,0,1,0,0,0,0,0,0,0,0,0,0
960,479500,30,18,31,12,7,-7,0,1,0,0,0,0,0,0,0,0,0,0
961,480000,28,19,31,12,8,-7,0,1,0,0,0,0,0,0,0,0,0,0
962,480500,28,19,31,12,8,-7,0,1,0,0,0,0,0,0,0,0,0,0
963,481000,28,19,31,12,8,-7,0,1,0,0,0,0,0,0,0,0,0,0
964,481500,28,19,31,12,8,-7,0,1,0,0,0,0,0,0,0,0,0,0
965,482000,28,18,30,12,6,-7,0,1,0,0,0,0,0,0,0,0,0,0
966,482500,30,20,32,12,9,-7,0,1,0,0,0,0,0,0,0,0,0,0
967,483000,30,19,31,11,7,-7,0,1,0,0,0,0,0,0,0,0,0,0
968,483500,28,19,31,12,8,-7,0,1,0,0,0,0,0,0,0,0,0,0
969,484000,30,18,30,12,8,-8,0,1,0,0,0,0,0,0,0,0,0,0
970,484500,28,19,31,12,8,-7,0,1,0,0,0,0,0,0,0,0,0,0
971,485000,28,19,31,12,8,-7,0,1,0,0,0,0,0,0,0,0,0,0
972,485500,28,19,31,12,8,-7,0,1,0,0,0,0,0,0,0,0,0,0
973,486000,28,19,31,12,8,-7,0,1,0,0,0,0,0,0,0,0,0,0
974,486500,28,18,30,12,6,-7,0,1,0,0,0,0,0,0,0,0,0,0
975,487000,30,18,30,12,6,-8,0,1,0,0,0,0,0,0,0,0,0,0
976,487500,28,19,30,12,6,-8,0,1,0,0,0,0,0,0,0,0,0,0
977,488000,29,20,33,12,9,-7,0,1,0,0,0,0,0,0,0,0,0,0
978,488500,28,18,31,12,7,-7,0,1,0,0,0,0,0,0,0,0,0,0
979,489000,30,19,30,12,6,-8,0,1,0,0,0,0,0,0,0,0,0,0
980,489500,30,18,31,12,6,-7,0,1,0,0,0,0,0,0,0,0,0,0
981,490000,30,20,33,12,9,-7,0,1,0,0,0,0,0,0,0,0,0,0
982,490500,28,19,32,12,8,-7,0,1,0,0,0,0,0,0,0,0,0,0
983,491000,28,19,31,12,8,-7,0,1,0,0,0,0,0,0,0,0,0,0
984,491500,30,18,31,12,6,-7,0,1,0,0,0,0,0,0,0,0,0,0
985,492000,28,19,31,12,8,-7,0,1,0,0,0,0,0,0,0,0,0,0
986,492500,28,18,30,12,8,-8,0,1,0,0,0,0,0,0,0,0,0,0
987,493000,30,20,31,12,9,-7,0,1,0,0,0,0,0,0,0,0,0,0
988,493500,28,19,31,12,8,-7,0,1,0,0,0,0,0,0,0,0,0,0
989,494000,29,21,32,12,9,-7,0,1,0,0,0,0,0,0,0,0,0,0
990,494500,30,19,31,12,7,-7,0,1,0,0,0,0,0,0,0,0,0,0
991,495000,28,18,31,12,6,-8,0,1,0,0,0,0,0,0,0,0,0,0
992,495500,30,18,30,12,6,-8,0,1,0,0,0,0,0,0,0,0,0,0
993,496000,28,19,31,12,7,-7,0,1,0,0,0,0,0,0,0,0,0,0
994,496500,28,19,31,12,8,-8,0,1,0,0,0,0,0,0,0,0,0,0
995,497000,28,18,31,12,8,-7,0,1,0,0,0,0,0,0,0,0,0,0
996,497500,28,19,31,12,8,-7,0,1,0,0,0,0,0,0,0,0,0,0
997,498000,29,20,32,12,9,-6,0,1,0,0,0,0,0,0,0,0,0,0
998,498500,30,21,33,12,9,-6,0,1,0,0,0,0,0,0,0,0,0,0
999,499000,28,19,31,12,9,-7,0,1,0,0,0,0,0,0,0,0,0,0
1000,499500,28,19,31,12,8,-7,0,1,0,0,0,0,0,0,0,0,0,0
1001,500000,30,18,31,12,8,-7,0,1,0,0,0,0,0,0,0,0,0,0
1002,500500,28,19,31,12,9,-7,0,1,0,0,0,0,0,0,0,0,0,0
1003,501000,28,19,31,12,8,-7,0,1,0,0,0,0,0,0,0,0,0,0
1004,501500,30,20,32,12,9,-6,0,1,0,0,0,0,0,0,0,0,0,0
1005,502000,28,19,31,12,7,-7,0,1,0,0,0,0,0,0,0,0,0,0
1006,502500,28,19,31,12,8,-7,0,1,0,0,0,0,0,0,0,0,0,0
1007,503000,28,19,31,12,9,-7,0,1,0,0,0,0,0,0,0,0,0,0
1008,503500,28,18,31,12,7,-7,0,1,0,0,0,0,0,0,0,0,0,0
1009,504000,28,18,30,12,6,-8,0,1,0,0,0,0,0,0,0,0,0,0
1010,504500,28,19,31,12,8,-7,0,1,0,0,0,0,0,0,0,0,0,0
1011,505000,30,18,31,12,8,-8,0,1,0,0,0,0,0,0,0,0,0,0
1012,505500,28,18,31,12,8,-8,0,1,0,0,0,0,0,0,0,0,0,0
1013,506000,28,18,30,12,6,-8,0,1,0,0,0,0,0,0,0,0,0,0
1014,506500,28,19,31,12,8,-7,0,1,0,0,0,0,0,0,0,0,0,0
1015,507000,29,21,33,12,9,-7,0,1,0,0,0,0,0,0,0,0,0,0
1016,507500,28,21,32,12,7,-7,0,1,0,0,0,0,0,0,0,0,0,0
1017,508000,28,19,31,12,8,-7,0,1,0,0,0,0,0,0,0,0,0,0
1018,508500,28,19,31,12,8,-7,0,1,0,0,0,0,0,0,0,0,0,0
1019,509000,28,19,31,12,8,-7,0,1,0,0,0,0,0,0,0,0,0,0
1020,509500,28,19,31,12,8,-7,0,1,0,0,0,0,0,0,0,0,0,0
1021,510000,28,19,31,12,8,-7,0,1,0,0,0,0,0,0,0,0,0,0
1022,510500,31,18,31,12,8,-8,0,1,0,0,0,0,0,0,0,0,0,0
1023,511000,30,18,31,12,6,-8,0,1,0,0,0,0,0,0,0,0,0,0
1024,511500,30,18,30,11,6,-8,0,1,0,0,0,0,0,0,0,0,0,0
1025,512000,30,20,32,12,9,-7,0,1,0,0,0,0,0,0,0,0,0,0
1026,512500,28,21,33,11,9,-6,0,1,0,0,0,0,0,0,0,0,0,0
1027,513000,28,19,32,12,8,-7,0,1,0,0,0,0,0,0,0,0,0,0
1028,513500,30,18,31,12,8,-8,0,1,0,0,0,0,0,0,0,0,0,0
1029,514000,30,20,32,12,9,-7,0,1,0,0,0,0,0,0,0,0,0,0
1030,514500,28,19,31,12,8,-6,0,1,0,0,0,0,0,0,0,0,0,0
1031,515000,28,19,31,12,8,-7,0,1,0,0,0,0,0,0,0,0,0,0
1032,515500,28,19,31,12,8,-7,0,1,0,0,0,0,0,0,0,0,0,0
1033,516000,28,18,31,12,8,-7,0,1,0,0,0,0,0,0,0,0,0,0
1034,516500,28,19,31,12,9,-7,0,1,0,0,0,0,0,0,0,0,0,0
1035,517000,28,20,32,11,9,-7,0,1,0,0,0,0,0,0,0,0,0,0
1036,517500,28,19,31,12,8,-7,0,1,0,0,0,0,0,0,0,0,0,0
1037,518000,28,19,31,12,8,-7,0,1,0,0,0,0,0,0,0,0,0,0
1038,518500,29,21,32,12,9,-7,0,1,0,0,0,0,0,0,0,0,0,0
1039,519000,28,18,31,12,7,-7,0,1,0,0,0,0,0,0,0,0,0,0
1040,519500,29,20,33,12,8,-6,0,1,0,0,0,0,0,0,0,0,0,0
1041,520000,28,19,32,12,8,-7,0,1,0,0,0,0,0,0,0,0,0,0
1042,520500,30,18,30,12,8,-7,0,1,0,0,0,0,0,0,0,0,0,0
1043,521000,30,18,31,11,6,-8,0,1,0,0,0,0,0,0,0,0,0,0
1044,521500,30,18,30,11,6,-7,0,1,0,0,0,0,0,0,0,0,0,0
1045,522000,28,18,30,12,6,-7,0,1,0,0,0,0,0,0,0,0,0,0
1046,522500,28,19,31,12,7,-7,0,1,0,0,0,0,0,0,0,0,0,0
1047,523000,30,20,33,12,9,-6,0,1,0,0,0,0,0,0,0,0,0,0
1048,523500,28,19,32,12,9,-7,0,1,0,0,0,0,0,0,0,0,0,0
1049,524000,28,19,31,12,7,-7,0,1,0,0,0,0,0,0,0,0,0,0
1050,524500,30,20,33,12,9,-6,0,1,0,0,0,0,0,0,0,0,0,0
1051,525000,28,19,32,12,8,-7,0,1,0,0,0,0,0,0,0,0,0,0
1052,525500,31,18,31,12,8,-7,0,1,0,0,0,0,0,0,0,0,0,0
1053,526000,28,19,31,12,8,-8,0,1,0,0,0,0,0,0,0,0,0,0
1054,526500,30,20,32,12,9,-6,0,1,0,0,0,0,0,0,0,0,0,0
1055,527000,30,18,31,12,7,-7,0,1,0,0,0,0,0,0,0,0,0,0
1056,527500,30,18,31,12,6,-8,0,1,0,0,0,0,0,0,0,0,0,0
1057,528000,28,19,31,12,8,-7,0,1,0,0,0,0,0,0,0,0,0,0
1058,528500,30,18,31,12,7,-8,0,1,0,0,0,0,0,0,0,0,0,0
1059,529000,28,18,31,12,6,-8,0,1,0,0,0,0,0,0,0,0,0,0
1060,529500,28,18,31,12,6,-8,0,1,0,0,0,0,0,0,0,0,0,0
1061,530000,28,19,31,12,8,-7,0,1,0,0,0,0,0,0,0,0,0,0
1062,530500,28,18,30,12,7,-8,0,1,0,0,0,0,0,0,0,0,0,0
1063,531000,28,18,30,12,8,-7,0,1,0,0,0,0,0,0,0,0,0,0
1064,531500,28,19,31,12,8,-7,0,1,0,0,0,0,0,0,0,0,0,0
1065,532000,30,18,31,12,8,-8,0,1,0,0,0,0,0,0,0,0,0,0
1066,532500,28,19,31,12,9,-7,0,1,0,0,0,0,0,0,0,0,0,0
1067,533000,30,18,31,11,8,-8,0,1,0,0,0,0,0,0,0,0,0,0
1068,533500,29,20,33,12,9,-7,0,1,0,0,0,0,0,0,0,0,0,0
1069,534000,28,19,32,12,8,-6,0,1,0,0,0,0,0,0,0,0,0,0
1070,534500,28,18,31,12,8,-7,0,1,0,0,0,0,0,0,0,0,0,0
1071,535000,30,18,30,12,6,-8,0,1,0,0,0,0,0,0,0,0,0,0
1072,535500,28,19,31,12,8,-7,0,1,0,0,0,0,0,0,0,0,0,0
1073,536000,28,19,31,12,8,-8,0,1,0,0,0,0,0,0,0,0,0,0
1074,536500,30,18,30,12,8,-7,0,1,0,0,0,0,0,0,0,0,0,0
1075,537000,28,18,30,12,6,-8,0,1,0,0,0,0,0,0,0,0,0,0
1076,537500,28,19,31,12,7,-7,0,1,0,0,0,0,0,0,0,0,0,0
1077,538000,28,18,30,12,6,-8,0,1,0,0,0,0,0,0,0,0,0,0
1078,538500,28,19,31,12,8,-7,0,1,0,0,0,0,0,0,0,0,0,0
1079,539000,28,19,31,12,8,-7,0,1,0,0,0,0,0,0,0,0,0,0
1080,539500,30,18,31,12,6,-7,0,1,0,0,0,0,0,0,0,0,0,0
1081,540000,29,20,32,12,9,-7,0,1,0,0,0,0,0,0,0,0,0,0
1082,540500,28,19,31,12,9,-6,0,1,0,0,0,0,0,0,0,0,0,0
1083,541000,30,18,31,12,8,-7,0,1,0,0,0,0,0,0,0,0,0,0
1084,541500,28,19,31,12,8,-7,0,1,0,0,0,0,0,0,0,0,0,0
1085,542000,30,21,32,12,9,-6,0,1,0,0,0,0,0,0,0,0,0,0
1086,542500,28,19,31,12,9,-7,0,1,0,0,0,0,0,0,0,0,0,0
1087,543000,28,19,31,12,8,-7,0,1,0,0,0,0,0,0,0,0,0,0
1088,543500,30,18,31,12,8,-7,0,1,0,0,0,0,0,0,0,0,0,0
1089,544000,28,18,30,12,8,-8,0,1,0,0,0,0,0,0,0,0,0,0
1090,544500,28,19,31,12,8,-7,0,1,0,0,0,0,0,0,0,0,0,0
1091,545000,28,19,31,12,8,-7,0,1,0,0,0,0,0,0,0,0,0,0
1092,545500,28,19,31,12,8,-7,0,1,0,0,0,0,0,0,0,0,0,0
1093,546000,28,19,31,12,8,-7,0,1,0,0,0,0,0,0,0,0,0,0
1094,546500,29,21,32,12,9,-7,0,1,0,0,0,0,0,0,0,0,0,0
1095,547000,28,19,31,12,8,-7,0,1,0,0,0,0,0,0,0,0,0,0
1096,547500,28,18,30,12,8,-7,0,1,0,0,0,0,0,0,0,0,0,0
1097,548000,28,19,31,12,8,-7,0,1,0,0,0,0,0,0,0,0,0,0
1098,548500,28,18,31,12,7,-7,0,1,0,0,0,0,0,0,0,0,0,0
1099,549000,30,18,30,12,6,-8,0,1,0,0,0,0,0,0,0,0,0,0
1100,549500,28,18,31,12,8,-8,0,1,0,0,0,0,0,0,0,0,0,0
1101,550000,28,19,31,12,8,-7,0,1,0,0,0,0,0,0,0,0,0,0
1102,550500,29,21,33,12,9,-7,0,1,0,0,0,0,0,0,0,0,0,0
1103,551000,30,19,31,12,7,-7,0,1,0,0,0,0,0,0,0,0,0,0
1104,551500,28,18,30,12,6,-8,0,1,0,0,0,0,0,0,0,0,0,0
1105,552000,30,19,31,12,6,-8,0,1,0,0,0,0,0,0,0,0,0,0
1106,552500,30,18,31,12,6,-8,0,1,0,0,0,0,0,0,0,0,0,0
1107,553000,30,21,33,11,9,-7,0,1,0,0,0,0,0,0,0,0,0,0
1108,553500,28,19,32,12,8,-7,0,1,0,0,0,0,0,0,0,0,0,0
1109,554000,30,19,31,12,6,-8,0,1,0,0,0,0,0,0,0,0,0,0
1110,554500,28,18,30,12,7,-8,0,1,0,0,0,0,0,0,0,0,0,0
1111,555000,28,19,31,12,8,-7,0,1,0,0,0,0,0,0,0,0,0,0
1112,555500,28,19,31,12,9,-7,0,1,0,0,0,0,0,0,0,0,0,0
1113,556000,30,18,30,12,7,-7,0,1,0,0,0,0,0,0,0,0,0,0
1114,556500,28,19,31,12,8,-7,0,1,0,0,0,0,0,0,0,0,0,0
1115,557000,30,18,31,12,8,-8,0,1,0,0,0,0,0,0,0,0,0,0
1116,557500,30,20,32,11,9,-6,0,1,0,0,0,0,0,0,0,0,0,0
1117,558000,28,19,31,12,7,-7,0,1,0,0,0,0,0,0,0,0,0,0
1118,558500,28,19,31,12,8,-7,0,1,0,0,0,0,0,0,0,0,0,0
1119,559000,30,18,31,12,7,-8,0,1,0,0,0,0,0,0,0,0,0,0
1120,559500,29,20,33,12,9,-6,0,1,0,0,0,0,0,0,0,0,0,0
1121,560000,28,19,32,12,8,-7,0,1,0,0,0,0,0,0,0,0,0,0
1122,560500,28,19,31,12,8,-7,0,1,0,0,0,0,0,0,0,0,0,0
1123,561000,28,19,31,12,9,-7,0,1,0,0,0,0,0,0,0,0,0,0
1124,561500,29,20,33,12,9,-6,0,1,0,0,0,0,0,0,0,0,0,0
1125,562000,28,19,32,12,8,-7,0,1,0,0,0,0,0,0,0,0,0,0
1126,562500,30,18,31,12,7,-7,0,1,0,0,0,0,0,0,0,0,0,0
1127,563000,28,18,30,12,6,-8,0,1,0,0,0,0,0,0,0,0,0,0
1128,563500,28,18,31,12,7,-7,0,1,0,0,0,0,0,0,0,0,0,0
1129,564000,28,19,31,12,8,-7,0,1,0,0,0,0,0,0,0,0,0,0
1130,564500,28,19,31,12,8,-7,0,1,0,0,0,0,0,0,0,0,0,0
1131,565000,30,18,30,12,6,-8,0,1,0,0,0,0,0,0,0,0,0,0
1132,565500,28,19,31,12,8,-8,0,1,0,0,0,0,0,0,0,0,0,0
1133,566000,28,19,31,12,9,-7,0,1,0,0,0,0,0,0,0,0,0,0
1134,566500,28,19,31,12,8,-6,0,1,0,0,0,0,0,0,0,0,0,0
1135,567000,28,19,31,12,9,-7,0,1,0,0,0,0,0,0,0,0,0,0
1136,567500,30,18,31,12,8,-7,0,1,0,0,0,0,0,0,0,0,0,0
1137,568000,28,19,31,12,9,-7,0,1,0,0,0,0,0,0,0,0,0,0
1138,568500,28,19,31,12,8,-7,0,1,0,0,0,0,0,0,0,0,0,0
1139,569000,28,19,31,12,7,-7,0,1,0,0,0,0,0,0,0,0,0,0
1140,569500,30,18,30,12,6,-7,0,1,0,0,0,0,0,0,0,0,0,0
1141,570000,28,19,31,12,8,-7,0,1,0,0,0,0,0,0,0,0,0,0
1142,570500,28,20,32,11,9,-7,0,1,0,0,0,0,0,0,0,0,0,0
1143,571000,30,21,33,12,9,-6,0,1,0,0,0,0,0,0,0,0,0,0
1144,571500,28,19,31,12,8,-7,0,1,0,0,0,0,0,0,0,0,0,0
1145,572000,30,18,31,12,8,-8,0,1,0,0,0,0,0,0,0,0,0,0
1146,572500,28,19,31,12,9,-7,0,1,0,0,0,0,0,0,0,0,0,0
1147,573000,30,18,31,12,7,-7,0,1,0,0,0,0,0,0,0,0,0,0
1148,573500,28,19,31,12,8,-7,0,1,0,0,0,0,0,0,0,0,0,0
1149,574000,30,18,30,12,7,-7,0,1,0,0,0,0,0,0,0,0,0,0
1150,574500,28,19,31,12,8,-7,0,1,0,0,0,0,0,0,0,0,0,0
1151,575000,28,19,31,12,8,-7,0,1,0,0,0,0,0,0,0,0,0,0
1152,575500,28,19,31,12,8,-7,0,1,0,0,0,0,0,0,0,0,0,0
1153,576000,29,20,31,12,9,-7,0,1,0,0,0,0,0,0,0,0,0,0
1154,576500,28,19,31,12,8,-7,0,1,0,0,0,0,0,0,0,0,0,0
1155,577000,28,18,31,12,8,-8,0,1,0,0,0,0,0,0,0,0,0,0
1156,577500,29,20,32,12,9,-7,0,1,0,0,0,0,0,0,0,0,0,0
1157,578000,30,19,31,12,8,-8,0,1,0,0,0,0,0,0,0,0,0,0
1158,578500,28,19,31,12,8,-7,0,1,0,0,0,0,0,0,0,0,0,0
1159,579000,28,21,33,12,9,-7,0,1,0,0,0,0,0,0,0,0,0,0
1160,579500,28,19,32,12,9,-6,0,1,0,0,0,0,0,0,0,0,0,0
1161,580000,29,18,30,12,8,-7,0,1,0,0,0,0,0,0,0,0,0,0
1162,580500,30,18,30,12,6,-8,0,1,0,0,0,0,0,0,0,0,0,0
1163,581000,28,18,30,12,6,-7,0,1,0,0,0,0,0,0,0,0,0,0
1164,581500,28,18,31,12,6,-7,0,1,0,0,0,0,0,0,0,0,0,0
1165,582000,30,18,31,12,6,-7,0,1,0,0,0,0,0,0,0,0,0,0
1166,582500,28,18,30,12,7,-8,0,1,0,0,0,0,0,0,0,0,0,0
1167,583000,28,18,30,12,6,-8,0,1,0,0,0,0,0,0,0,0,0,0
1168,583500,30,20,32,12,9,-6,0,1,0,0,0,0,0,0,0,0,0,0
1169,584000,30,18,31,12,7,-8,0,1,0,0,0,0,0,0,0,0,0,0
1170,584500,30,18,30,12,7,-8,0,1,0,0,0,0,0,0,0,0,0,0
1171,585000,30,19,30,12,6,-8,0,1,0,0,0,0,0,0,0,0,0,0
1172,585500,28,19,31,12,6,-8,0,1,0,0,0,0,0,0,0,0,0,0
1173,586000,28,18,31,12,6,-8,0,1,0,0,0,0,0,0,0,0,0,0
1174,586500,30,20,31,12,9,-6,0,1,0,0,0,0,0,0,0,0,0,0
1175,587000,30,18,31,12,8,-7,0,1,0,0,0,0,0,0,0,0,0,0
1176,587500,29,20,31,15,9,-8,0,1,0,0,0,0,0,0,0,0,0,0
1177,588000,30,21,33,12,9,-7,0,1,0,0,0,0,0,0,0,0,0,0
1178,588500,28,19,31,12,7,-7,0,1,0,0,0,0,0,0,0,0,0,0
1179,589000,28,19,31,12,8,-7,0,1,0,0,0,0,0,0,0,0,0,0
1180,589500,28,19,31,12,8,-7,0,1,0,0,0,0,0,0,0,0,0,0
1181,590000,29,20,32,12,9,-7,0,1,0,0,0,0,0,0,0,0,0,0
1182,590500,29,20,33,12,9,-6,0,1,0,0,0,0,0,0,0,0,0,0
1183,591000,28,19,31,12,8,-6,0,1,0,0,0,0,0,0,0,0,0,0
1184,591500,28,19,31,12,8,-7,0,1,0,0,0,0,0,0,0,0,0,0
1185,592000,30,18,31,12,6,-8,0,1,0,0,0,0,0,0,0,0,0,0
1186,592500,30,20,32,12,9,-7,0,1,0,0,0,0,0,0,0,0,0,0
1187,593000,28,19,31,12,7,-7,0,1,0,0,0,0,0,0,0,0,0,0
1188,593500,29,20,33,12,9,-7,0,1,0,0,0,0,0,0,0,0,0,0
1189,594000,28,19,32,12,9,-6,0,1,0,0,0,0,0,0,0,0,0,0
1190,594500,30,18,30,12,8,-7,0,1,0,0,0,0,0,0,0,0,0,0
1191,595000,28,20,32,12,9,-6,0,1,0,0,0,0,0,0,0,0,0,0
1192,595500,29,21,33,12,9,-6,0,1,0,0,0,0,0,0,0,0,0,0
1193,596000,28,19,31,12,8,-7,0,1,0,0,0,0,0,0,0,0,0,0
1194,596500,28,20,33,12,9,-7,0,1,0,0,0,0,0,0,0,0,0,0
1195,597000,28,18,31,12,7,-7,0,1,0,0,0,0,0,0,0,0,0,0
1196,597500,29,20,32,12,9,-6,0,1,0,0,0,0,0,0,0,0,0,0
1197,598000,28,19,31,12,8,-7,0,1,0,0,0,0,0,0,0,0,0,0
1198,598500,30,18,30,12,8,-7,0,1,0,0,0,0,0,0,0,0,0,0
1199,599000,28,19,31,12,8,-8,0,1,0,0,0,0,0,0,0,0,0,0
1200,599500,28,19,31,12,8,-7,0,1,0,0,0,0,0,0,0,0,0,0
1201,600000,30,20,32,12,9,-6,0,1,0,0,0,0,0,0,0,0,0,0
1202,600500,28,20,31,12,9,-6,0,1,0,0,0,0,0,0,0,0,0,0
1203,601000,28,19,31,12,8,-7,0,1,0,0,0,0,0,0,0,0,0,0
1204,601500,28,18,31,12,8,-8,0,1,0,0,0,0,0,0,0,0,0,0
1205,602000,30,20,33,12,9,-7,0,1,0,0,0,0,0,0,0,0,0,0
1206,602500,30,20,32,12,9,-6,0,1,0,0,0,0,0,0,0,0,0,0
1207,603000,28,19,30,12,7,-7,0,1,0,0,0,0,0,0,0,0,0,0
1208,603500,30,18,30,12,8,-8,0,1,0,0,0,0,0,0,0,0,0,0
1209,604000,28,18,31,12,8,-8,0,1,0,0,0,0,0,0,0,0,0,0
1210,604500,30,18,31,12,8,-8,0,1,0,0,0,0,0,0,0,0,0,0
1211,605000,30,20,33,12,9,-6,0,1,0,0,0,0,0,0,0,0,0,0
1212,605500,28,18,31,12,8,-7,0,1,0,0,0,0,0,0,0,0,0,0
1213,606000,30,18,31,12,6,-8,0,1,0,0,0,0,0,0,0,0,0,0
1214,606500,30,20,32,11,9,-6,0,1,0,0,0,0,0,0,0,0,0,0
1215,607000,28,19,31,12,9,-7,0,1,0,0,0,0,0,0,0,0,0,0
1216,607500,28,19,31,12,8,-7,0,1,0,0,0,0,0,0,0,0,0,0
1217,608000,28,19,31,12,9,-7,0,1,0,0,0,0,0,0,0,0,0,0
1218,608500,28,19,31,12,8,-7,0,1,0,0,0,0,0,0,0,0,0,0
1219,609000,30,20,31,12,9,-7,0,1,0,0,0,0,0,0,0,0,0,0
1220,609500,28,19,31,12,8,-7,0,1,0,0,0,0,0,0,0,0,0,0
1221,610000,28,19,31,12,8,-7,0,1,0,0,0,0,0,0,0,0,0,0
1222,610500,30,18,31,12,6,-8,0,1,0,0,0,0,0,0,0,0,0,0
1223,611000,28,18,30,12,7,-8,0,1,0,0,0,0,0,0,0,0,0,0
1224,611500,30,18,30,12,6,-7,0,1,0,0,0,0,0,0,0,0,0,0
1225,612000,28,18,30,12,8,-8,0,1,0,0,0,0,0,0,0,0,0,0
1226,612500,28,19,31,12,8,-7,0,1,0,0,0,0,0,0,0,0,0,0
1227,613000,31,18,31,12,7,-7,0,1,0,0,0,0,0,0,0,0,0,0
1228,613500,30,18,30,12,6,-8,0,1,0,0,0,0,0,0,0,0,0,0
1229,614000,28,19,31,12,7,-7,0,1,0,0,0,0,0,0,0,0,0,0
1230,614500,28,19,31,12,8,-7,0,1,0,0,0,0,0,0,0,0,0,0
1231,615000,30,18,31,12,7,-7,0,1,0,0,0,0,0,0,0,0,0,0
1232,615500,30,18,30,12,6,-7,0,1,0,0,0,0,0,0,0,0,0,0
1233,616000,28,19,31,12,6,-8,0,1,0,0,0,0,0,0,0,0,0,0
1234,616500,30,18,31,12,8,-8,0,1,0,0,0,0,0,0,0,0,0,0
1235,617000,28,18,30,12,6,-8,0,1,0,0,0,0,0,0,0,0,0,0
1236,617500,28,19,31,12,8,-7,0,1,0,0,0,0,0,0,0,0,0,0
1237,618000,30,19,31,12,9,-7,0,1,0,0,0,0,0,0,0,0,0,0
1238,618500,28,18,30,12,7,-8,0,1,0,0,0,0,0,0,0,0,0,0
1239,619000,30,18,30,11,6,-7,0,1,0,0,0,0,0,0,0,0,0,0
1240,619500,29,20,32,11,9,-7,0,1,0,0,0,0,0,0,0,0,0,0
1241,620000,28,19,31,12,9,-6,0,1,0,0,0,0,0,0,0,0,0,0
1242,620500,28,20,31,12,8,-7,0,1,0,0,0,0,0,0,0,0,0,0
1243,621000,28,19,30,12,7,-7,0,1,0,0,0,0,0,0,0,0,0,0
1244,621500,28,19,32,12,8,-7,0,1,0,0,0,0,0,0,0,0,0,0
1245,622000,30,20,33,12,9,-6,0,1,0,0,0,0,0,0,0,0,0,0
1246,622500,30,18,31,12,7,-8,0,1,0,0,0,0,0,0,0,0,0,0
1247,623000,28,19,31,12,8,-7,0,1,0,0,0,0,0,0,0,0,0,0
1248,623500,28,19,31,12,8,-7,0,1,0,0,0,0,0,0,0,0,0,0
1249,624000,30,18,31,12,8,-8,0,1,0,0,0,0,0,0,0,0,0,0
1250,624500,28,19,31,12,8,-7,0,1,0,0,0,0,0,0,0,0,0,0
1251,625000,28,18,31,12,6,-7,0,1,0,0,0,0,0,0,0,0,0,0
1252,625500,30,21,33,12,9,-7,0,1,0,0,0,0,0,0,0,0,0,0
1253,626000,28,18,31,12,8,-7,0,1,0,0,0,0,0,0,0,0,0,0
1254,626500,28,19,31,12,8,-7,0,1,0,0,0,0,0,0,0,0,0,0
1255,627000,30,20,33,12,9,-6,0,1,0,0,0,0,0,0,0,0,0,0
1256,627500,30,19,31,12,7,-7,0,1,0,0,0,0,0,0,0,0,0,0
1257,628000,30,19,30,12,9,-7,0,1,0,0,0,0,0,0,0,0,0,0
1258,628500,30,21,32,12,9,-7,0,1,0,0,0,0,0,0,0,0,0,0
1259,629000,28,19,31,12,7,-7,0,1,0,0,0,0,0,0,0,0,0,0
1260,629500,28,19,31,12,8,-7,0,1,0,0,0,0,0,0,0,0,0,0
1261,630000,30,21,32,12,9,-6,0,1,0,0,0,0,0,0,0,0,0,0
1262,630500,30,19,31,12,8,-7,0,1,0,0,0,0,0,0,0,0,0,0
1263,631000,30,18,30,11,8,-7,0,1,0,0,0,0,0,0,0,0,0,0
1264,631500,28,18,30,12,8,-7,0,1,0,0,0,0,0,0,0,0,0,0
1265,632000,29,20,33,12,9,-7,0,1,0,0,0,0,0,0,0,0,0,0
1266,632500,30,18,31,11,8,-7,0,1,0,0,0,0,0,0,0,0,0,0
1267,633000,28,18,31,12,6,-7,0,1,0,0,0,0,0,0,0,0,0,0
1268,633500,28,19,31,12,7,-7,0,1,0,0,0,0,0,0,0,0,0,0
1269,634000,30,20,31,12,9,-7,0,1,0,0,0,0,0,0,0,0,0,0
1270,634500,28,19,31,12,8,-7,0,1,0,0,0,0,0,0,0,0,0,0
1271,635000,30,18,30,12,8,-8,0,1,0,0,0,0,0,0,0,0,0,0
1272,635500,30,20,33,12,9,-6,0,1,0,0,0,0,0,0,0,0,0,0
1273,636000,28,19,32,12,8,-6,0,1,0,0,0,0,0,0,0,0,0,0
1274,636500,28,19,31,12,8,-7,0,1,0,0,0,0,0,0,0,0,0,0
1275,637000,29,20,32,12,9,-7,0,1,0,0,0,0,0,0,0,0,0,0
1276,637500,30,18,30,12,7,-7,0,1,0,0,0,0,0,0,0,0,0,0
1277,638000,28,19,31,12,8,-7,0,1,0,0,0,0,0,0,0,0,0,0
1278,638500,28,18,31,12,7,-8,0,1,0,0,0,0,0,0,0,0,0,0
1279,639000,30,19,31,12,8,-8,0,1,0,0,0,0,0,0,0,0,0,0
1280,639500,30,20,32,12,9,-7,0,1,0,0,0,0,0,0,0,0,0,0
1281,640000,28,19,31,12,8,-7,0,1,0,0,0,0,0,0,0,0,0,0
1282,640500,28,18,31,12,8,-7,0,1,0,0,0,0,0,0,0,0,0,0
1283,641000,28,19,31,12,8,-7,0,1,0,0,0,0,0,0,0,0,0,0
1284,641500,28,19,31,12,8,-7,0,1,0,0,0,0,0,0,0,0,0,0
1285,642000,28,19,31,12,8,-7,0,1,0,0,0,0,0,0,0,0,0,0
1286,642500,30,18,30,12,6,-7,0,1,0,0,0,0,0,0,0,0,0,0
1287,643000,28,19,31,12,8,-7,0,1,0,0,0,0,0,0,0,0,0,0
1288,643500,30,18,30,12,8,-8,0,1,0,0,0,0,0,0,0,0,0,0
1289,644000,30,18,30,12,6,-8,0,1,0,0,0,0,0,0,0,0,0,0
1290,644500,30,18,30,12,7,-7,0,1,0,0,0,0,0,0,0,0,0,0
1291,645000,28,19,31,12,8,-7,0,1,0,0,0,0,0,0,0,0,0,0
1292,645500,28,19,31,12,8,-7,0,1,0,0,0,0,0,0,0,0,0,0
1293,646000,28,18,30,12,8,-8,0,1,0,0,0,0,0,0,0,0,0,0
1294,646500,28,18,30,12,6,-7,0,1,0,0,0,0,0,0,0,0,0,0
1295,647000,30,18,30,12,6,-8,0,1,0,0,0,0,0,0,0,0,0,0
1296,647500,29,21,33,12,8,-6,0,1,0,0,0,0,0,0,0,0,0,0
1297,648000,28,19,32,12,9,-7,0,1,0,0,0,0,0,0,0,0,0,0
1298,648500,28,19,31,12,7,-7,0,1,0,0,0,0,0,0,0,0,0,0
1299,649000,30,20,33,12,9,-6,0,1,0,0,0,0,0,0,0,0,0,0
1300,649500,28,19,32,12,8,-7,0,1,0,0,0,0,0,0,0,0,0,0
1301,650000,28,19,31,12,9,-7,0,1,0,0,0,0,0,0,0,0,0,0
1302,650500,28,19,31,12,9,-7,0,1,0,0,0,0,0,0,0,0,0,0
1303,651000,29,20,33,12,9,-6,0,1,0,0,0,0,0,0,0,0,0,0
1304,651500,28,18,31,12,7,-7,0,1,0,0,0,0,0,0,0,0,0,0
1305,652000,29,20,32,12,9,-7,0,1,0,0,0,0,0,0,0,0,0,0
1306,652500,28,18,31,12,7,-7,0,1,0,0,0,0,0,0,0,0,0,0
1307,653000,30,18,30,12,6,-8,0,1,0,0,0,0,0,0,0,0,0,0
1308,653500,28,18,31,12,8,-8,0,1,0,0,0,0,0,0,0,0,0,0
1309,654000,30,18,31,12,8,-8,0,1,0,0,0,0,0,0,0,0,0,0
1310,654500,28,20,32,12,9,-7,0,1,0,0,0,0,0,0,0,0,0,0
1311,655000,29,20,33,12,9,-7,0,1,0,0,0,0,0,0,0,0,0,0
1312,655500,28,19,31,12,8,-7,0,1,0,0,0,0,0,0,0,0,0,0
1313,656000,30,18,31,12,6,-8,0,1,0,0,0,0,0,0,0,0,0,0
1314,656500,30,18,30,12,6,-8,0,1,0,0,0,0,0,0,0,0,0,0
1315,657000,28,18,30,12,6,-8,0,1,0,0,0,0,0,0,0,0,0,0
1316,657500,28,20,33,12,8,-7,0,1,0,0,0,0,0,0,0,0,0,0
1317,658000,28,19,31,12,8,-7,0,1,0,0,0,0,0,0,0,0,0,0
1318,658500,29,20,32,12,9,-6,0,1,0,0,0,0,0,0,0,0,0,0
1319,659000,28,19,31,12,8,-7,0,1,0,0,0,0,0,0,0,0,0,0
1320,659500,28,20,31,12,9,-7,0,1,0,0,0,0,0,0,0,0,0,0
1321,660000,28,18,31,12,8,-7,0,1,0,0,0,0,0,0,0,0,0,0
1322,660500,28,19,31,12,8,-7,0,1,0,0,0,0,0,0,0,0,0,0
1323,661000,28,19,31,12,8,-7,0,1,0,0,0,0,0,0,0,0,0,0
1324,661500,28,19,31,12,8,-7,0,1,0,0,0,0,0,0,0,0,0,0
1325,662000,28,18,30,12,6,-7,0,1,0,0,0,0,0,0,0,0,0,0
1326,662500,28,18,30,12,8,-7,0,1,0,0,0,0,0,0,0,0,0,0
1327,663000,30,20,32,12,9,-6,0,1,0,0,0,0,0,0,0,0,0,0
1328,663500,28,19,31,12,9,-7,0,1,0,0,0,0,0,0,0,0,0,0
1329,664000,29,20,32,12,9,-7,0,1,0,0,0,0,0,0,0,0,0,0
1330,664500,30,18,31,11,7,-7,0,1,0,0,0,0,0,0,0,0,0,0
1331,665000,30,18,30,12,6,-8,0,1,0,0,0,0,0,0,0,0,0,0
1332,665500,28,20,32,12,8,-7,0,1,0,0,0,0,0,0,0,0,0,0
1333,666000,28,19,31,12,8,-7,0,1,0,0,0,0,0,0,0,0,0,0
1334,666500,30,21,31,9,9,-7,0,1,0,0,0,0,0,0,0,0,0,0
1335,667000,28,19,31,12,8,-7,0,1,0,0,0,0,0,0,0,0,0,0
1336,667500,30,19,30,12,8,-7,0,1,0,0,0,0,0,0,0,0,0,0
1337,668000,28,19,31,12,8,-7,0,1,0,0,0,0,0,0,0,0,0,0
1338,668500,29,21,32,12,9,-6,0,1,0,0,0,0,0,0,0,0,0,0
1339,669000,30,18,31,11,8,-7,0,1,0,0,0,0,0,0,0,0,0,0
1340,669500,30,18,31,12,6,-8,0,1,0,0,0,0,0,0,0,0,0,0
1341,670000,28,19,30,12,7,-8,0,1,0,0,0,0,0,0,0,0,0,0
1342,670500,30,20,33,12,9,-7,0,1,0,0,0,0,0,0,0,0,0,0
1343,671000,30,20,33,12,9,-6,0,1,0,0,0,0,0,0,0,0,0,0
1344,671500,28,19,31,12,8,-7,0,1,0,0,0,0,0,0,0,0,0,0
1345,672000,28,19,31,12,9,-7,0,1,0,0,0,0,0,0,0,0,0,0
1346,672500,29,21,33,12,9,-6,0,1,0,0,0,0,0,0,0,0,0,0
1347,673000,28,19,32,12,8,-7,0,1,0,0,0,0,0,0,0,0,0,0
1348,673500,31,18,31,12,6,-8,0,1,0,0,0,0,0,0,0,0,0,0
1349,674000,30,20,31,12,9,-7,0,1,0,0,0,0,0,0,0,0,0,0
1350,674500,30,19,30,12,7,-8,0,1,0,0,0,0,0,0,0,0,0,0
1351,675000,28,19,31,12,8,-7,0,1,0,0,0,0,0,0,0,0,0,0
1352,675500,30,18,31,12,7,-7,0,1,0,0,0,0,0,0,0,0,0,0
1353,676000,28,19,31,12,8,-7,0,1,0,0,0,0,0,0,0,0,0,0
1354,676500,28,18,30,12,6,-8,0,1,0,0,0,0,0,0,0,0,0,0
1355,677000,30,18,31,12,8,-7,0,1,0,0,0,0,0,0,0,0,0,0
1356,677500,28,19,31,12,8,-7,0,1,0,0,0,0,0,0,0,0,0,0
1357,678000,28,19,31,12,9,-7,0,1,0,0,0,0,0,0,0,0,0,0
1358,678500,28,19,31,12,9,-7,0,1,0,0,0,0,0,0,0,0,0,0
1359,679000,28,19,31,12,8,-7,0,1,0,0,0,0,0,0,0,0,0,0
1360,679500,28,18,31,12,7,-8,0,1,0,0,0,0,0,0,0,0,0,0
1361,680000,30,20,32,12,8,-7,0,1,0,0,0,0,0,0,0,0,0,0
1362,680500,28,19,31,12,7,-7,0,1,0,0,0,0,0,0,0,0,0,0
1363,681000,28,19,31,12,8,-7,0,1,0,0,0,0,0,0,0,0,0,0
1364,681500,28,18,31,12,8,-7,0,1,0,0,0,0,0,0,0,0,0,0
1365,682000,28,18,31,12,6,-8,0,1,0,0,0,0,0,0,0,0,0,0
1366,682500,28,19,31,12,8,-7,0,1,0,0,0,0,0,0,0,0,0,0
1367,683000,28,19,31,12,8,-7,0,1,0,0,0,0,0,0,0,0,0,0
1368,683500,30,18,30,12,6,-8,0,1,0,0,0,0,0,0,0,0,0,0
1369,684000,30,20,32,11,9,-7,0,1,0,0,0,0,0,0,0,0,0,0
1370,684500,29,20,33,12,9,-6,0,1,0,0,0,0,0,0,0,0,0,0
1371,685000,28,18,31,12,7,-7,0,1,0,0,0,0,0,0,0,0,0,0
1372,685500,29,20,33,12,8,-7,0,1,0,0,0,0,0,0,0,0,0,0
1373,686000,30,18,31,11,8,-7,0,1,0,0,0,0,0,0,0,0,0,0
1374,686500,30,21,32,11,9,-7,0,1,0,0,0,0,0,0,0,0,0,0
1375,687000,30,18,31,12,8,-8,0,1,0,0,0,0,0,0,0,0,0,0
1376,687500,28,19,31,12,8,-7,0,1,0,0,0,0,0,0,0,0,0,0
1377,688000,30,18,31,12,8,-8,0,1,0,0,0,0,0,0,0,0,0,0
1378,688500,28,18,31,12,6,-8,0,1,0,0,0,0,0,0,0,0,0,0
1379,689000,28,18,31,12,6,-8,0,1,0,0,0,0,0,0,0,0,0,0
1380,689500,30,20,33,12,8,-7,0,1,0,0,0,0,0,0,0,0,0,0
1381,690000,28,19,31,12,8,-7,0,1,0,0,0,0,0,0,0,0,0,0
1382,690500,28,19,31,12,8,-7,0,1,0,0,0,0,0,0,0,0,0,0
1383,691000,30,18,31,12,6,-7,0,1,0,0,0,0,0,0,0,0,0,0
1384,691500,30,20,32,12,9,-7,0,1,0,0,0,0,0,0,0,0,0,0
1385,692000,28,19,31,12,8,-7,0,1,0,0,0,0,0,0,0,0,0,0
1386,692500,28,19,31,12,8,-7,0,1,0,0,0,0,0,0,0,0,0,0
1387,693000,28,19,31,12,8,-7,0,1,0,0,0,0,0,0,0,0,0,0
1388,693500,30,18,31,12,7,-7,0,1,0,0,0,0,0,0,0,0,0,0
1389,694000,30,21,32,12,8,-7,0,1,0,0,0,0,0,0,0,0,0,0
1390,694500,28,19,31,12,9,-7,0,1,0,0,0,0,0,0,0,0,0,0
1391,695000,30,21,32,12,9,-6,0,1,0,0,0,0,0,0,0,0,0,0
1392,695500,29,21,31,12,9,-6,0,1,0,0,0,0,0,0,0,0,0,0
1393,696000,30,18,31,12,7,-7,0,1,0,0,0,0,0,0,0,0,0,0
1394,696500,28,19,31,12,6,-8,0,1,0,0,0,0,0,0,0,0,0,0
1395,697000,28,18,30,12,6,-7,0,1,0,0,0,0,0,0,0,0,0,0
1396,697500,28,20,33,12,8,-7,0,1,0,0,0,0,0,0,0,0,0,0
1397,698000,30,20,32,11,9,-6,0,1,0,0,0,0,0,0,0,0,0,0
1398,698500,30,18,30,12,8,-7,0,1,0,0,0,0,0,0,0,0,0,0
1399,699000,28,19,31,12,8,-7,0,1,0,0,0,0,0,0,0,0,0,0
1400,699500,30,18,31,12,8,-8,0,1,0,0,0,0,0,0,0,0,0,0
1401,700000,28,21,31,12,9,-6,0,1,0,0,0,0,0,0,0,0,0,0
1402,700500,28,19,31,12,8,-6,0,1,0,0,0,0,0,0,0,0,0,0
1403,701000,28,19,31,12,8,-7,0,1,0,0,0,0,0,0,0,0,0,0
1404,701500,28,19,31,12,9,-7,0,1,0,0,0,0,0,0,0,0,0,0
1405,702000,28,18,31,12,7,-8,0,1,0,0,0,0,0,0,0,0,0,0
1406,702500,29,20,32,12,9,-7,0,1,0,0,0,0,0,0,0,0,0,0
1407,703000,29,21,33,12,9,-6,0,1,0,0,0,0,0,0,0,0,0,0
1408,703500,30,18,31,12,7,-8,0,1,0,0,0,0,0,0,0,0,0,0
1409,704000,28,19,31,12,8,-8,0,1,0,0,0,0,0,0,0,0,0,0
1410,704500,28,19,31,12,8,-7,0,1,0,0,0,0,0,0,0,0,0,0
1411,705000,28,19,30,12,6,-7,0,1,0,0,0,0,0,0,0,0,0,0
1412,705500,30,18,31,12,7,-7,0,1,0,0,0,0,0,0,0,0,0,0
1413,706000,30,18,31,11,6,-7,0,1,0,0,0,0,0,0,0,0,0,0
1414,706500,28,19,31,12,8,-7,0,1,0,0,0,0,0,0,0,0,0,0
1415,707000,30,20,32,12,9,-7,0,1,0,0,0,0,0,0,0,0,0,0
1416,707500,33,19,31,12,8,-7,0,1,0,0,0,0,0,0,0,0,0,0
1417,708000,28,18,31,12,8,-7,0,1,0,0,0,0,0,0,0,0,0,0
1418,708500,28,19,31,12,8,-7,0,1,0,0,0,0,0,0,0,0,0,0
1419,709000,30,20,32,12,9,-6,0,1,0,0,0,0,0,0,0,0,0,0
1420,709500,28,19,31,12,8,-7,0,1,0,0,0,0,0,0,0,0,0,0
1421,710000,29,20,32,12,9,-7,0,1,0,0,0,0,0,0,0,0,0,0
1422,710500,28,19,31,12,9,-7,0,1,0,0,0,0,0,0,0,0,0,0
1423,711000,29,19,33,12,9,-7,0,1,0,0,0,0,0,0,0,0,0,0
1424,711500,31,18,31,12,8,-8,0,1,0,0,0,0,0,0,0,0,0,0
1425,712000,30,18,30,12,6,-8,0,1,0,0,0,0,0,0,0,0,0,0
1426,712500,30,20,32,12,9,-7,0,1,0,0,0,0,0,0,0,0,0,0
1427,713000,28,18,31,12,8,-7,0,1,0,0,0,0,0,0,0,0,0,0
1428,713500,28,19,31,12,8,-7,0,1,0,0,0,0,0,0,0,0,0,0
1429,714000,28,19,31,12,8,-7,0,1,0,0,0,0,0,0,0,0,0,0
1430,714500,28,19,31,12,8,-7,0,1,0,0,0,0,0,0,0,0,0,0
1431,715000,28,19,31,12,9,-7,0,1,0,0,0,0,0,0,0,0,0,0
1432,715500,30,18,31,11,8,-7,0,1,0,0,0,0,0,0,0,0,0,0
1433,716000,28,19,31,12,8,-7,0,1,0,0,0,0,0,0,0,0,0,0
1434,716500,28,19,31,12,8,-7,0,1,0,0,0,0,0,0,0,0,0,0
1435,717000,28,19,31,12,8,-7,0,1,0,0,0,0,0,0,0,0,0,0
1436,717500,29,21,32,12,9,-7,0,1,0,0,0,0,0,0,0,0,0,0
1437,718000,30,21,33,12,9,-6,0,1,0,0,0,0,0,0,0,0,0,0
1438,718500,28,19,31,12,7,-7,0,1,0,0,0,0,0,0,0,0,0,0
1439,719000,30,19,31,12,8,-7,0,1,0,0,0,0,0,0,0,0,0,0
1440,719500,30,18,31,12,8,-8,0,1,0,0,0,0,0,0,0,0,0,0
1441,720000,28,19,31,12,8,-7,0,1,0,0,0,0,0,0,0,0,0,0
1442,720500,30,18,31,12,7,-7,0,1,0,0,0,0,0,0,0,0,0,0
1443,721000,28,21,33,12,8,-7,0,1,0,0,0,0,0,0,0,0,0,0
1444,721500,30,21,33,12,9,-7,0,1,0,0,0,0,0,0,0,0,0,0
1445,722000,28,20,32,12,9,-2,0,1,0,0,0,0,0,0,0,0,0,0
1446,722500,28,19,31,12,9,-5,0,1,0,0,0,0,0,0,0,0,0,0
1447,723000,28,22,31,12,7,-7,0,1,0,0,0,0,0,0,0,0,0,0
1448,723500,28,19,31,12,3,-7,0,1,0,0,0,0,0,0,0,0,0,0
1449,724000,28,19,28,12,7,-7,0,1,0,0,0,0,0,0,0,0,0,0
1450,724500,24,21,32,12,9,-7,0,1,0,0,0,0,0,0,0,0,0,0
1451,725000,28,19,31,12,7,-8,0,1,0,0,0,0,0,0,0,0,0,0
1452,725500,28,16,31,12,8,-7,0,1,0,0,0,0,0,0,0,0,0,0
1453,726000,28,18,31,12,7,-7,0,1,0,0,0,0,0,0,0,0,0,0
1454,726500,30,18,30,12,6,-7,0,1,0,0,0,0,0,0,0,0,0,0
1455,727000,28,19,31,12,8,-7,0,1,0,0,0,0,0,0,0,0,0,0
1456,727500,28,18,31,12,7,-7,0,1,0,0,0,0,0,0,0,0,0,0
1457,728000,28,19,31,12,8,-7,0,1,0,0,0,0,0,0,0,0,0,0
1458,728500,28,18,31,12,7,-8,0,1,0,0,0,0,0,0,0,0,0,0
1459,729000,28,19,31,12,7,-8,0,1,0,0,0,0,0,0,0,0,0,0
1460,729500,30,20,33,12,9,-6,0,1,0,0,0,0,0,0,0,0,0,0
1461,730000,28,19,31,12,8,-5,0,1,0,0,0,0,0,0,0,0,0,0
1462,730500,28,19,31,12,8,-6,0,1,0,0,0,0,0,0,0,0,0,0
1463,731000,30,18,31,12,7,-7,0,1,0,0,0,0,0,0,0,0,0,0
1464,731500,28,19,31,12,8,-7,0,1,0,0,0,0,0,0,0,0,0,0
1465,732000,28,19,26,12,8,-7,0,1,0,0,0,0,0,0,0,0,0,0
1466,732500,25,19,30,12,8,-7,0,1,0,0,0,0,0,0,0,0,0,0
1467,733000,28,19,31,12,9,-7,0,1,0,0,0,0,0,0,0,0,0,0
1468,733500,30,18,31,12,7,-7,0,1,0,0,0,0,0,0,0,0,0,0
1469,734000,28,19,31,12,8,-7,0,1,0,0,0,0,0,0,0,0,0,0
1470,734500,28,18,30,12,7,-7,0,1,0,0,0,0,0,0,0,0,0,0
1471,735000,28,18,30,12,8,-7,0,1,0,0,0,0,0,0,0,0,0,0
1472,735500,29,20,33,12,9,-6,0,1,0,0,0,0,0,0,0,0,0,0
1473,736000,28,20,32,12,8,-7,0,1,0,0,0,0,0,0,0,0,0,0
1474,736500,30,20,33,12,9,-7,0,1,0,0,0,0,0,0,0,0,0,0
1475,737000,28,19,32,12,8,-7,0,1,0,0,0,0,0,0,0,0,0,0
1476,737500,30,18,31,11,6,-8,0,1,0,0,0,0,0,0,0,0,0,0
1477,738000,28,19,31,12,8,-7,0,1,0,0,0,0,0,0,0,0,0,0
1478,738500,30,18,31,12,7,-8,0,1,0,0,0,0,0,0,0,0,0,0
1479,739000,30,19,31,12,7,-8,0,1,0,0,0,0,0,0,0,0,0,0
1480,739500,28,18,31,12,9,-8,0,1,0,0,0,0,0,0,0,0,0,0
1481,740000,28,20,26,12,9,-7,0,1,0,0,0,0,0,0,0,0,0,0
1482,740500,28,19,30,12,8,-7,0,1,0,0,0,0,0,0,0,0,0,0
1483,741000,30,18,31,12,6,-8,0,1,0,0,0,0,0,0,0,0,0,0
1484,741500,30,24,30,12,8,-7,0,1,0,0,0,0,0,0,0,0,0,0
1485,742000,28,19,31,12,8,-7,0,1,0,0,0,0,0,0,0,0,0,0
1486,742500,30,18,31,12,6,-7,0,1,0,0,0,0,0,0,0,0,0,0
1487,743000,28,18,30,12,6,-7,0,1,0,0,0,0,0,0,0,0,0,0
1488,743500,28,19,30,9,8,-8,0,1,0,0,0,0,0,0,0,0,0,0
1489,744000,28,18,30,12,8,-8,0,1,0,0,0,0,0,0,0,0,0,0
1490,744500,28,18,30,12,6,-8,0,1,0,0,0,0,0,0,0,0,0,0
1491,745000,28,19,31,12,7,-7,0,1,0,0,0,0,0,0,0,0,0,0
1492,745500,30,18,30,12,6,-8,0,1,0,0,0,0,0,0,0,0,0,0
1493,746000,28,19,31,12,8,-7,0,1,0,0,0,0,0,0,0,0,0,0
1494,746500,28,21,33,12,9,-7,0,1,0,0,0,0,0,0,0,0,0,0
