1,0,30,21,33,12,8,-6,0,1,0,0,0,0,0,0,0,0,0,0
2,500,28,19,31,12,7,-7,0,1,0,0,0,0,0,0,0,0,0,0
3,1000,28,20,31,12,8,-7,0,1,0,0,0,0,0,0,0,0,0,0
4,1500,30,19,31,12,8,-7,0,1,0,0,0,0,0,0,0,0,0,0
5,2000,30,21,33,12,9,-7,0,1,0,0,0,0,0,0,0,0,0,0
6,2500,30,19,31,12,7,-8,0,1,0,0,0,0,0,0,0,0,0,0
7,3000,28,19,31,12,7,-8,0,1,0,0,0,0,0,0,0,0,0,0
8,3500,30,19,31,12,8,-7,0,1,0,0,0,0,0,0,0,0,0,0
9,4000,30,21,33,12,9,-7,0,1,0,0,0,0,0,0,0,0,0,0
10,4500,29,21,33,12,9,-7,0,1,0,0,0,0,0,0,0,0,0,0
11,5000,30,19,31,12,7,-8,0,1,0,0,0,0,0,0,0,0,0,0
12,5500,30,18,31,12,6,-7,0,1,0,0,0,0,0,0,0,0,0,0
13,6000,30,21,33,12,9,-7,0,1,0,0,0,0,0,0,0,0,0,0
14,6500,30,21,33,12,9,-6,0,1,0,0,0,0,0,0,0,0,0,0
15,7000,28,19,32,12,8,-7,0,1,0,0,0,0,0,0,0,0,0,0
16,7500,28,18,31,12,7,-8,0,1,0,0,0,0,0,0,0,0,0,0
17,8000,30,18,31,12,6,-7,0,1,0,0,0,0,0,0,0,0,0,0
18,8500,28,19,31,12,8,-8,0,1,0,0,0,0,0,0,0,0,0,0
19,9000,28,18,31,12,8,-8,0,1,0,0,0,0,0,0,0,0,0,0
20,9500,28,19,31,12,8,-7,0,1,0,0,0,0,0,0,0,0,0,0
21,10000,28,19,31,12,8,-7,0,1,0,0,0,0,0,0,0,0,0,0
22,10500,28,20,31,12,9,-7,0,1,0,0,0,0,0,0,0,0,0,0
23,11000,28,19,31,12,7,-7,0,1,0,0,0,0,0,0,0,0,0,0
24,11500,28,20,33,12,8,-7,0,1,0,0,0,0,0,0,0,0,0,0
25,12000,28,19,32,12,8,-7,0,1,0,0,0,0,0,0,0,0,0,0
26,12500,29,21,33,12,9,-6,0,1,0,0,0,0,0,0,0,0,0,0
27,13000,28,19,31,12,8,-7,0,1,0,0,0,0,0,0,0,0,0,0
28,13500,30,18,31,12,8,-7,0,1,0,0,0,0,0,0,0,0,0,0
29,14000,28,19,31,12,8,-7,0,1,0,0,0,0,0,0,0,0,0,0
30,14500,30,20,33,12,9,-6,0,1,0,0,0,0,0,0,0,0,0,0
31,15000,28,19,31,12,7,-7,0,1,0,0,0,0,0,0,0,0,0,0
32,15500,28,20,31,12,8,-7,0,1,0,0,0,0,0,0,0,0,0,0
33,16000,28,19,31,12,8,-7,0,1,0,0,0,0,0,0,0,0,0,0
34,16500,28,19,31,12,8,-7,0,1,0,0,0,0,0,0,0,0,0,0
35,17000,28,19,31,12,8,-7,0,1,0,0,0,0,0,0,0,0,0,0
36,17500,28,19,31,12,8,-8,0,1,0,0,0,0,0,0,0,0,0,0
37,18000,28,19,31,12,8,-7,0,1,0,0,0,0,0,0,0,0,0,0
38,18500,28,19,31,12,7,-7,0,1,0,0,0,0,0,0,0,0,0,0
39,19000,30,21,33,12,9,-7,0,1,0,0,0,0,0,0,0,0,0,0
40,19500,28,19,32,12,9,-7,0,1,0,0,0,0,0,0,0,0,0,0
41,20000,28,19,31,12,8,-8,0,1,0,0,0,0,0,0,0,0,0,0
42,20500,30,19,31,12,6,-8,0,1,0,0,0,0,0,0,0,0,0,0
43,21000,30,21,32,12,9,-7,0,1,0,0,0,0,0,0,0,0,0,0
44,21500,30,21,33,12,9,-7,0,1,0,0,0,0,0,0,0,0,0,0
45,22000,28,20,33,12,9,-7,0,1,0,0,0,0,0,0,0,0,0,0
46,22500,30,21,33,12,9,-7,0,1,0,0,0,0,0,0,0,0,0,0
47,23000,30,19,31,12,7,-7,0,1,0,0,0,0,0,0,0,0,0,0
48,23500,28,19,31,12,6,-7,0,1,0,0,0,0,0,0,0,0,0,0
49,24000,28,19,31,12,6,-8,0,1,0,0,0,0,0,0,0,0,0,0
50,24500,30,18,31,12,8,-8,0,1,0,0,0,0,0,0,0,0,0,0
51,25000,30,19,31,12,6,-8,0,1,0,0,0,0,0,0,0,0,0,0
52,25500,28,19,31,12,8,-7,0,1,0,0,0,0,0,0,0,0,0,0
53,26000,30,18,31,12,7,-8,0,1,0,0,0,0,0,0,0,0,0,0
54,26500,28,19,31,12,8,-7,0,1,0,0,0,0,0,0,0,0,0,0
55,27000,28,20,31,12,9,-7,0,1,0,0,0,0,0,0,0,0,0,0
56,27500,28,19,31,12,8,-7,0,1,0,0,0,0,0,0,0,0,0,0
57,28000,30,21,33,12,9,-7,0,1,0,0,0,0,0,0,0,0,0,0
58,28500,28,19,31,12,8,-7,0,1,0,0,0,0,0,0,0,0,0,0
59,29000,28,19,31,12,8,-7,0,1,0,0,0,0,0,0,0,0,0,0
60,29500,28,20,31,12,8,-7,0,1,0,0,0,0,0,0,0,0,0,0
61,30000,30,19,31,12,8,-7,0,1,0,0,0,0,0,0,0,0,0,0
62,30500,28,21,33,12,9,-7,0,1,0,0,0,0,0,0,0,0,0,0
63,31000,30,19,31,12,8,-7,0,1,0,0,0,0,0,0,0,0,0,0
64,31500,28,20,31,12,8,-7,0,1,0,0,0,0,0,0,0,0,0,0
65,32000,30,21,33,12,9,-7,0,1,0,0,0,0,0,0,0,0,0,0
66,32500,28,19,31,12,7,-7,0,1,0,0,0,0,0,0,0,0,0,0
67,33000,28,19,31,12,8,-7,0,1,0,0,0,0,0,0,0,0,0,0
68,33500,28,19,31,12,8,-7,0,1,0,0,0,0,0,0,0,0,0,0
69,34000,30,19,33,12,8,-8,0,1,0,0,0,0,0,0,0,0,0,0
70,34500,28,19,32,12,8,-8,0,1,0,0,0,0,0,0,0,0,0,0
71,35000,28,20,31,12,9,-7,0,1,0,0,0,0,0,0,0,0,0,0
72,35500,28,19,31,12,8,-7,0,1,0,0,0,0,0,0,0,0,0,0
73,36000,30,21,33,12,9,-7,0,1,0,0,0,0,0,0,0,0,0,0
74,36500,28,19,32,12,9,-7,0,1,0,0,0,0,0,0,0,0,0,0
75,37000,28,19,31,12,8,-8,0,1,0,0,0,0,0,0,0,0,0,0
76,37500,28,19,31,12,8,-8,0,1,0,0,0,0,0,0,0,0,0,0
77,38000,30,21,33,12,9,-7,0,1,0,0,0,0,0,0,0,0,0,0
78,38500,30,21,33,12,9,-7,0,1,0,0,0,0,0,0,0,0,0,0
79,39000,31,19,31,12,7,-7,0,1,0,0,0,0,0,0,0,0,0,0
80,39500,28,18,31,12,6,-8,0,1,0,0,0,0,0,0,0,0,0,0
81,40000,28,20,31,12,8,-7,0,1,0,0,0,0,0,0,0,0,0,0
82,40500,28,19,32,12,8,-7,0,1,0,0,0,0,0,0,0,0,0,0
83,41000,30,19,31,12,7,-7,0,1,0,0,0,0,0,0,0,0,0,0
84,41500,28,21,31,12,8,-7,0,1,0,0,0,0,0,0,0,0,0,0
85,42000,28,19,31,12,8,-7,0,1,0,0,0,0,0,0,0,0,0,0
86,42500,28,19,31,12,8,-8,0,1,0,0,0,0,0,0,0,0,0,0
87,43000,28,19,31,12,8,-7,0,1,0,0,0,0,0,0,0,0,0,0
88,43500,30,19,30,12,7,-8,0,1,0,0,0,0,0,0,0,0,0,0
89,44000,28,19,31,12,8,-7,0,1,0,0,0,0,0,0,0,0,0,0
90,44500,28,20,31,12,8,-7,0,1,0,0,0,0,0,0,0,0,0,0
91,45000,30,19,31,12,7,-7,0,1,0,0,0,0,0,0,0,0,0,0
92,45500,28,19,31,12,8,-7,0,1,0,0,0,0,0,0,0,0,0,0
93,46000,30,19,31,12,7,-8,0,1,0,0,0,0,0,0,0,0,0,0
94,46500,28,19,31,12,8,-8,0,1,0,0,0,0,0,0,0,0,0,0
95,47000,29,21,33,12,9,-6,0,1,0,0,0,0,0,0,0,0,0,0
96,47500,30,19,31,12,8,-8,0,1,0,0,0,0,0,0,0,0,0,0
97,48000,28,20,31,12,9,-7,0,1,0,0,0,0,0,0,0,0,0,0
98,48500,30,19,31,12,7,-8,0,1,0,0,0,0,0,0,0,0,0,0
99,49000,28,19,31,12,8,-8,0,1,0,0,0,0,0,0,0,0,0,0
100,49500,30,18,31,12,7,-8,0,1,0,0,0,0,0,0,0,0,0,0
101,50000,28,20,31,12,8,-7,0,1,0,0,0,0,0,0,0,0,0,0
102,50500,28,19,31,12,7,-7,0,1,0,0,0,0,0,0,0,0,0,0
103,51000,28,19,31,12,6,-8,0,1,0,0,0,0,0,0,0,0,0,0
104,51500,28,19,31,12,8,-7,0,1,0,0,0,0,0,0,0,0,0,0
105,52000,28,19,31,12,6,-8,0,1,0,0,0,0,0,0,0,0,0,0
106,52500,28,20,31,12,8,-7,0,1,0,0,0,0,0,0,0,0,0,0
107,53000,16,19,31,9,8,-8,0,1,0,0,0,0,0,0,0,0,0,0
108,53500,-69,19,31,2,8,-8,0,1,0,0,0,0,0,0,0,0,0,0
109,54000,-226,19,31,-12,6,-8,0,1,0,0,0,0,0,0,0,0,0,0
110,54500,-369,19,31,-24,9,-7,0,1,0,0,0,0,0,0,0,0,0,0
111,55000,-491,19,33,-34,8,-7,0,1,0,0,0,0,0,0,0,0,0,0
112,55500,-604,19,32,-41,9,-7,0,1,0,0,0,0,0,0,0,0,0,0
113,56000,-699,21,31,-49,9,-7,0,1,0,0,0,0,0,0,0,0,0,0
114,56500,-772,19,33,-53,7,-7,0,1,0,0,0,0,0,0,0,0,0,0
115,57000,-829,19,33,-57,9,-7,0,1,0,0,0,0,0,0,0,0,0,0
116,57500,-859,21,31,-59,9,-7,0,1,0,0,0,0,0,0,0,0,0,0
117,58000,-872,19,31,-59,7,-8,0,1,0,0,0,0,0,0,0,0,0,0
118,58500,-854,20,30,-57,6,-7,0,1,0,0,0,0,0,0,0,0,0,0
119,59000,-820,21,31,-56,8,-7,0,1,0,0,0,0,0,0,0,0,0,0
120,59500,-764,21,31,-51,8,-7,0,1,0,0,0,0,0,0,0,0,0,0
121,60000,-682,20,31,-44,7,-8,0,1,0,0,0,0,0,0,0,0,0,0
122,60500,-586,19,31,-35,6,-8,0,1,0,0,0,0,0,0,0,0,0,0
123,61000,-478,19,31,-26,8,-7,0,1,0,0,0,0,0,0,0,0,0,0
124,61500,-353,20,31,-14,8,-7,0,1,0,0,0,0,0,0,0,0,0,0
125,62000,-222,19,33,-2,8,-7,0,1,0,0,0,0,0,0,0,0,0,0
126,62500,-63,19,31,12,8,-7,0,1,0,0,0,0,0,0,0,0,0,0
127,63000,75,19,31,27,8,-7,0,1,0,0,0,0,0,0,0,0,0,0
128,63500,217,19,31,40,8,-8,0,1,0,0,0,0,0,0,0,0,0,0
129,64000,335,20,33,54,9,-6,0,1,0,0,0,0,0,0,0,0,0,0
130,64500,462,19,32,68,9,-7,0,1,0,0,0,0,0,0,0,0,0,0
131,65000,582,19,31,77,8,-7,0,1,0,0,0,0,0,0,0,0,1,0
132,65500,688,20,33,85,9,-7,0,1,0,0,0,0,0,0,0,0,1,0
133,66000,778,18,31,92,9,-7,0,1,0,0,0,0,0,0,0,0,1,0
134,66500,851,18,31,96,8,-8,0,1,0,0,0,0,0,0,0,0,1,0
135,67000,903,18,31,99,6,-8,0,1,0,0,0,0,0,0,0,0,1,0
136,67500,934,19,31,101,7,-7,0,1,0,0,0,0,0,0,0,0,1,0
137,68000,941,18,31,100,6,-7,0,1,0,0,0,0,0,0,0,0,1,0
138,68500,928,20,32,98,9,-6,0,1,0,0,0,0,0,0,0,0,1,0
139,69000,892,19,31,94,8,-7,0,1,0,0,0,0,0,0,0,0,1,0
140,69500,833,18,31,86,8,-7,0,1,0,0,0,0,0,0,0,0,1,0
141,70000,754,19,31,78,9,-7,0,1,0,0,0,0,0,0,0,0,1,0
142,70500,658,20,33,68,9,-6,0,1,0,0,0,0,0,0,0,0,1,0
143,71000,546,19,32,59,8,-7,0,1,0,0,0,0,0,0,0,0,1,0
144,71500,423,19,31,47,8,-7,0,1,0,0,0,0,0,0,0,0,1,0
145,72000,289,19,31,33,8,-8,0,1,0,0,0,0,0,0,0,0,1,0
146,72500,172,19,31,18,8,-8,0,1,0,0,0,0,0,0,0,0,1,0
147,73000,33,21,31,3,9,-7,0,1,0,0,0,0,0,0,0,0,1,0
148,73500,-111,19,31,-10,8,-6,0,1,0,0,0,0,0,0,0,0,1,0
149,74000,-270,21,31,-24,9,-7,0,1,0,0,0,0,0,0,0,0,1,0
150,74500,-396,19,31,-37,9,-7,0,1,0,0,0,0,0,0,0,0,1,0
151,75000,-517,19,33,-46,7,-6,0,1,0,0,0,0,0,0,0,0,1,0
152,75500,-621,21,32,-54,8,-7,0,1,0,0,0,0,0,0,0,0,1,0
153,76000,-708,19,33,-59,8,-7,0,1,0,0,0,0,0,0,0,0,1,0
154,76500,-785,19,31,-60,8,-8,0,1,0,0,0,0,0,0,0,0,1,0
155,77000,-837,19,31,-62,6,-8,0,1,0,0,0,0,0,0,0,0,1,0
156,77500,-872,19,31,-62,6,-8,0,1,0,0,0,0,0,0,0,0,1,0
157,78000,-881,20,31,-62,8,-8,0,1,0,0,0,0,0,0,0,0,1,0
158,78500,-868,19,31,-62,9,-7,0,1,0,0,0,0,0,0,0,0,1,0
159,79000,-833,19,33,-58,7,-7,0,1,0,0,0,0,0,0,0,0,1,0
160,79500,-768,20,31,-53,8,-7,0,1,0,0,0,0,0,0,0,0,1,0
161,80000,-690,21,31,-47,8,-8,0,1,0,0,0,0,0,0,0,0,1,0
162,80500,-595,19,31,-39,9,-7,0,1,0,0,0,0,0,0,0,0,0,0
163,81000,-482,19,31,-29,9,-7,0,1,0,0,0,0,0,0,0,0,0,0
164,81500,-361,19,31,-16,8,-7,0,1,0,0,0,0,0,0,0,0,0,0
165,82000,-223,19,33,-4,6,-7,0,1,0,0,0,0,0,0,0,0,0,0
166,82500,-66,19,32,9,9,-7,0,1,0,0,0,0,0,0,0,0,0,0
167,83000,75,21,33,24,9,-7,0,1,0,0,0,0,0,0,0,0,0,0
168,83500,215,21,33,37,9,-6,0,1,0,0,0,0,0,0,0,0,0,0
169,84000,332,19,31,52,8,-7,0,1,0,0,0,0,0,0,0,0,0,0
170,84500,461,19,31,65,9,-7,0,1,0,0,0,0,0,0,0,0,0,0
171,85000,579,19,31,75,7,-7,0,1,0,0,0,0,0,0,0,0,0,0
172,85500,683,20,33,83,9,-7,0,1,0,0,0,0,0,0,0,0,0,0
173,86000,774,20,33,90,9,-7,0,1,0,0,0,0,0,0,0,0,0,0
174,86500,846,21,33,95,9,-7,0,1,0,0,0,0,0,0,1,0,0,0
175,87000,898,19,31,98,7,-7,0,1,0,0,0,0,0,0,1,0,0,0
176,87500,927,18,31,98,8,-7,0,1,0,0,0,0,0,0,1,0,0,0
177,88000,936,19,31,98,6,-8,0,1,0,0,0,0,0,0,1,0,0,0
178,88500,921,21,33,94,9,-7,0,1,0,0,0,0,0,0,1,0,0,0
179,89000,883,19,31,87,9,-6,0,1,0,0,0,0,0,0,1,0,0,0
180,89500,823,20,33,81,9,-6,0,1,0,0,0,0,0,0,1,0,0,0
181,90000,742,19,31,75,7,-7,0,1,0,0,0,0,0,0,1,0,0,0
182,90500,646,18,31,66,8,-8,0,1,0,0,0,0,0,0,1,0,0,0
183,91000,536,19,31,56,9,-7,0,1,0,0,0,0,0,0,1,0,0,0
184,91500,410,19,33,46,9,-7,0,1,0,0,0,0,0,0,1,0,0,0
185,92000,279,21,33,31,9,-6,0,1,0,0,0,0,0,0,1,0,0,0
186,92500,161,19,32,16,8,-7,0,1,0,0,0,0,0,0,1,0,0,0
187,93000,20,21,31,1,9,-7,0,1,0,0,0,0,0,0,1,0,0,0
188,93500,-120,19,31,-12,8,-7,0,1,0,0,0,0,0,0,1,0,0,0
189,94000,-277,21,31,-27,9,-7,0,1,0,0,0,0,0,0,1,0,0,0
190,94500,-406,21,31,-37,8,-8,0,1,0,0,0,0,0,0,1,0,0,0
191,95000,-525,19,33,-47,8,-7,0,1,0,0,0,0,0,0,1,0,0,0
192,95500,-631,21,31,-56,8,-7,0,1,0,0,0,0,0,0,1,0,0,0
193,96000,-720,19,33,-62,8,-7,0,1,0,0,0,0,0,0,1,0,0,0
194,96500,-788,21,31,-64,8,-7,0,1,0,0,0,0,0,0,1,0,0,0
195,97000,-846,19,31,-66,9,-7,0,1,0,0,0,0,0,0,1,0,0,0
196,97500,-876,19,31,-65,7,-8,0,1,0,0,0,0,0,0,1,0,0,0
197,98000,-881,19,31,-65,9,-7,0,1,0,0,0,0,0,0,1,0,0,0
198,98500,-872,21,31,-63,9,-7,0,1,0,0,0,0,0,0,1,0,0,0
199,99000,-833,19,31,-59,9,-7,0,1,0,0,0,0,0,0,1,0,0,0
200,99500,-777,19,33,-54,8,-7,0,1,0,0,0,0,0,0,1,0,0,0
201,100000,-694,21,32,-48,9,-7,0,1,0,0,0,0,0,0,1,0,0,0
202,100500,-595,19,33,-39,8,-7,0,1,0,0,0,0,0,0,1,0,0,0
203,101000,-483,20,31,-29,8,-7,0,1,0,0,0,0,0,0,1,0,0,0
204,101500,-361,20,31,-17,8,-7,0,1,0,0,0,0,0,0,1,0,0,0
205,102000,-224,19,33,-4,8,-6,0,1,0,0,0,0,0,0,1,0,0,0
206,102500,-67,19,32,10,8,-7,0,1,0,0,0,0,0,0,1,0,0,0
207,103000,73,20,31,24,9,-7,0,1,0,0,0,0,0,0,1,0,0,0
208,103500,214,19,31,38,8,-7,0,1,0,0,0,0,0,0,1,0,0,0
209,104000,330,19,31,52,8,-8,0,1,0,0,0,0,0,0,1,0,0,0
210,104500,458,21,33,65,9,-6,0,1,0,0,0,0,0,0,1,0,0,0
211,105000,577,19,32,74,8,-7,0,1,0,0,0,0,0,0,1,0,0,0
212,105500,683,18,31,84,8,-7,0,1,0,0,0,0,0,0,1,0,0,0
213,106000,772,19,31,91,8,-7,0,1,0,0,0,0,0,0,1,0,0,0
214,106500,843,18,31,95,8,-8,0,1,0,0,0,0,0,0,1,0,0,0
215,107000,894,18,31,98,6,-8,0,1,0,0,0,0,0,0,1,0,0,0
216,107500,923,19,31,99,8,-7,0,1,0,0,0,0,0,0,1,0,0,0
217,108000,930,18,31,97,6,-8,0,1,0,0,0,0,0,0,1,0,0,0
218,108500,913,19,31,94,8,-7,0,1,0,0,0,0,0,0,1,0,0,0
219,109000,874,18,31,89,8,-8,0,1,0,0,0,0,0,0,1,0,0,0
220,109500,814,19,31,83,8,-7,0,1,0,0,0,0,0,0,1,0,0,0
221,110000,736,19,31,75,8,-7,0,1,0,0,0,0,0,0,1,0,0,0
222,110500,639,19,31,68,8,-7,0,1,0,0,0,0,0,0,1,0,0,0
223,111000,527,19,31,57,8,-7,0,1,0,0,0,0,0,0,1,0,0,0
224,111500,402,21,33,44,9,-6,0,1,0,0,0,0,0,0,1,0,0,0
225,112000,271,19,32,31,7,-7,0,1,0,0,0,0,0,0,1,0,0,0
226,112500,155,20,33,15,8,-7,0,1,0,0,0,0,0,0,1,0,0,0
227,113000,12,19,32,2,9,-7,0,1,0,0,0,0,0,0,1,0,0,0
228,113500,-127,19,33,-9,8,-8,0,1,0,0,0,0,0,0,1,0,0,0
229,114000,-287,19,32,-27,9,-7,0,1,0,0,0,0,0,0,1,0,0,0
230,114500,-417,19,33,-38,8,-7,0,1,0,0,0,0,0,0,1,0,0,0
231,115000,-534,19,31,-49,8,-7,0,1,0,0,0,0,0,0,1,0,0,0
232,115500,-638,20,31,-56,8,-7,0,1,0,0,0,0,0,0,1,0,0,0
233,116000,-729,19,33,-62,6,-7,0,1,0,0,0,0,0,0,1,0,0,0
234,116500,-798,21,32,-66,8,-7,0,1,0,0,0,0,0,0,1,0,0,0
235,117000,-846,20,31,-66,8,-8,0,1,0,0,0,0,0,0,1,0,0,0
236,117500,-881,21,31,-66,8,-7,0,1,0,0,0,0,0,0,1,0,0,0
237,118000,-889,21,31,-65,8,-8,0,1,0,0,0,0,0,0,1,0,0,0
238,118500,-872,19,31,-64,9,-7,0,1,0,0,0,0,0,0,1,0,0,0
239,119000,-837,21,31,-60,8,-7,0,1,0,0,0,0,0,0,1,0,0,0
240,119500,-777,21,31,-55,9,-7,0,1,0,0,0,0,0,0,1,0,0,0
241,120000,-699,21,31,-47,8,-8,0,1,0,0,0,0,0,0,1,0,0,0
242,120500,-595,19,31,-41,8,-8,0,1,0,0,0,0,0,0,1,0,0,0
243,121000,-482,21,31,-30,8,-7,0,1,0,0,0,0,0,0,1,0,0,0
244,121500,-361,19,31,-19,9,-7,0,1,0,0,0,0,0,0,1,0,0,0
245,122000,-224,19,31,-5,9,-7,0,1,0,0,0,0,0,0,1,0,0,0
246,122500,-66,19,33,9,8,-7,0,1,0,0,0,0,0,0,1,0,0,0
247,123000,75,20,33,24,9,-6,0,1,0,0,0,0,0,0,1,0,0,0
248,123500,215,19,31,38,9,-7,0,1,0,0,0,0,0,0,1,0,0,0
249,124000,332,19,32,54,8,-7,0,1,0,0,0,0,0,0,1,0,0,0
250,124500,459,18,31,65,8,-8,0,1,0,0,0,0,0,0,1,0,0,0
251,125000,578,19,31,76,8,-7,0,1,0,0,0,0,0,0,1,0,0,0
252,125500,682,18,31,84,6,-7,0,1,0,0,0,0,0,0,1,0,0,0
253,126000,769,18,31,90,8,-8,0,1,0,0,0,0,0,0,1,0,0,0
254,126500,840,19,31,95,8,-7,0,1,0,0,0,0,0,0,1,0,0,0
255,127000,891,19,31,96,8,-7,0,1,0,0,0,0,0,0,1,0,0,0
256,127500,920,19,31,98,8,-7,0,1,0,0,0,0,0,0,1,0,0,0
257,128000,925,19,31,95,8,-7,0,1,0,0,0,0,0,0,1,0,0,0
258,128500,908,19,31,93,8,-7,0,1,0,0,0,0,0,0,1,0,0,0
259,129000,868,19,31,87,8,-7,0,1,0,0,0,0,0,0,1,0,0,0
260,129500,807,20,33,81,8,-7,0,1,0,0,0,0,0,0,1,0,0,0
261,130000,728,19,31,75,8,-7,0,1,0,0,0,0,0,0,1,0,0,0
262,130500,631,18,31,66,6,-8,0,1,0,0,0,0,0,0,1,0,0,0
263,131000,521,18,31,56,6,-7,0,1,0,0,0,0,0,0,1,0,0,0
264,131500,397,19,31,44,8,-7,0,1,0,0,0,0,0,0,1,0,0,0
265,132000,283,18,31,28,7,-8,0,1,0,0,0,0,0,0,1,0,0,0
266,132500,145,19,31,15,8,-7,0,1,0,0,0,0,0,0,1,0,0,0
267,133000,6,18,31,0,9,-7,0,1,0,0,0,0,0,0,1,0,0,0
268,133500,-137,18,33,-15,7,-7,0,1,0,0,0,0,0,0,1,0,0,0
269,134000,-292,19,33,-28,6,-6,0,1,0,0,0,0,0,0,1,0,0,0
270,134500,-421,19,32,-40,9,-7,0,1,0,0,0,0,0,0,1,0,0,0
271,135000,-543,21,31,-50,8,-8,0,1,0,0,0,0,0,0,1,0,0,0
272,135500,-647,19,32,-59,8,-7,0,1,0,0,0,0,0,0,1,0,0,0
273,136000,-738,19,31,-65,9,-7,0,1,0,0,0,0,0,0,1,0,0,0
274,136500,-807,21,31,-68,9,-7,0,1,0,0,0,0,0,0,1,0,0,0
275,137000,-854,20,31,-69,7,-8,0,1,0,0,0,0,0,0,1,0,0,0
276,137500,-881,21,31,-69,8,-8,0,1,0,0,0,0,0,0,1,0,0,0
277,138000,-889,19,31,-67,7,-8,0,1,0,0,0,0,0,0,1,0,0,0
278,138500,-876,19,31,-65,8,-7,0,1,0,0,0,0,0,0,1,0,0,0
279,139000,-837,21,31,-59,8,-8,0,1,0,0,0,0,0,0,1,0,0,0
280,139500,-777,21,31,-54,8,-8,0,1,0,0,0,0,0,0,1,0,0,0
281,140000,-694,21,31,-50,8,-7,0,1,0,0,0,0,0,0,1,0,0,0
282,140500,-595,21,31,-39,6,-8,0,1,0,0,0,0,0,0,1,0,0,0
283,141000,-482,21,31,-31,8,-8,0,1,0,0,0,0,0,0,1,0,0,0
284,141500,-361,19,33,-19,8,-7,0,1,0,0,0,0,0,0,1,0,0,0
285,142000,-222,19,33,-5,6,-7,0,1,0,0,0,0,0,0,1,0,0,0
286,142500,-66,19,33,9,6,-7,0,1,0,0,0,0,0,0,1,0,0,0
287,143000,76,18,31,23,6,-8,0,1,0,0,0,0,0,0,1,0,0,0
288,143500,215,18,31,37,8,-8,0,1,0,0,0,0,0,0,1,0,0,0
289,144000,332,19,31,52,9,-7,0,1,0,0,0,0,0,0,1,0,0,0
290,144500,460,19,31,65,7,-7,0,1,0,0,0,0,0,0,1,0,0,0
291,145000,579,19,31,74,8,-7,0,1,0,0,0,0,0,0,1,0,0,0
292,145500,682,18,31,83,8,-8,0,1,0,0,0,0,0,0,1,0,0,0
293,146000,769,18,31,89,6,-8,0,1,0,0,0,0,0,0,1,0,0,0
294,146500,839,18,31,93,6,-8,0,1,0,0,0,0,0,0,1,0,0,0
295,147000,890,18,31,96,6,-8,0,1,0,0,0,0,0,0,1,0,0,0
296,147500,917,20,33,96,9,-7,0,1,0,0,0,0,0,0,1,0,0,0
297,148000,921,19,32,94,8,-7,0,1,0,0,0,0,0,0,1,0,0,0
298,148500,903,19,32,90,8,-7,0,1,0,0,0,0,0,0,1,0,0,0
299,149000,863,18,31,86,6,-7,0,1,0,0,0,0,0,0,1,0,0,0
300,149500,802,18,31,81,6,-8,0,1,0,0,0,0,0,0,1,0,0,0
301,150000,722,18,31,74,8,-8,0,1,0,0,0,0,0,0,1,0,0,0
302,150500,626,19,31,66,9,-7,0,1,0,0,0,0,0,0,1,0,0,0
303,151000,514,18,31,55,7,-8,0,1,0,0,0,0,0,0,1,0,0,0
304,151500,390,18,31,43,6,-8,0,1,0,0,0,0,0,0,1,0,0,0
305,152000,276,18,31,27,6,-8,0,1,0,0,0,0,0,0,1,0,0,0
306,152500,137,18,31,13,6,-8,0,1,0,0,0,0,0,0,1,0,0,0
307,153000,-3,19,31,0,6,-8,0,1,0,0,0,0,0,0,1,0,0,0
308,153500,-144,21,31,-15,6,-7,0,1,0,0,0,0,0,0,1,0,0,0
309,154000,-300,20,31,-28,6,-8,0,1,0,0,0,0,0,0,1,0,0,0
310,154500,-430,21,31,-41,8,-7,0,1,0,0,0,0,0,0,1,0,0,0
311,155000,-551,21,31,-49,8,-8,0,1,0,0,0,0,0,0,1,0,0,0
312,155500,-655,19,31,-59,6,-8,0,1,0,0,0,0,0,0,1,0,0,0
313,156000,-742,21,31,-65,8,-8,0,1,0,0,0,0,0,0,1,0,0,0
314,156500,-812,22,31,-69,8,-7,0,1,0,0,0,0,0,0,1,0,0,0
315,157000,-856,21,31,-69,8,-8,0,1,0,0,0,0,0,0,1,0,0,0
316,157500,-883,19,31,-70,9,-7,0,1,0,0,0,0,0,0,1,0,0,0
317,158000,-894,21,31,-69,8,-7,0,1,0,0,0,0,0,0,1,0,0,0
318,158500,-876,19,33,-66,7,-7,0,1,0,0,0,0,0,0,1,0,0,0
319,159000,-837,19,31,-60,8,-7,0,1,0,0,0,0,0,0,1,0,0,0
320,159500,-777,19,31,-56,7,-8,0,1,0,0,0,0,0,0,1,0,0,0
321,160000,-694,21,31,-50,8,-7,0,1,0,0,0,0,0,0,1,0,0,0
322,160500,-595,19,33,-41,7,-7,0,1,0,0,0,0,0,0,1,0,0,0
323,161000,-482,20,31,-29,8,-7,0,1,0,0,0,0,0,0,1,0,0,0
324,161500,-356,19,31,-19,9,-7,0,1,0,0,0,0,0,0,1,0,0,0
325,162000,-222,19,33,-5,9,-7,0,1,0,0,0,0,0,0,1,0,0,0
326,162500,-62,21,31,9,8,-7,0,1,0,0,0,0,0,0,1,0,0,0
327,163000,77,20,31,24,9,-7,0,1,0,0,0,0,0,0,1,0,0,0
328,163500,218,19,31,37,7,-8,0,1,0,0,0,0,0,0,1,0,0,0
329,164000,332,19,31,52,8,-7,0,1,0,0,0,0,0,0,1,0,0,0
330,164500,462,18,31,65,6,-7,0,1,0,0,0,0,0,0,1,0,0,0
331,165000,579,18,31,74,6,-8,0,1,0,0,0,0,0,0,1,0,0,0
332,165500,682,19,31,83,8,-7,0,1,0,0,0,0,0,0,1,0,0,0
333,166000,769,18,31,89,7,-7,0,1,0,0,0,0,0,0,1,0,0,0
334,166500,839,18,31,93,6,-8,0,1,0,0,0,0,0,0,1,0,0,0
335,167000,887,19,31,96,6,-8,0,1,0,0,0,0,0,0,1,0,0,0
336,167500,915,18,31,96,8,-8,0,1,0,0,0,0,0,0,1,0,0,0
337,168000,918,18,31,93,8,-7,0,1,0,0,0,0,0,0,1,0,0,0
338,168500,900,19,31,90,8,-7,0,1,0,0,0,0,0,0,1,0,0,0
339,169000,859,19,31,87,8,-7,0,1,0,0,0,0,0,0,1,0,0,0
340,169500,798,19,31,81,8,-8,0,1,0,0,0,0,0,0,1,0,0,0
341,170000,719,18,31,74,6,-8,0,1,0,0,0,0,0,0,1,0,0,0
342,170500,622,19,31,66,8,-7,0,1,0,0,0,0,0,0,1,0,0,0
343,171000,509,19,31,55,8,-8,0,1,0,0,0,0,0,0,1,0,0,0
344,171500,384,18,30,41,7,-8,0,1,0,0,0,0,0,0,1,0,0,0
345,172000,270,19,33,26,9,-7,0,1,0,0,0,0,0,0,1,0,0,0
346,172500,131,19,32,13,8,-7,0,1,0,0,0,0,0,0,1,0,0,0
347,173000,-10,18,33,-1,6,-7,0,1,0,0,0,0,0,0,1,0,0,0
348,173500,-150,20,32,-16,8,-7,0,1,0,0,0,0,0,0,1,0,0,0
349,174000,-309,19,31,-29,7,-8,0,1,0,0,0,0,0,0,1,0,0,0
350,174500,-439,19,33,-41,6,-7,0,1,0,0,0,0,0,0,1,0,0,0
351,175000,-551,20,31,-50,8,-7,0,1,0,0,0,0,0,0,1,0,0,0
352,175500,-660,21,31,-59,8,-7,0,1,0,0,0,0,0,0,1,0,0,0
353,176000,-744,19,31,-66,9,-7,0,1,0,0,0,0,0,0,1,0,0,0
354,176500,-813,20,31,-68,8,-8,0,1,0,0,0,0,0,0,1,0,0,0
355,177000,-863,21,31,-72,8,-8,0,1,0,0,0,0,0,0,1,0,0,0
356,177500,-884,19,31,-72,9,-7,0,1,0,0,0,0,0,0,1,0,0,0
357,178000,-898,19,31,-69,8,-8,0,1,0,0,0,0,0,0,1,0,0,0
358,178500,-876,21,31,-66,9,-8,0,1,0,0,0,0,0,0,1,0,0,0
359,179000,-837,21,31,-62,8,-7,0,1,0,0,0,0,0,0,1,0,0,0
360,179500,-777,19,33,-56,6,-7,0,1,0,0,0,0,0,0,1,0,0,0
361,180000,-694,19,33,-49,7,-7,0,1,0,0,0,0,0,0,1,0,0,0
362,180500,-595,19,33,-41,8,-6,0,1,0,0,0,0,0,0,1,0,0,0
363,181000,-482,19,31,-29,8,-8,0,1,0,0,0,0,0,0,1,0,0,0
364,181500,-352,19,31,-17,7,-8,0,1,0,0,0,0,0,0,1,0,0,0
365,182000,-222,20,31,-4,8,-8,0,1,0,0,0,0,0,0,1,0,0,0
366,182500,-62,19,33,9,8,-7,0,1,0,0,0,0,0,0,1,0,0,0
367,183000,80,19,32,24,8,-7,0,1,0,0,0,0,0,0,1,0,0,0
368,183500,219,18,31,38,8,-8,0,1,0,0,0,0,0,0,1,0,0,0
369,184000,336,18,31,52,6,-8,0,1,0,0,0,0,0,0,1,0,0,0
370,184500,462,20,33,64,9,-7,0,1,0,0,0,0,0,0,1,0,0,0
371,185000,579,20,33,74,9,-7,0,1,0,0,0,0,0,0,1,0,0,0
372,185500,684,19,32,84,8,-7,0,1,0,0,0,0,0,0,1,0,0,0
373,186000,771,19,31,90,7,-7,0,1,0,0,0,0,0,0,1,0,0,0
374,186500,838,19,33,93,9,-7,0,1,0,0,0,0,0,0,1,0,0,0
375,187000,887,20,33,95,9,-7,0,1,0,0,0,0,0,0,1,0,0,0
376,187500,913,18,31,95,7,-8,0,1,0,0,0,0,0,0,1,0,0,0
377,188000,917,17,31,93,6,-8,0,1,0,0,0,0,0,0,1,0,0,0
378,188500,897,18,31,90,6,-8,0,1,0,0,0,0,0,0,1,0,0,0
379,189000,856,20,33,86,9,-7,0,1,0,0,0,0,0,0,1,0,0,0
380,189500,796,18,31,80,7,-7,0,1,0,0,0,0,0,0,1,0,0,0
381,190000,713,19,31,74,8,-7,0,1,0,0,0,0,0,0,1,0,0,0
382,190500,617,18,31,65,7,-8,0,1,0,0,0,0,0,0,1,0,0,0
383,191000,503,20,32,53,9,-7,0,1,0,0,0,0,0,0,1,0,0,0
384,191500,376,21,33,41,9,-6,0,1,0,0,0,0,0,0,1,0,0,0
385,192000,264,19,31,26,7,-7,0,1,0,0,0,0,0,0,1,0,0,0
386,192500,126,21,33,13,9,-7,0,1,0,0,0,0,0,0,1,0,0,0
387,193000,-13,21,32,-2,9,-7,0,1,0,0,0,0,0,0,1,0,0,0
388,193500,-156,19,33,-17,7,-8,0,1,0,0,0,0,0,0,1,0,0,0
389,194000,-310,21,32,-31,8,-8,0,1,0,0,0,0,0,0,1,0,0,0
390,194500,-439,19,31,-41,7,-8,0,1,0,0,0,0,0,0,1,0,0,0
391,195000,-560,21,31,-52,8,-8,0,1,0,0,0,0,0,0,1,0,0,0
392,195500,-664,19,31,-60,9,-7,0,1,0,0,0,0,0,0,1,0,0,0
393,196000,-750,20,31,-65,8,-8,0,1,0,0,0,0,0,0,1,0,0,0
394,196500,-820,19,31,-68,7,-8,0,1,0,0,0,0,0,0,1,0,0,0
395,197000,-868,19,33,-72,6,-7,0,1,0,0,0,0,0,0,1,0,0,0
396,197500,-889,19,32,-72,9,-7,0,1,0,0,0,0,0,0,1,0,0,0
397,198000,-898,19,31,-69,7,-8,0,1,0,0,0,0,0,0,1,0,0,0
398,198500,-881,19,31,-66,8,-7,0,1,0,0,0,0,0,0,1,0,0,0
399,199000,-837,19,33,-62,7,-6,0,1,0,0,0,0,0,0,1,0,0,0
400,199500,-777,21,32,-56,8,-7,0,1,0,0,0,0,0,0,1,0,0,0
401,200000,-690,19,31,-48,8,-8,0,1,0,0,0,0,0,0,1,0,0,0
402,200500,-595,19,31,-41,9,-7,0,1,0,0,0,0,0,0,1,0,0,0
403,201000,-478,19,31,-30,7,-7,0,1,0,0,0,0,0,0,1,0,0,0
404,201500,-352,19,31,-18,8,-7,0,1,0,0,0,0,0,0,1,0,0,0
405,202000,-218,19,31,-5,9,-7,0,1,0,0,0,0,0,0,1,0,0,0
406,202500,-58,19,31,10,7,-7,0,1,0,0,0,0,0,0,1,0,0,0
407,203000,83,20,31,24,8,-7,0,1,0,0,0,0,0,0,1,0,0,0
408,203500,223,19,31,39,8,-7,0,1,0,0,0,0,0,0,1,0,0,0
409,204000,339,19,31,52,7,-8,0,1,0,0,0,0,0,0,1,0,0,0
410,204500,466,19,31,66,8,-8,0,1,0,0,0,0,0,0,1,0,0,0
411,205000,582,21,33,74,9,-7,0,1,0,0,0,0,0,0,1,0,0,0
412,205500,686,19,32,84,8,-7,0,1,0,0,0,0,0,0,1,0,0,0
413,206000,771,18,31,90,8,-7,0,1,0,0,0,0,0,0,1,0,0,0
414,206500,839,19,31,93,8,-7,0,1,0,0,0,0,0,0,1,0,0,0
415,207000,887,20,33,95,9,-7,0,1,0,0,0,0,0,0,1,0,0,0
416,207500,912,19,32,96,8,-7,0,1,0,0,0,0,0,0,1,0,0,0
417,208000,915,18,31,93,7,-7,0,1,0,0,0,0,0,0,1,0,0,0
418,208500,895,19,31,90,8,-7,0,1,0,0,0,0,0,0,1,0,0,0
419,209000,852,19,31,87,9,-7,0,1,0,0,0,0,0,0,1,0,0,0
420,209500,792,18,31,81,7,-7,0,1,0,0,0,0,0,0,1,0,0,0
421,210000,710,19,31,74,8,-7,0,1,0,0,0,0,0,0,1,0,0,0
422,210500,612,18,31,65,7,-8,0,1,0,0,0,0,0,0,1,0,0,0
423,211000,497,18,31,53,7,-8,0,1,0,0,0,0,0,0,1,0,0,0
424,211500,371,18,31,41,6,-8,0,1,0,0,0,0,0,0,1,0,0,0
425,212000,259,19,31,26,8,-8,0,1,0,0,0,0,0,0,1,0,0,0
426,212500,120,19,31,12,6,-8,0,1,0,0,0,0,0,0,1,0,0,0
427,213000,-19,19,31,-3,9,-7,0,1,0,0,0,0,0,0,1,0,0,0
428,213500,-162,19,31,-16,7,-8,0,1,0,0,0,0,0,0,1,0,0,0
429,214000,-317,18,33,-31,6,-7,0,1,0,0,0,0,0,0,1,0,0,0
430,214500,-447,19,31,-41,6,-8,0,1,0,0,0,0,0,0,1,0,0,0
431,215000,-560,21,31,-53,9,-8,0,1,0,0,0,0,0,0,1,0,0,0
432,215500,-665,19,33,-59,8,-7,0,1,0,0,0,0,0,0,1,0,0,0
433,216000,-751,19,31,-65,8,-7,0,1,0,0,0,0,0,0,1,0,0,0
434,216500,-820,19,31,-70,8,-7,0,1,0,0,0,0,0,0,1,0,0,0
435,217000,-868,19,31,-72,9,-7,0,1,0,0,0,0,0,0,1,0,0,0
436,217500,-894,19,31,-72,9,-7,0,1,0,0,0,0,0,0,1,0,0,0
437,218000,-898,20,31,-69,8,-7,0,1,0,0,0,0,0,0,1,0,0,0
438,218500,-876,19,33,-66,6,-7,0,1,0,0,0,0,0,0,1,0,0,0
439,219000,-837,19,33,-62,6,-7,0,1,0,0,0,0,0,0,1,0,0,0
440,219500,-772,19,32,-56,8,-7,0,1,0,0,0,0,0,0,1,0,0,0
441,220000,-690,21,31,-50,8,-7,0,1,0,0,0,0,0,0,1,0,0,0
442,220500,-590,21,31,-41,9,-7,0,1,0,0,0,0,0,0,1,0,0,0
443,221000,-473,19,31,-29,7,-8,0,1,0,0,0,0,0,0,1,0,0,0
444,221500,-348,21,31,-17,8,-8,0,1,0,0,0,0,0,0,1,0,0,0
445,222000,-213,21,31,-4,8,-8,0,1,0,0,0,0,0,0,1,0,0,0
446,222500,-55,20,31,11,8,-7,0,1,0,0,0,0,0,0,1,0,0,0
447,223000,87,19,31,24,6,-8,0,1,0,0,0,0,0,0,1,0,0,0
448,223500,227,21,32,38,9,-7,0,1,0,0,0,0,0,0,1,0,0,0
449,224000,341,19,31,52,8,-8,0,1,0,0,0,0,0,0,1,0,0,0
450,224500,469,18,31,65,6,-8,0,1,0,0,0,0,0,0,1,0,0,0
451,225000,583,18,31,76,6,-8,0,1,0,0,0,0,0,0,1,0,0,0
452,225500,687,19,31,84,8,-8,0,1,0,0,0,0,0,0,1,0,0,0
453,226000,772,20,33,89,9,-7,0,1,0,0,0,0,0,0,1,0,0,0
454,226500,841,19,33,94,9,-7,0,1,0,0,0,0,0,0,1,0,0,0
455,227000,887,19,33,96,8,-7,0,1,0,0,0,0,0,0,1,0,0,0
456,227500,911,20,33,95,9,-7,0,1,0,0,0,0,0,0,1,0,0,0
457,228000,913,21,33,93,9,-7,0,1,0,0,0,0,0,0,1,0,0,0
458,228500,892,18,32,90,8,-7,0,1,0,0,0,0,0,0,1,0,0,0
459,229000,851,19,31,87,8,-7,0,1,0,0,0,0,0,0,1,0,0,0
460,229500,789,18,31,81,7,-7,0,1,0,0,0,0,0,0,1,0,0,0
461,230000,707,19,31,74,8,-7,0,1,0,0,0,0,0,0,1,0,0,0
462,230500,608,20,33,64,9,-7,0,1,0,0,0,0,0,0,1,0,0,0
463,231000,493,21,33,53,9,-6,0,1,0,0,0,0,0,0,1,0,0,0
464,231500,367,19,32,41,8,-7,0,1,0,0,0,0,0,0,1,0,0,0
465,232000,253,19,31,26,8,-8,0,1,0,0,0,0,0,0,1,0,0,0
466,232500,116,18,33,10,8,-7,0,1,0,0,0,0,0,0,1,0,0,0
467,233000,-25,19,32,-3,9,-7,0,1,0,0,0,0,0,0,1,0,0,0
468,233500,-166,19,31,-16,7,-7,0,1,0,0,0,0,0,0,1,0,0,0
469,234000,-322,19,33,-30,6,-7,0,1,0,0,0,0,0,0,1,0,0,0
470,234500,-447,19,32,-43,8,-7,0,1,0,0,0,0,0,0,1,0,0,0
471,235000,-569,21,31,-53,8,-8,0,1,0,0,0,0,0,0,1,0,0,0
472,235500,-673,19,31,-60,9,-7,0,1,0,0,0,0,0,0,1,0,0,0
473,236000,-759,19,32,-66,7,-7,0,1,0,0,0,0,0,0,1,0,0,0
474,236500,-822,20,31,-69,8,-7,0,1,0,0,0,0,0,0,1,0,0,0
475,237000,-872,20,31,-72,8,-8,0,1,0,0,0,0,0,0,1,0,0,0
476,237500,-894,19,31,-72,6,-8,0,1,0,0,0,0,0,0,1,0,0,0
477,238000,-898,20,31,-69,8,-7,0,1,0,0,0,0,0,0,1,0,0,0
478,238500,-881,19,33,-66,6,-7,0,1,0,0,0,0,0,0,1,0,0,0
479,239000,-837,19,33,-62,8,-7,0,1,0,0,0,0,0,0,1,0,0,0
480,239500,-772,21,32,-56,8,-7,0,1,0,0,0,0,0,0,1,0,0,0
481,240000,-690,19,33,-49,7,-6,0,1,0,0,0,0,0,0,1,0,0,0
482,240500,-586,21,32,-41,8,-7,0,1,0,0,0,0,0,0,1,0,0,0
483,241000,-473,19,31,-29,7,-8,0,1,0,0,0,0,0,0,1,0,0,0
484,241500,-344,21,31,-19,8,-7,0,1,0,0,0,0,0,0,1,0,0,0
485,242000,-209,19,31,-4,8,-8,0,1,0,0,0,0,0,0,1,0,0,0
486,242500,-50,19,31,12,6,-8,0,1,0,0,0,0,0,0,1,0,0,0
487,243000,91,19,31,25,6,-8,0,1,0,0,0,0,0,0,1,0,0,0
488,243500,229,18,31,39,6,-8,0,1,0,0,0,0,0,0,1,0,0,0
489,244000,346,18,31,54,6,-7,0,1,0,0,0,0,0,0,1,0,0,0
490,244500,471,18,31,67,7,-8,0,1,0,0,0,0,0,0,1,0,0,0
491,245000,588,20,33,76,9,-7,0,1,0,0,0,0,0,0,1,0,0,0
492,245500,688,21,33,84,9,-6,0,1,0,0,0,0,0,0,1,0,0,0
493,246000,773,19,31,90,8,-7,0,1,0,0,0,0,0,0,1,0,0,0
494,246500,841,18,31,93,6,-7,0,1,0,0,0,0,0,0,1,0,0,0
495,247000,887,20,33,95,8,-7,0,1,0,0,0,0,0,0,1,0,0,0
496,247500,911,18,31,95,8,-7,0,1,0,0,0,0,0,0,1,0,0,0
497,248000,911,18,31,93,6,-8,0,1,0,0,0,0,0,0,1,0,0,0
498,248500,891,20,33,90,9,-7,0,1,0,0,0,0,0,0,1,0,0,0
499,249000,849,19,32,87,8,-7,0,1,0,0,0,0,0,0,1,0,0,0
500,249500,786,20,33,80,9,-7,0,1,0,0,0,0,0,0,1,0,0,0
501,250000,703,18,31,73,7,-8,0,1,0,0,0,0,0,0,1,0,0,0
502,250500,604,19,31,65,8,-7,0,1,0,0,0,0,0,0,1,0,0,0
503,251000,488,19,32,53,8,-7,0,1,0,0,0,0,0,0,1,0,0,0
504,251500,364,19,31,41,8,-7,0,1,0,0,0,0,0,0,1,0,0,0
505,252000,249,19,31,25,7,-7,0,1,0,0,0,0,0,0,1,0,0,0
506,252500,112,19,33,10,6,-7,0,1,0,0,0,0,0,0,1,0,0,0
507,253000,-31,19,31,-3,8,-7,0,1,0,0,0,0,0,0,1,0,0,0
508,253500,-170,19,31,-18,9,-7,0,1,0,0,0,0,0,0,1,0,0,0
509,254000,-326,19,33,-31,7,-7,0,1,0,0,0,0,0,0,1,0,0,0
510,254500,-456,19,33,-43,7,-7,0,1,0,0,0,0,0,0,1,0,0,0
511,255000,-569,19,31,-53,6,-7,0,1,0,0,0,0,0,0,1,0,0,0
512,255500,-673,19,33,-60,6,-7,0,1,0,0,0,0,0,0,1,0,0,0
513,256000,-759,19,32,-66,8,-7,0,1,0,0,0,0,0,0,1,0,0,0
514,256500,-829,19,31,-70,8,-8,0,1,0,0,0,0,0,0,1,0,0,0
515,257000,-872,19,31,-72,6,-8,0,1,0,0,0,0,0,0,1,0,0,0
516,257500,-894,19,31,-72,8,-7,0,1,0,0,0,0,0,0,1,0,0,0
517,258000,-898,21,31,-69,8,-7,0,1,0,0,0,0,0,0,1,0,0,0
518,258500,-876,19,31,-67,9,-7,0,1,0,0,0,0,0,0,1,0,0,0
519,259000,-837,21,31,-62,9,-7,0,1,0,0,0,0,0,0,1,0,0,0
520,259500,-768,19,33,-56,7,-7,0,1,0,0,0,0,0,0,1,0,0,0
521,260000,-683,21,31,-47,6,-7,0,1,0,0,0,0,0,0,1,0,0,0
522,260500,-586,21,31,-41,8,-7,0,1,0,0,0,0,0,0,1,0,0,0
523,261000,-468,19,31,-29,7,-8,0,1,0,0,0,0,0,0,1,0,0,0
524,261500,-344,19,33,-17,8,-7,0,1,0,0,0,0,0,0,1,0,0,0
525,262000,-205,20,32,-2,8,-7,0,1,0,0,0,0,0,0,1,0,0,0
526,262500,-47,21,31,11,8,-7,0,1,0,0,0,0,0,0,1,0,0,0
527,263000,94,21,33,26,9,-7,0,1,0,0,0,0,0,0,1,0,0,0
528,263500,233,20,32,40,8,-7,0,1,0,0,0,0,0,0,1,0,0,0
529,264000,349,18,31,54,6,-7,0,1,0,0,0,0,0,0,1,0,0,0
530,264500,475,18,31,67,6,-8,0,1,0,0,0,0,0,0,1,0,0,0
531,265000,589,19,31,77,8,-7,0,1,0,0,0,0,0,0,1,0,0,0
532,265500,692,20,33,84,9,-7,0,1,0,0,0,0,0,0,1,0,0,0
533,266000,774,20,33,90,9,-6,0,1,0,0,0,0,0,0,1,0,0,0
534,266500,842,18,31,93,7,-8,0,1,0,0,0,0,0,0,1,0,0,0
535,267000,888,19,31,96,7,-7,0,1,0,0,0,0,0,0,1,0,0,0
536,267500,912,19,31,96,8,-7,0,1,0,0,0,0,0,0,1,0,0,0
537,268000,911,18,31,93,6,-7,0,1,0,0,0,0,0,0,1,0,0,0
538,268500,889,18,31,90,6,-8,0,1,0,0,0,0,0,0,1,0,0,0
539,269000,846,20,32,86,9,-7,0,1,0,0,0,0,0,0,1,0,0,0
540,269500,783,19,31,81,8,-7,0,1,0,0,0,0,0,0,1,0,0,0
541,270000,700,19,31,74,8,-7,0,1,0,0,0,0,0,0,1,0,0,0
542,270500,600,19,31,65,8,-7,0,1,0,0,0,0,0,0,1,0,0,0
543,271000,485,21,32,53,9,-7,0,1,0,0,0,0,0,0,1,0,0,0
544,271500,358,21,33,40,9,-7,0,1,0,0,0,0,0,0,1,0,0,0
545,272000,244,20,31,25,8,-7,0,1,0,0,0,0,0,0,1,0,0,0
546,272500,105,19,31,12,8,-7,0,1,0,0,0,0,0,0,1,0,0,0
547,273000,-34,18,31,-4,9,-7,0,1,0,0,0,0,0,0,1,0,0,0
548,273500,-176,21,32,-18,7,-7,0,1,0,0,0,0,0,0,1,0,0,0
549,274000,-329,19,31,-31,8,-7,0,1,0,0,0,0,0,0,1,0,0,0
550,274500,-456,21,31,-44,8,-7,0,1,0,0,0,0,0,0,1,0,0,0
551,275000,-570,21,31,-53,6,-8,0,1,0,0,0,0,0,0,1,0,0,0
552,275500,-674,19,33,-60,8,-7,0,1,0,0,0,0,0,0,1,0,0,0
553,276000,-764,19,32,-68,9,-7,0,1,0,0,0,0,0,0,1,0,0,0
554,276500,-829,19,31,-70,7,-8,0,1,0,0,0,0,0,0,1,0,0,0
555,277000,-872,21,31,-72,8,-7,0,1,0,0,0,0,0,0,1,0,0,0
556,277500,-898,22,31,-72,8,-8,0,1,0,0,0,0,0,0,1,0,0,0
557,278000,-898,21,31,-69,9,-8,0,1,0,0,0,0,0,0,1,0,0,0
558,278500,-876,19,31,-66,7,-8,0,1,0,0,0,0,0,0,1,0,0,0
559,279000,-829,19,31,-61,6,-8,0,1,0,0,0,0,0,0,1,0,0,0
560,279500,-768,19,33,-56,6,-7,0,1,0,0,0,0,0,0,1,0,0,0
561,280000,-686,19,32,-50,9,-7,0,1,0,0,0,0,0,0,1,0,0,0
562,280500,-582,19,33,-41,8,-6,0,1,0,0,0,0,0,0,1,0,0,0
563,281000,-465,19,31,-29,6,-7,0,1,0,0,0,0,0,0,1,0,0,0
564,281500,-336,19,33,-16,6,-7,0,1,0,0,0,0,0,0,1,0,0,0
565,282000,-205,20,31,-2,8,-7,0,1,0,0,0,0,0,0,1,0,0,0
566,282500,-44,20,31,12,8,-7,0,1,0,0,0,0,0,0,1,0,0,0
567,283000,97,19,31,27,6,-7,0,1,0,0,0,0,0,0,1,0,0,0
568,283500,237,20,33,40,9,-7,0,1,0,0,0,0,0,0,1,0,0,0
569,284000,352,18,31,55,7,-7,0,1,0,0,0,0,0,0,1,0,0,0
570,284500,478,18,31,67,6,-8,0,1,0,0,0,0,0,0,1,0,0,0
571,285000,592,19,31,77,8,-7,0,1,0,0,0,0,0,0,1,0,0,0
572,285500,694,19,31,85,8,-7,0,1,0,0,0,0,0,0,1,0,0,0
573,286000,778,19,31,91,8,-7,0,1,0,0,0,0,0,0,1,0,0,0
574,286500,843,18,31,93,7,-8,0,1,0,0,0,0,0,0,1,0,0,0
575,287000,887,19,31,96,8,-7,0,1,0,0,0,0,0,0,1,0,0,0
576,287500,910,19,31,96,8,-7,0,1,0,0,0,0,0,0,1,0,0,0
577,288000,911,18,31,94,8,-7,0,1,0,0,0,0,0,0,1,0,0,0
578,288500,887,20,33,90,9,-7,0,1,0,0,0,0,0,0,1,0,0,0
579,289000,843,18,31,86,7,-7,0,1,0,0,0,0,0,0,1,0,0,0
580,289500,780,19,32,81,8,-7,0,1,0,0,0,0,0,0,1,0,0,0
581,290000,696,19,32,74,8,-7,0,1,0,0,0,0,0,0,1,0,0,0
582,290500,597,19,32,64,8,-7,0,1,0,0,0,0,0,0,1,0,0,0
583,291000,479,19,31,53,8,-8,0,1,0,0,0,0,0,0,1,0,0,0
584,291500,354,18,31,40,8,-8,0,1,0,0,0,0,0,0,1,0,0,0
585,292000,240,19,31,24,6,-7,0,1,0,0,0,0,0,0,1,0,0,0
586,292500,100,18,31,10,6,-8,0,1,0,0,0,0,0,0,1,0,0,0
587,293000,-38,21,31,-6,8,-8,0,1,0,0,0,0,0,0,1,0,0,0
588,293500,-181,19,33,-18,8,-7,0,1,0,0,0,0,0,0,1,0,0,0
589,294000,-335,19,33,-32,6,-6,0,1,0,0,0,0,0,0,1,0,0,0
590,294500,-458,19,31,-43,6,-7,0,1,0,0,0,0,0,0,1,0,0,0
591,295000,-578,19,31,-53,7,-7,0,1,0,0,0,0,0,0,1,0,0,0
592,295500,-676,19,31,-62,9,-7,0,1,0,0,0,0,0,0,1,0,0,0
593,296000,-764,22,31,-68,8,-7,0,1,0,0,0,0,0,0,1,0,0,0
594,296500,-829,19,31,-70,7,-8,0,1,0,0,0,0,0,0,1,0,0,0
595,297000,-876,19,31,-72,8,-7,0,1,0,0,0,0,0,0,1,0,0,0
596,297500,-898,21,31,-72,9,-7,0,1,0,0,0,0,0,0,1,0,0,0
597,298000,-902,19,33,-69,7,-7,0,1,0,0,0,0,0,0,1,0,0,0
598,298500,-876,19,32,-66,8,-7,0,1,0,0,0,0,0,0,1,0,0,0
599,299000,-833,19,31,-62,7,-7,0,1,0,0,0,0,0,0,1,0,0,0
600,299500,-768,20,31,-55,8,-7,0,1,0,0,0,0,0,0,1,0,0,0
601,300000,-682,21,31,-48,9,-8,0,1,0,0,0,0,0,0,1,0,0,0
602,300500,-578,21,31,-38,8,-8,0,1,0,0,0,0,0,0,1,0,0,0
603,301000,-459,20,31,-28,8,-7,0,1,0,0,0,0,0,0,1,0,0,0
604,301500,-335,19,31,-16,9,-7,0,1,0,0,0,0,0,0,1,0,0,0
605,302000,-196,21,31,-4,9,-7,0,1,0,0,0,0,0,0,1,0,0,0
606,302500,-38,21,31,12,8,-7,0,1,0,0,0,0,0,0,1,0,0,0
607,303000,101,21,33,27,9,-7,0,1,0,0,0,0,0,0,1,0,0,0
608,303500,241,19,32,41,8,-7,0,1,0,0,0,0,0,0,1,0,0,0
609,304000,358,19,31,55,8,-7,0,1,0,0,0,0,0,0,1,0,0,0
610,304500,482,19,31,67,7,-8,0,1,0,0,0,0,0,0,1,0,0,0
611,305000,597,19,31,77,8,-7,0,1,0,0,0,0,0,0,1,0,0,0
612,305500,696,19,31,85,8,-7,0,1,0,0,0,0,0,0,1,0,0,0
613,306000,780,19,31,92,8,-7,0,1,0,0,0,0,0,0,1,0,0,0
614,306500,843,20,33,93,9,-7,0,1,0,0,0,0,0,0,1,0,0,0
615,307000,888,19,32,96,8,-7,0,1,0,0,0,0,0,0,1,0,0,0
616,307500,911,19,31,96,9,-7,0,1,0,0,0,0,0,0,1,0,0,0
617,308000,910,19,31,94,8,-7,0,1,0,0,0,0,0,0,1,0,0,0
618,308500,887,19,31,90,9,-7,0,1,0,0,0,0,0,0,1,0,0,0
619,309000,842,19,33,86,9,-7,0,1,0,0,0,0,0,0,1,0,0,0
620,309500,778,19,32,81,8,-7,0,1,0,0,0,0,0,0,1,0,0,0
621,310000,694,18,31,72,6,-7,0,1,0,0,0,0,0,0,1,0,0,0
622,310500,592,18,31,63,6,-8,0,1,0,0,0,0,0,0,1,0,0,0
623,311000,478,19,31,53,7,-7,0,1,0,0,0,0,0,0,1,0,0,0
624,311500,350,18,31,39,6,-7,0,1,0,0,0,0,0,0,1,0,0,0
625,312000,237,18,31,23,6,-8,0,1,0,0,0,0,0,0,1,0,0,0
626,312500,97,19,31,10,8,-8,0,1,0,0,0,0,0,0,1,0,0,0
627,313000,-44,19,31,-4,8,-8,0,1,0,0,0,0,0,0,1,0,0,0
628,313500,-184,19,31,-18,6,-6,0,1,0,0,0,0,0,0,1,0,0,0
629,314000,-339,19,32,-32,6,-7,0,1,0,0,0,0,0,0,1,0,0,0
630,314500,-465,19,33,-43,6,-7,0,1,0,0,0,0,0,0,1,0,0,0
631,315000,-582,19,32,-54,9,-7,0,1,0,0,0,0,0,0,1,0,0,0
632,315500,-682,19,31,-62,7,-8,0,1,0,0,0,0,0,0,1,0,0,0
633,316000,-768,19,32,-66,6,-7,0,1,0,0,0,0,0,0,1,0,0,0
634,316500,-837,19,33,-70,6,-7,0,1,0,0,0,0,0,0,1,0,0,0
635,317000,-881,19,31,-72,7,-8,0,1,0,0,0,0,0,0,1,0,0,0
636,317500,-902,19,32,-72,6,-7,0,1,0,0,0,0,0,0,1,0,0,0
637,318000,-898,20,31,-69,6,-7,0,1,0,0,0,0,0,0,1,0,0,0
638,318500,-876,19,31,-66,9,-7,0,1,0,0,0,0,0,0,1,0,0,0
639,319000,-833,19,33,-62,8,-7,0,1,0,0,0,0,0,0,1,0,0,0
640,319500,-760,20,31,-54,8,-7,0,1,0,0,0,0,0,0,1,0,0,0
641,320000,-675,21,31,-47,8,-7,0,1,0,0,0,0,0,0,1,0,0,0
642,320500,-573,19,33,-39,6,-7,0,1,0,0,0,0,0,0,1,0,0,0
643,321000,-456,19,33,-29,6,-6,0,1,0,0,0,0,0,0,1,0,0,0
644,321500,-327,20,32,-16,8,-7,0,1,0,0,0,0,0,0,1,0,0,0
645,322000,-196,18,32,-2,9,-7,0,1,0,0,0,0,0,0,1,0,0,0
646,322500,-34,19,33,12,9,-7,0,1,0,0,0,0,0,0,1,0,0,0
647,323000,107,18,31,27,8,-7,0,1,0,0,0,0,0,0,1,0,0,0
648,323500,244,19,31,41,8,-8,0,1,0,0,0,0,0,0,1,0,0,0
649,324000,358,19,31,55,8,-7,0,1,0,0,0,0,0,0,1,0,0,0
650,324500,484,18,31,67,6,-7,0,1,0,0,0,0,0,0,1,0,0,0
651,325000,599,18,31,77,6,-8,0,1,0,0,0,0,0,0,1,0,0,0
652,325500,698,21,33,84,9,-7,0,1,0,0,0,0,0,0,1,0,0,0
653,326000,781,20,33,90,9,-7,0,1,0,0,0,0,0,0,1,0,0,0
654,326500,846,19,32,95,9,-7,0,1,0,0,0,0,0,0,1,0,0,0
655,327000,889,19,31,96,8,-7,0,1,0,0,0,0,0,0,1,0,0,0
656,327500,909,19,31,96,8,-7,0,1,0,0,0,0,0,0,1,0,0,0
657,328000,908,20,32,93,9,-7,0,1,0,0,0,0,0,0,1,0,0,0
658,328500,885,19,33,90,9,-6,0,1,0,0,0,0,0,0,1,0,0,0
659,329000,841,19,32,86,8,-7,0,1,0,0,0,0,0,0,1,0,0,0
660,329500,776,19,31,81,8,-8,0,1,0,0,0,0,0,0,1,0,0,0
661,330000,692,21,33,72,9,-7,0,1,0,0,0,0,0,0,1,0,0,0
662,330500,589,18,31,63,7,-7,0,1,0,0,0,0,0,0,1,0,0,0
663,331000,474,19,31,53,8,-7,0,1,0,0,0,0,0,0,1,0,0,0
664,331500,347,18,30,38,8,-7,0,1,0,0,0,0,0,0,1,0,0,0
665,332000,232,18,31,22,6,-8,0,1,0,0,0,0,0,0,1,0,0,0
666,332500,92,18,31,10,6,-8,0,1,0,0,0,0,0,0,1,0,0,0
667,333000,-48,20,31,-6,8,-7,0,1,0,0,0,0,0,0,1,0,0,0
668,333500,-188,21,31,-20,8,-8,0,1,0,0,0,0,0,0,1,0,0,0
669,334000,-344,19,31,-34,8,-8,0,1,0,0,0,0,0,0,1,0,0,0
670,334500,-467,19,33,-44,6,-7,0,1,0,0,0,0,0,0,1,0,0,0
671,335000,-586,19,32,-54,8,-7,0,1,0,0,0,0,0,0,1,0,0,0
672,335500,-683,19,31,-60,7,-8,0,1,0,0,0,0,0,0,1,0,0,0
673,336000,-768,19,31,-66,6,-8,0,1,0,0,0,0,0,0,1,0,0,0
674,336500,-837,19,31,-71,7,-8,0,1,0,0,0,0,0,0,1,0,0,0
675,337000,-881,19,31,-72,6,-8,0,1,0,0,0,0,0,0,1,0,0,0
676,337500,-902,19,31,-72,8,-7,0,1,0,0,0,0,0,0,1,0,0,0
677,338000,-898,19,30,-69,7,-8,0,1,0,0,0,0,0,0,1,0,0,0
678,338500,-876,21,31,-66,8,-7,0,1,0,0,0,0,0,0,1,0,0,0
679,339000,-829,21,30,-60,8,-8,0,1,0,0,0,0,0,0,1,0,0,0
680,339500,-764,19,31,-56,8,-7,0,1,0,0,0,0,0,0,1,0,0,0
681,340000,-673,19,33,-48,7,-7,0,1,0,0,0,0,0,0,1,0,0,0
682,340500,-569,21,32,-39,8,-7,0,1,0,0,0,0,0,0,1,0,0,0
683,341000,-456,19,31,-29,6,-8,0,1,0,0,0,0,0,0,1,0,0,0
684,341500,-326,19,31,-16,8,-7,0,1,0,0,0,0,0,0,1,0,0,0
685,342000,-188,19,31,-1,7,-8,0,1,0,0,0,0,0,0,1,0,0,0
686,342500,-32,19,31,14,6,-8,0,1,0,0,0,0,0,0,1,0,0,0
687,343000,109,19,31,27,6,-8,0,1,0,0,0,0,0,0,1,0,0,0
688,343500,248,18,31,42,6,-8,0,1,0,0,0,0,0,0,1,0,0,0
689,344000,363,18,31,55,6,-8,0,1,0,0,0,0,0,0,1,0,0,0
690,344500,488,19,31,68,8,-7,0,1,0,0,0,0,0,0,1,0,0,0
691,345000,601,19,31,79,8,-7,0,1,0,0,0,0,0,0,1,0,0,0
692,345500,700,18,31,85,6,-8,0,1,0,0,0,0,0,0,1,0,0,0
693,346000,783,19,31,92,8,-7,0,1,0,0,0,0,0,0,1,0,0,0
694,346500,847,18,31,93,7,-8,0,1,0,0,0,0,0,0,1,0,0,0
695,347000,889,19,31,96,8,-8,0,1,0,0,0,0,0,0,1,0,0,0
696,347500,910,19,31,96,8,-7,0,1,0,0,0,0,0,0,1,0,0,0
697,348000,908,18,31,93,8,-8,0,1,0,0,0,0,0,0,1,0,0,0
698,348500,883,18,31,90,6,-8,0,1,0,0,0,0,0,0,1,0,0,0
699,349000,838,19,31,87,8,-7,0,1,0,0,0,0,0,0,1,0,0,0
700,349500,772,20,33,80,9,-6,0,1,0,0,0,0,0,0,1,0,0,0
701,350000,688,20,33,72,9,-6,0,1,0,0,0,0,0,0,1,0,0,0
702,350500,585,18,31,63,7,-7,0,1,0,0,0,0,0,0,1,0,0,0
703,351000,470,19,31,53,8,-7,0,1,0,0,0,0,0,0,1,0,0,0
704,351500,341,19,31,38,9,-7,0,1,0,0,0,0,0,0,1,0,0,0
705,352000,227,21,32,22,9,-7,0,1,0,0,0,0,0,0,1,0,0,0
706,352500,87,20,31,10,8,-7,0,1,0,0,0,0,0,0,1,0,0,0
707,353000,-53,19,31,-6,8,-8,0,1,0,0,0,0,0,0,1,0,0,0
708,353500,-194,19,31,-19,7,-8,0,1,0,0,0,0,0,0,1,0,0,0
709,354000,-346,19,31,-40,6,-7,0,1,0,0,0,0,0,0,1,0,0,0
710,354500,-473,19,31,-44,8,-8,0,1,0,0,0,0,0,0,1,0,0,0
711,355000,-586,19,31,-54,6,-7,0,1,0,0,0,0,0,0,1,0,0,0
712,355500,-690,20,31,-60,8,-8,0,1,0,0,0,0,0,0,1,0,0,0
713,356000,-772,19,31,-68,9,-8,0,1,0,0,0,0,0,0,1,0,0,0
714,356500,-837,21,31,-72,9,-7,0,1,0,0,0,0,0,0,1,0,0,0
715,357000,-881,21,31,-72,9,-7,0,1,0,0,0,0,0,0,1,0,0,0
716,357500,-902,21,31,-72,8,-8,0,1,0,0,0,0,0,0,1,0,0,0
717,358000,-898,21,31,-69,8,-8,0,1,0,0,0,0,0,0,1,0,0,0
718,358500,-872,21,31,-66,8,-8,0,1,0,0,0,0,0,0,1,0,0,0
719,359000,-829,19,31,-60,6,-8,0,1,0,0,0,0,0,0,1,0,0,0
720,359500,-759,21,31,-56,8,-8,0,1,0,0,0,0,0,0,1,0,0,0
721,360000,-673,19,31,-47,7,-7,0,1,0,0,0,0,0,0,1,0,0,0
722,360500,-569,21,31,-39,8,-7,0,1,0,0,0,0,0,0,1,0,0,0
723,361000,-448,22,36,-28,8,-7,0,1,0,0,0,0,0,0,1,0,0,0
724,361500,-326,19,32,-14,7,-8,0,1,0,0,0,0,0,0,1,0,0,0
725,362000,-187,19,31,-7,6,-7,0,1,0,0,0,0,0,0,1,0,0,0
726,362500,-28,20,31,14,8,-8,0,1,0,0,0,0,0,0,1,0,0,0
727,363000,114,19,31,29,6,-7,0,1,0,0,0,0,0,0,1,0,0,0
728,363500,253,20,31,40,9,-7,0,1,0,0,0,0,0,0,1,0,0,0
729,364000,367,19,31,57,7,-7,0,1,0,0,0,0,0,0,1,0,0,0
730,364500,492,19,31,71,8,-7,0,1,0,0,0,0,0,0,1,0,0,0
731,365000,605,19,31,78,9,-7,0,1,0,0,0,0,0,0,1,0,0,0
732,365500,704,18,31,85,8,-8,0,1,0,0,0,0,0,0,1,0,0,0
733,366000,787,19,31,91,8,-7,0,1,0,0,0,0,0,0,1,0,0,0
734,366500,850,19,31,95,8,-8,0,1,0,0,0,0,0,0,1,0,0,0
735,367000,890,18,31,96,8,-8,0,1,0,0,0,0,0,0,1,0,0,0
736,367500,909,20,33,95,9,-7,0,1,0,0,0,0,0,0,1,0,0,0
737,368000,907,20,33,93,8,-6,0,1,0,0,0,0,0,0,1,0,0,0
738,368500,883,20,33,90,9,-6,0,1,0,0,0,0,0,0,1,0,0,0
739,369000,837,20,28,84,9,-7,0,1,0,0,0,0,0,0,1,0,0,0
740,369500,769,19,31,81,8,-12,0,1,0,0,0,0,0,0,1,0,0,0
741,370000,685,19,31,77,9,-8,0,1,0,0,0,0,0,0,1,0,0,0
742,370500,582,18,31,63,7,-8,0,1,0,0,0,0,0,0,1,0,0,0
743,371000,466,20,33,50,4,-7,0,1,0,0,0,0,0,0,1,0,0,0
744,371500,337,18,31,38,6,-7,0,1,0,0,0,0,0,0,1,0,0,0
745,372000,222,18,31,22,6,-8,0,1,0,0,0,0,0,0,1,0,0,0
746,372500,84,20,33,12,9,-6,0,1,0,0,0,0,0,0,1,0,0,0
747,373000,-59,19,32,-5,7,-7,0,1,0,0,0,0,0,0,1,0,0,0
748,373500,-200,19,31,-20,6,-8,0,1,0,0,0,0,0,0,1,0,0,0
749,374000,-352,19,31,-34,6,-8,0,1,0,0,0,0,0,0,1,0,0,0
750,374500,-478,21,31,-46,8,-7,0,1,0,0,0,0,0,0,1,0,0,0
751,375000,-595,21,31,-54,8,-7,0,1,0,0,0,0,0,0,1,0,0,0
752,375500,-690,21,30,-62,8,-8,0,1,0,0,0,0,0,0,1,0,0,0
753,376000,-777,19,33,-68,6,-7,0,1,0,0,0,0,0,0,1,0,0,0
754,376500,-837,19,33,-72,6,-6,0,1,0,0,0,0,0,0,1,0,0,0
755,377000,-881,19,34,-72,6,-7,0,1,0,0,0,0,0,0,1,0,0,0
756,377500,-898,21,31,-72,8,-3,0,1,0,0,0,0,0,0,1,0,0,0
757,378000,-898,19,31,-69,7,-6,0,1,0,0,0,0,0,0,1,0,0,0
758,378500,-872,24,31,-66,6,-8,0,1,0,0,0,0,0,0,1,0,0,0
759,379000,-822,21,31,-59,3,-7,0,1,0,0,0,0,0,0,1,0,0,0
760,379500,-759,22,34,-56,8,-7,0,1,0,0,0,0,0,0,1,0,0,0
761,380000,-660,21,32,-48,9,-9,0,1,0,0,0,0,0,0,1,0,0,0
762,380500,-569,19,33,-39,7,-7,0,1,0,0,0,0,0,0,1,0,0,0
763,381000,-447,22,31,-27,8,-7,0,1,0,0,0,0,0,0,1,0,0,0
764,381500,-317,20,31,-14,9,-8,0,1,0,0,0,0,0,0,1,0,0,0
765,382000,-183,19,31,-1,9,-7,0,1,0,0,0,0,0,0,1,0,0,0
766,382500,-23,19,31,15,8,-8,0,1,0,0,0,0,0,0,1,0,0,0
767,383000,119,21,33,29,9,-7,0,1,0,0,0,0,0,0,1,0,0,0
768,383500,257,21,33,42,9,-7,0,1,0,0,0,0,0,0,1,0,0,0
769,384000,372,19,32,58,9,-7,0,1,0,0,0,0,0,0,1,0,0,0
770,384500,495,19,31,68,8,-8,0,1,0,0,0,0,0,0,1,0,0,0
771,385000,608,21,33,77,9,-6,0,1,0,0,0,0,0,0,1,0,0,0
772,385500,707,19,32,86,7,-2,0,1,0,0,0,0,0,0,1,0,0,0
773,386000,788,19,31,92,8,-6,0,1,0,0,0,0,0,0,1,0,0,0
774,386500,850,21,31,93,8,-8,0,1,0,0,0,0,0,0,1,0,0,0
775,387000,892,19,31,96,1,-7,0,1,0,0,0,0,0,0,1,0,0,0
776,387500,910,18,31,95,5,-7,0,1,0,0,0,0,0,0,1,0,0,0
777,388000,919,19,31,93,8,-9,0,1,0,0,0,0,0,0,1,0,0,0
778,388500,881,19,31,90,8,-8,0,1,0,0,0,0,0,0,1,0,0,0
779,389000,834,22,31,86,8,-7,0,1,0,0,0,0,0,0,1,0,0,0
780,389500,768,21,33,78,10,-7,0,1,0,0,0,0,0,0,1,0,0,0
781,390000,682,18,31,71,7,-8,0,1,0,0,0,0,0,0,1,0,0,0
782,390500,579,18,31,62,6,-8,0,1,0,0,0,0,0,0,1,0,0,0
783,391000,462,18,31,49,6,-8,0,1,0,0,0,0,0,0,1,0,0,0
784,391500,332,18,31,38,6,-8,0,1,0,0,0,0,0,0,1,0,0,0
785,392000,219,20,33,22,8,-6,0,1,0,0,0,0,0,0,1,0,0,0
786,392500,78,19,31,9,7,-7,0,1,0,0,0,0,0,0,1,0,0,0
787,393000,-63,19,33,-6,6,-7,0,1,0,0,0,0,0,0,1,0,0,0
788,393500,-223,19,31,-22,6,-6,0,1,0,0,0,0,0,0,1,0,0,0
789,394000,-356,21,31,-34,8,-7,0,1,0,0,0,0,0,0,1,0,0,0
790,394500,-482,21,31,-44,8,-7,0,1,0,0,0,0,0,0,1,0,0,0
791,395000,-595,19,31,-56,12,-8,0,1,0,0,0,0,0,0,1,0,0,0
792,395500,-694,19,27,-62,10,-7,0,1,0,0,0,0,0,0,1,0,0,0
793,396000,-777,21,30,-68,8,-4,0,1,0,0,0,0,0,0,1,0,0,0
794,396500,-837,19,33,-66,6,-6,0,1,0,0,0,0,0,0,1,0,0,0
795,397000,-881,21,32,-72,8,-7,0,1,0,0,0,0,0,0,1,0,0,0
796,397500,-902,21,31,-72,11,-8,0,1,0,0,0,0,0,0,1,0,0,0
797,398000,-898,22,31,-70,9,-8,0,1,0,0,0,0,0,0,1,0,0,0
798,398500,-872,21,31,-66,8,-7,0,1,0,0,0,0,0,0,1,0,0,0
799,399000,-824,19,33,-60,6,-6,0,1,0,0,0,0,0,0,1,0,0,0
800,399500,-755,21,32,-56,8,-7,0,1,0,0,0,0,0,0,1,0,0,0
801,400000,-665,19,31,-47,6,-8,0,1,0,0,0,0,0,0,1,0,0,0
802,400500,-560,18,32,-38,7,-6,0,1,0,0,0,0,0,0,1,0,0,0
803,401000,-443,19,33,-26,6,-6,0,1,0,0,0,0,0,0,1,0,0,0
804,401500,-317,19,31,-14,6,-7,0,1,0,0,0,0,0,0,1,0,0,0
805,402000,-159,20,31,-1,8,-7,0,1,0,0,0,0,0,0,1,0,0,0
806,402500,-19,19,31,15,7,-7,0,1,0,0,0,0,0,0,1,0,0,0
807,403000,124,21,33,27,9,-6,0,1,0,0,0,0,0,0,1,0,0,0
808,403500,260,19,31,43,7,-7,0,1,0,0,0,0,0,0,1,0,0,0
809,404000,375,19,31,58,8,-8,0,1,0,0,0,0,0,0,1,0,0,0
810,404500,497,19,31,74,8,-7,0,1,0,0,0,0,0,0,1,0,0,0
811,405000,609,13,31,78,7,-7,0,1,0,0,0,0,0,0,1,0,0,0
812,405500,709,18,31,87,4,-7,0,1,0,0,0,0,0,0,1,0,0,0
813,406000,790,19,31,92,8,-7,0,1,0,0,0,0,0,0,1,0,0,0
814,406500,852,19,31,95,8,-6,0,1,0,0,0,0,0,0,1,0,0,0
815,407000,892,18,31,96,6,-7,0,1,0,0,0,0,0,0,1,0,0,0
816,407500,910,19,31,96,7,-7,0,1,0,0,0,0,0,0,1,0,0,0
817,408000,906,19,31,93,8,-7,0,1,0,0,0,0,0,0,1,0,0,0
818,408500,880,20,33,90,9,-6,0,1,0,0,0,0,0,0,1,0,0,0
819,409000,833,18,31,84,7,-7,0,1,0,0,0,0,0,0,1,0,0,0
820,409500,765,18,31,80,6,-7,0,1,0,0,0,0,0,0,1,0,0,0
821,410000,678,19,31,72,8,-7,0,1,0,0,0,0,0,0,1,0,0,0
822,410500,575,19,31,62,8,-8,0,1,0,0,0,0,0,0,1,0,0,0
823,411000,458,18,31,50,8,-8,0,1,0,0,0,0,0,0,1,0,0,0
824,411500,330,19,31,38,6,-7,0,1,0,0,0,0,0,0,1,0,0,0
825,412000,214,19,31,22,8,-2,0,1,0,0,0,0,0,0,1,0,0,0
826,412500,73,19,31,7,7,-6,0,1,0,0,0,0,0,0,1,0,0,0
827,413000,-66,15,31,-9,8,-7,0,1,0,0,0,0,0,0,1,0,0,0
828,413500,-207,18,31,-21,3,-8,0,1,0,0,0,0,0,0,1,0,0,0
829,414000,-361,19,35,-34,6,-7,0,1,0,0,0,0,0,0,1,0,0,0
830,414500,-478,19,32,-46,8,-8,0,1,0,0,0,0,0,0,1,0,0,0
831,415000,-596,19,31,-54,7,-8,0,1,0,0,0,0,0,0,1,0,0,0
832,415500,-699,21,33,-62,6,-6,0,1,0,0,0,0,0,0,1,0,0,0
833,416000,-777,19,31,-66,8,-8,0,1,0,0,0,0,0,0,1,0,0,0
834,416500,-839,21,31,-70,8,-8,0,1,0,0,0,0,0,0,1,0,0,0
835,417000,-881,19,30,-72,7,-8,0,1,0,0,0,0,0,0,1,0,0,0
836,417500,-898,19,31,-72,6,-8,0,1,0,0,0,0,0,0,1,0,0,0
837,418000,-898,21,31,-69,8,-7,0,1,0,0,0,0,0,0,1,0,0,0
838,418500,-872,19,31,-66,9,-7,0,1,0,0,0,0,0,0,1,0,0,0
839,419000,-820,19,33,-61,7,-7,0,1,0,0,0,0,0,0,1,0,0,0
840,419500,-750,19,33,-55,8,-6,0,1,0,0,0,0,0,0,1,0,0,0
841,420000,-664,21,32,-47,8,-7,0,1,0,0,0,0,0,0,1,0,0,0
842,420500,-560,22,31,-38,8,-7,0,1,0,0,0,0,0,0,1,0,0,0
843,421000,-439,24,31,-26,8,-7,0,1,0,0,0,0,0,0,1,0,0,0
844,421500,-309,19,31,-14,12,-8,0,1,0,0,0,0,0,0,1,0,0,0
845,422000,-155,21,31,-1,9,-7,0,1,0,0,0,0,0,0,1,0,0,0
846,422500,-7,21,31,15,8,-8,0,1,0,0,0,0,0,0,1,0,0,0
847,423000,127,19,31,30,9,-7,0,1,0,0,0,0,0,0,1,0,0,0
848,423500,265,23,33,43,9,-7,0,1,0,0,0,0,0,0,1,0,0,0
849,424000,381,19,32,58,7,-7,0,1,0,0,0,0,0,0,1,0,0,0
850,424500,503,19,33,70,8,-7,0,1,0,0,0,0,0,0,1,0,0,0
851,425000,615,19,32,79,8,-7,0,1,0,0,0,0,0,0,1,0,0,0
852,425500,711,18,31,87,6,-8,0,1,0,0,0,0,0,0,1,0,0,0
853,426000,792,19,31,92,8,-7,0,1,0,0,0,0,0,0,1,0,0,0
854,426500,854,18,30,95,6,-8,0,1,0,0,0,0,0,0,1,0,0,0
855,427000,893,20,33,96,9,-7,0,1,0,0,0,0,0,0,1,0,0,0
856,427500,910,18,31,95,7,-7,0,1,0,0,0,0,0,0,1,0,0,0
857,428000,906,18,31,93,8,-5,0,1,0,0,0,0,0,0,1,0,0,0
858,428500,878,19,33,90,9,-6,0,1,0,0,0,0,0,0,1,0,0,0
859,429000,832,17,31,86,7,-7,0,1,0,0,0,0,0,0,1,0,0,0
860,429500,762,18,31,78,8,-8,0,1,0,0,0,0,0,0,1,0,0,0
861,430000,675,18,35,71,6,-8,0,1,0,0,0,0,0,0,1,0,0,0
862,430500,561,19,32,62,8,-7,0,1,0,0,0,0,0,0,1,0,0,0
863,431000,454,19,31,44,7,-7,0,1,0,0,0,0,0,0,1,0,0,0
864,431500,324,16,32,37,8,-7,0,1,0,0,0,0,0,0,1,0,0,0
865,432000,209,18,31,21,7,-7,0,1,0,0,0,0,0,0,1,0,0,0
866,432500,69,19,31,7,8,-7,0,1,0,0,0,0,0,0,1,0,0,0
867,433000,-72,19,31,-7,8,-8,0,1,0,0,0,0,0,0,1,0,0,0
868,433500,-208,19,31,-21,8,-7,0,1,0,0,0,0,0,0,1,0,0,0
869,434000,-362,20,31,-34,8,-8,0,1,0,0,0,0,0,0,1,0,0,0
870,434500,-491,19,31,-46,8,-8,0,1,0,0,0,0,0,0,1,0,0,0
871,435000,-604,21,31,-56,9,-7,0,1,0,0,0,0,0,0,1,0,0,0
872,435500,-699,19,32,-62,7,-7,0,1,0,0,0,0,0,0,1,0,0,0
873,436000,-778,21,31,-68,8,-7,0,1,0,0,0,0,0,0,1,0,0,0
874,436500,-846,21,31,-72,9,-8,0,1,0,0,0,0,0,0,1,0,0,0
875,437000,-881,21,31,-73,8,-7,0,1,0,0,0,0,0,0,1,0,0,0
876,437500,-898,21,31,-72,8,-8,0,1,0,0,0,0,0,0,1,0,0,0
877,438000,-898,19,31,-69,9,-8,0,1,0,0,0,0,0,0,1,0,0,0
878,438500,-872,19,33,-66,7,-7,0,1,0,0,0,0,0,0,1,0,0,0
879,439000,-820,19,32,-60,7,-7,0,1,0,0,0,0,0,0,1,0,0,0
880,439500,-750,20,31,-53,8,-7,0,1,0,0,0,0,0,0,1,0,0,0
881,440000,-660,19,31,-47,9,-7,0,1,0,0,0,0,0,0,1,0,0,0
882,440500,-553,20,31,-38,7,-8,0,1,0,0,0,0,0,0,1,0,0,0
883,441000,-433,19,33,-26,6,-7,0,1,0,0,0,0,0,0,1,0,0,0
884,441500,-309,19,31,-13,8,-7,0,1,0,0,0,0,0,0,1,0,0,0
885,442000,-150,20,31,2,8,-8,0,1,0,0,0,0,0,0,1,0,0,0
886,442500,-9,19,33,15,9,-7,0,1,0,0,0,0,0,0,1,0,0,0
887,443000,130,19,32,30,8,-7,0,1,0,0,0,0,0,0,1,0,0,0
888,443500,269,20,33,43,9,-6,0,1,0,0,0,0,0,0,1,0,0,0
889,444000,383,21,33,58,9,-6,0,1,0,0,0,0,0,0,1,0,0,0
890,444500,505,19,31,70,8,-7,0,1,0,0,0,0,0,0,1,0,0,0
891,445000,617,18,31,77,8,-8,0,1,0,0,0,0,0,0,1,0,0,0
892,445500,713,19,31,86,8,-7,0,1,0,0,0,0,0,0,1,0,0,0
893,446000,794,19,31,93,8,-7,0,1,0,0,0,0,0,0,1,0,0,0
894,446500,856,19,31,96,8,-7,0,1,0,0,0,0,0,0,1,0,0,0
895,447000,894,19,31,96,8,-7,0,1,0,0,0,0,0,0,1,0,0,0
896,447500,911,18,31,95,7,-8,0,1,0,0,0,0,0,0,1,0,0,0
897,448000,904,18,31,92,6,-8,0,1,0,0,0,0,0,0,1,0,0,0
898,448500,878,18,31,90,6,-7,0,1,0,0,0,0,0,0,1,0,0,0
899,449000,831,19,31,84,6,-8,0,1,0,0,0,0,0,0,1,0,0,0
900,449500,761,19,31,80,8,-7,0,1,0,0,0,0,0,0,1,0,0,0
901,450000,672,18,31,71,7,-7,0,1,0,0,0,0,0,0,1,0,0,0
902,450500,569,18,31,61,6,-8,0,1,0,0,0,0,0,0,1,0,0,0
903,451000,450,19,31,50,8,-7,0,1,0,0,0,0,0,0,1,0,0,0
904,451500,322,21,33,35,9,-7,0,1,0,0,0,0,0,0,1,0,0,0
905,452000,204,19,32,22,8,-7,0,1,0,0,0,0,0,0,1,0,0,0
906,452500,66,19,31,7,8,-7,0,1,0,0,0,0,0,0,1,0,0,0
907,453000,-75,19,31,-9,9,-7,0,1,0,0,0,0,0,0,1,0,0,0
908,453500,-235,21,31,-23,9,-7,0,1,0,0,0,0,0,0,1,0,0,0
909,454000,-369,21,31,-34,8,-7,0,1,0,0,0,0,0,0,1,0,0,0
910,454500,-491,19,31,-46,8,-8,0,1,0,0,0,0,0,0,1,0,0,0
911,455000,-604,20,31,-54,8,-8,0,1,0,0,0,0,0,0,1,0,0,0
912,455500,-703,19,33,-62,7,-7,0,1,0,0,0,0,0,0,1,0,0,0
913,456000,-780,21,32,-68,8,-7,0,1,0,0,0,0,0,0,1,0,0,0
914,456500,-846,21,31,-72,9,-7,0,1,0,0,0,0,0,0,1,0,0,0
915,457000,-881,19,31,-72,7,-8,0,1,0,0,0,0,0,0,1,0,0,0
916,457500,-898,21,31,-70,8,-8,0,1,0,0,0,0,0,0,1,0,0,0
917,458000,-898,20,31,-69,8,-8,0,1,0,0,0,0,0,0,1,0,0,0
918,458500,-868,19,31,-66,9,-7,0,1,0,0,0,0,0,0,1,0,0,0
919,459000,-820,21,31,-62,8,-7,0,1,0,0,0,0,0,0,1,0,0,0
920,459500,-745,21,31,-53,7,-8,0,1,0,0,0,0,0,0,1,0,0,0
921,460000,-656,21,31,-45,8,-8,0,1,0,0,0,0,0,0,1,0,0,0
922,460500,-551,21,31,-38,8,-7,0,1,0,0,0,0,0,0,1,0,0,0
923,461000,-430,19,31,-26,9,-7,0,1,0,0,0,0,0,0,1,0,0,0
924,461500,-300,19,31,-13,8,-7,0,1,0,0,0,0,0,0,1,0,0,0
925,462000,-145,19,31,2,8,-7,0,1,0,0,0,0,0,0,1,0,0,0
926,462500,-5,19,33,15,9,-7,0,1,0,0,0,0,0,0,1,0,0,0
927,463000,136,19,31,30,7,-8,0,1,0,0,0,0,0,0,1,0,0,0
928,463500,273,19,31,43,6,-7,0,1,0,0,0,0,0,0,1,0,0,0
929,464000,384,19,31,58,8,-7,0,1,0,0,0,0,0,0,1,0,0,0
930,464500,509,21,33,69,9,-7,0,1,0,0,0,0,0,0,1,0,0,0
931,465000,623,21,33,77,9,-7,0,1,0,0,0,0,0,0,1,0,0,0
932,465500,717,18,31,86,8,-7,0,1,0,0,0,0,0,0,1,0,0,0
933,466000,797,20,33,92,9,-6,0,1,0,0,0,0,0,0,1,0,0,0
934,466500,856,18,31,95,7,-7,0,1,0,0,0,0,0,0,1,0,0,0
935,467000,895,20,33,96,8,-6,0,1,0,0,0,0,0,0,1,0,0,0
936,467500,911,19,32,95,8,-7,0,1,0,0,0,0,0,0,1,0,0,0
937,468000,904,19,31,93,8,-7,0,1,0,0,0,0,0,0,1,0,0,0
938,468500,876,20,33,90,8,-7,0,1,0,0,0,0,0,0,1,0,0,0
939,469000,828,20,33,84,9,-6,0,1,0,0,0,0,0,0,1,0,0,0
940,469500,757,18,31,78,7,-7,0,1,0,0,0,0,0,0,1,0,0,0
941,470000,669,18,31,71,6,-7,0,1,0,0,0,0,0,0,1,0,0,0
942,470500,564,18,31,61,6,-8,0,1,0,0,0,0,0,0,1,0,0,0
943,471000,445,21,33,49,9,-6,0,1,0,0,0,0,0,0,1,0,0,0
944,471500,315,19,32,37,8,-6,0,1,0,0,0,0,0,0,1,0,0,0
945,472000,201,20,33,19,9,-6,0,1,0,0,0,0,0,0,1,0,0,0
946,472500,62,19,33,4,7,-6,0,1,0,0,0,0,0,0,1,0,0,0
947,473000,-79,20,31,-7,7,-7,0,1,0,0,0,0,0,0,1,0,0,0
948,473500,-239,19,31,-24,8,-8,0,1,0,0,0,0,0,0,1,0,0,0
949,474000,-370,19,31,-35,6,-8,0,1,0,0,0,0,0,0,1,0,0,0
950,474500,-495,19,31,-46,6,-8,0,1,0,0,0,0,0,0,1,0,0,0
951,475000,-606,21,31,-54,8,-8,0,1,0,0,0,0,0,0,1,0,0,0
952,475500,-708,19,31,-63,9,-7,0,1,0,0,0,0,0,0,1,0,0,0
953,476000,-785,19,31,-68,9,-7,0,1,0,0,0,0,0,0,1,0,0,0
954,476500,-846,21,31,-69,8,-7,0,1,0,0,0,0,0,0,1,0,0,0
955,477000,-881,19,33,-72,8,-7,0,1,0,0,0,0,0,0,1,0,0,0
956,477500,-898,20,31,-72,6,-7,0,1,0,0,0,0,0,0,1,0,0,0
957,478000,-898,19,31,-69,8,-8,0,1,0,0,0,0,0,0,1,0,0,0
958,478500,-868,21,31,-66,8,-7,0,1,0,0,0,0,0,0,1,0,0,0
959,479000,-813,19,33,-59,7,-6,0,1,0,0,0,0,0,0,1,0,0,0
960,479500,-743,19,33,-54,6,-6,0,1,0,0,0,0,0,0,1,0,0,0
961,480000,-655,19,32,-47,8,-7,0,1,0,0,0,0,0,0,1,0,0,0
962,480500,-551,19,33,-38,7,-7,0,1,0,0,0,0,0,0,1,0,0,0
963,481000,-430,19,33,-25,6,-6,0,1,0,0,0,0,0,0,1,0,0,0
964,481500,-300,19,33,-13,8,-6,0,1,0,0,0,0,0,0,1,0,0,0
965,482000,-142,19,32,2,9,-7,0,1,0,0,0,0,0,0,1,0,0,0
966,482500,0,19,31,17,8,-8,0,1,0,0,0,0,0,0,1,0,0,0
967,483000,141,18,31,31,6,-7,0,1,0,0,0,0,0,0,1,0,0,0
968,483500,278,19,31,43,8,-7,0,1,0,0,0,0,0,0,1,0,0,0
969,484000,391,19,31,58,6,-8,0,1,0,0,0,0,0,0,1,0,0,0
970,484500,514,18,31,70,8,-7,0,1,0,0,0,0,0,0,1,0,0,0
971,485000,624,19,31,79,8,-8,0,1,0,0,0,0,0,0,1,0,0,0
972,485500,720,18,31,87,6,-7,0,1,0,0,0,0,0,0,1,0,0,0
973,486000,798,19,31,92,8,-7,0,1,0,0,0,0,0,0,1,0,0,0
974,486500,857,20,32,94,9,-7,0,1,0,0,0,0,0,0,1,0,0,0
975,487000,896,18,31,96,7,-7,0,1,0,0,0,0,0,0,1,0,0,0
976,487500,912,18,31,95,6,-7,0,1,0,0,0,0,0,0,1,0,0,0
977,488000,904,20,33,92,9,-7,0,1,0,0,0,0,0,0,1,0,0,0
978,488500,876,18,31,89,8,-7,0,1,0,0,0,0,0,0,1,0,0,0
979,489000,825,19,33,84,9,-6,0,1,0,0,0,0,0,0,1,0,0,0
980,489500,756,19,32,78,7,-7,0,1,0,0,0,0,0,0,1,0,0,0
981,490000,667,19,31,71,8,-7,0,1,0,0,0,0,0,0,1,0,0,0
982,490500,562,18,31,60,8,-8,0,1,0,0,0,0,0,0,1,0,0,0
983,491000,442,19,31,49,8,-7,0,1,0,0,0,0,0,0,1,0,0,0
984,491500,313,19,31,35,6,-7,0,1,0,0,0,0,0,0,1,0,0,0
985,492000,197,18,31,19,6,-8,0,1,0,0,0,0,0,0,1,0,0,0
986,492500,58,19,31,6,6,-8,0,1,0,0,0,0,0,0,1,0,0,0
987,493000,-85,19,31,-9,7,-8,0,1,0,0,0,0,0,0,1,0,0,0
988,493500,-244,19,32,-24,8,-6,0,1,0,0,0,0,0,0,1,0,0,0
989,494000,-378,19,33,-37,6,-6,0,1,0,0,0,0,0,0,1,0,0,0
990,494500,-499,19,31,-46,6,-8,0,1,0,0,0,0,0,0,1,0,0,0
991,495000,-612,19,31,-56,9,-7,0,1,0,0,0,0,0,0,1,0,0,0
992,495500,-708,21,31,-63,8,-7,0,1,0,0,0,0,0,0,1,0,0,0
993,496000,-790,21,31,-68,8,-7,0,1,0,0,0,0,0,0,1,0,0,0
994,496500,-846,19,31,-70,8,-7,0,1,0,0,0,0,0,0,1,0,0,0
995,497000,-883,19,33,-72,8,-6,0,1,0,0,0,0,0,0,1,0,0,0
996,497500,-898,19,31,-72,8,-8,0,1,0,0,0,0,0,0,1,0,0,0
997,498000,-894,21,31,-69,8,-7,0,1,0,0,0,0,0,0,1,0,0,0
998,498500,-863,20,31,-64,8,-8,0,1,0,0,0,0,0,0,1,0,0,0
999,499000,-812,19,31,-60,9,-7,0,1,0,0,0,0,0,0,1,0,0,0
1000,499500,-742,20,31,-53,8,-8,0,1,0,0,0,0,0,0,1,0,0,0
1001,500000,-655,21,31,-45,8,-8,0,1,0,0,0,0,0,0,1,0,0,0
1002,500500,-543,19,31,-36,6,-8,0,1,0,0,0,0,0,0,1,0,0,0
1003,501000,-426,19,33,-25,6,-7,0,1,0,0,0,0,0,0,1,0,0,0
1004,501500,-292,19,33,-13,6,-6,0,1,0,0,0,0,0,0,1,0,0,0
1005,502000,-134,19,31,2,6,-7,0,1,0,0,0,0,0,0,1,0,0,0
1006,502500,3,21,31,17,8,-7,0,1,0,0,0,0,0,0,1,0,0,0
1007,503000,144,19,31,31,8,-7,0,1,0,0,0,0,0,0,1,0,0,0
1008,503500,281,21,33,43,9,-6,0,1,0,0,0,0,0,0,1,0,0,0
1009,504000,393,19,32,60,9,-7,0,1,0,0,0,0,0,0,1,0,0,0
1010,504500,519,20,33,70,9,-7,0,1,0,0,0,0,0,0,1,0,0,0
1011,505000,627,19,32,80,8,-7,0,1,0,0,0,0,0,0,1,0,0,0
1012,505500,722,20,33,87,9,-7,0,1,0,0,0,0,0,0,1,0,0,0
1013,506000,800,19,32,93,9,-7,0,1,0,0,0,0,0,0,1,0,0,0
1014,506500,859,18,31,95,7,-7,0,1,0,0,0,0,0,0,1,0,0,0
1015,507000,896,18,31,96,6,-7,0,1,0,0,0,0,0,0,1,0,0,0
1016,507500,911,19,31,96,8,-7,0,1,0,0,0,0,0,0,1,0,0,0
1017,508000,903,19,31,93,8,-8,0,1,0,0,0,0,0,0,1,0,0,0
1018,508500,874,19,31,90,8,-7,0,1,0,0,0,0,0,0,1,0,0,0
1019,509000,824,19,31,86,9,-7,0,1,0,0,0,0,0,0,1,0,0,0
1020,509500,753,19,31,78,8,-7,0,1,0,0,0,0,0,0,1,0,0,0
1021,510000,664,18,31,70,6,-8,0,1,0,0,0,0,0,0,1,0,0,0
1022,510500,558,19,31,61,9,-7,0,1,0,0,0,0,0,0,1,0,0,0
1023,511000,436,18,31,47,7,-8,0,1,0,0,0,0,0,0,1,0,0,0
1024,511500,306,18,31,35,6,-8,0,1,0,0,0,0,0,0,1,0,0,0
1025,512000,193,18,31,19,6,-8,0,1,0,0,0,0,0,0,1,0,0,0
1026,512500,53,19,31,6,8,-7,0,1,0,0,0,0,0,0,1,0,0,0
1027,513000,-89,20,31,-9,8,-7,0,1,0,0,0,0,0,0,1,0,0,0
1028,513500,-248,19,31,-24,8,-6,0,1,0,0,0,0,0,0,1,0,0,0
1029,514000,-379,20,31,-35,8,-7,0,1,0,0,0,0,0,0,1,0,0,0
1030,514500,-501,21,31,-46,8,-8,0,1,0,0,0,0,0,0,1,0,0,0
1031,515000,-612,19,32,-56,8,-7,0,1,0,0,0,0,0,0,1,0,0,0
1032,515500,-708,19,31,-62,8,-7,0,1,0,0,0,0,0,0,1,0,0,0
1033,516000,-787,20,31,-68,8,-8,0,1,0,0,0,0,0,0,1,0,0,0
1034,516500,-847,19,31,-72,9,-7,0,1,0,0,0,0,0,0,1,0,0,0
1035,517000,-884,21,31,-73,9,-7,0,1,0,0,0,0,0,0,1,0,0,0
1036,517500,-902,19,31,-72,9,-7,0,1,0,0,0,0,0,0,1,0,0,0
1037,518000,-894,19,32,-69,7,-6,0,1,0,0,0,0,0,0,1,0,0,0
1038,518500,-868,19,31,-66,8,-7,0,1,0,0,0,0,0,0,1,0,0,0
1039,519000,-812,21,31,-59,8,-8,0,1,0,0,0,0,0,0,1,0,0,0
1040,519500,-742,21,31,-53,8,-8,0,1,0,0,0,0,0,0,1,0,0,0
1041,520000,-647,19,33,-45,6,-7,0,1,0,0,0,0,0,0,1,0,0,0
1042,520500,-543,19,33,-38,6,-6,0,1,0,0,0,0,0,0,1,0,0,0
1043,521000,-421,20,31,-25,8,-7,0,1,0,0,0,0,0,0,1,0,0,0
1044,521500,-292,21,31,-13,9,-7,0,1,0,0,0,0,0,0,1,0,0,0
1045,522000,-134,21,31,2,8,-7,0,1,0,0,0,0,0,0,1,0,0,0
1046,522500,8,19,31,18,8,-8,0,1,0,0,0,0,0,0,1,0,0,0
1047,523000,147,19,31,32,7,-8,0,1,0,0,0,0,0,0,1,0,0,0
1048,523500,286,18,31,43,6,-7,0,1,0,0,0,0,0,0,1,0,0,0
1049,524000,399,19,31,60,8,-7,0,1,0,0,0,0,0,0,1,0,0,0
1050,524500,521,19,31,70,7,-7,0,1,0,0,0,0,0,0,1,0,0,0
1051,525000,630,19,31,80,8,-7,0,1,0,0,0,0,0,0,1,0,0,0
1052,525500,725,19,31,87,8,-7,0,1,0,0,0,0,0,0,1,0,0,0
1053,526000,802,18,31,92,7,-7,0,1,0,0,0,0,0,0,1,0,0,0
1054,526500,861,19,31,96,8,-7,0,1,0,0,0,0,0,0,1,0,0,0
1055,527000,897,20,32,96,9,-6,0,1,0,0,0,0,0,0,1,0,0,0
1056,527500,912,19,31,96,8,-7,0,1,0,0,0,0,0,0,1,0,0,0
1057,528000,902,19,31,93,8,-7,0,1,0,0,0,0,0,0,1,0,0,0
1058,528500,873,19,31,90,8,-7,0,1,0,0,0,0,0,0,1,0,0,0
1059,529000,822,18,31,84,6,-7,0,1,0,0,0,0,0,0,1,0,0,0
1060,529500,751,19,31,78,8,-7,0,1,0,0,0,0,0,0,1,0,0,0
1061,530000,661,19,31,71,8,-7,0,1,0,0,0,0,0,0,1,0,0,0
1062,530500,554,20,33,60,9,-7,0,1,0,0,0,0,0,0,1,0,0,0
1063,531000,436,19,31,48,7,-7,0,1,0,0,0,0,0,0,1,0,0,0
1064,531500,305,18,31,34,6,-8,0,1,0,0,0,0,0,0,1,0,0,0
1065,532000,189,20,31,19,8,-7,0,1,0,0,0,0,0,0,1,0,0,0
1066,532500,47,19,31,4,7,-7,0,1,0,0,0,0,0,0,1,0,0,0
1067,533000,-91,18,31,-10,8,-7,0,1,0,0,0,0,0,0,1,0,0,0
1068,533500,-252,21,31,-24,9,-7,0,1,0,0,0,0,0,0,1,0,0,0
1069,534000,-387,19,33,-37,7,-6,0,1,0,0,0,0,0,0,1,0,0,0
1070,534500,-508,19,31,-47,8,-7,0,1,0,0,0,0,0,0,1,0,0,0
1071,535000,-621,21,31,-57,8,-7,0,1,0,0,0,0,0,0,1,0,0,0
1072,535500,-711,19,33,-62,7,-7,0,1,0,0,0,0,0,0,1,0,0,0
1073,536000,-798,19,32,-68,8,-7,0,1,0,0,0,0,0,0,1,0,0,0
1074,536500,-849,19,31,-72,8,-8,0,1,0,0,0,0,0,0,1,0,0,0
1075,537000,-889,20,31,-72,8,-8,0,1,0,0,0,0,0,0,1,0,0,0
1076,537500,-902,19,31,-72,9,-7,0,1,0,0,0,0,0,0,1,0,0,0
1077,538000,-894,19,31,-69,9,-6,0,1,0,0,0,0,0,0,1,0,0,0
1078,538500,-863,21,31,-63,8,-7,0,1,0,0,0,0,0,0,1,0,0,0
1079,539000,-812,19,33,-60,6,-7,0,1,0,0,0,0,0,0,1,0,0,0
1080,539500,-738,19,33,-53,6,-6,0,1,0,0,0,0,0,0,1,0,0,0
1081,540000,-647,21,31,-47,8,-7,0,1,0,0,0,0,0,0,1,0,0,0
1082,540500,-536,21,31,-38,9,-7,0,1,0,0,0,0,0,0,1,0,0,0
1083,541000,-415,21,31,-25,8,-7,0,1,0,0,0,0,0,0,1,0,0,0
1084,541500,-284,19,31,-10,8,-8,0,1,0,0,0,0,0,0,1,0,0,0
1085,542000,-128,19,31,3,9,-7,0,1,0,0,0,0,0,0,1,0,0,0
1086,542500,12,19,31,18,7,-7,0,1,0,0,0,0,0,0,1,0,0,0
1087,543000,152,19,31,33,9,-7,0,1,0,0,0,0,0,0,1,0,0,0
1088,543500,289,18,31,45,7,-7,0,1,0,0,0,0,0,0,1,0,0,0
1089,544000,402,19,31,61,8,-7,0,1,0,0,0,0,0,0,1,0,0,0
1090,544500,523,19,31,71,8,-7,0,1,0,0,0,0,0,0,1,0,0,0
1091,545000,633,19,31,80,8,-7,0,1,0,0,0,0,0,0,1,0,0,0
1092,545500,727,20,33,87,9,-6,0,1,0,0,0,0,0,0,1,0,0,0
1093,546000,805,19,32,93,8,-6,0,1,0,0,0,0,0,0,1,0,0,0
1094,546500,861,18,31,95,6,-8,0,1,0,0,0,0,0,0,1,0,0,0
1095,547000,897,19,31,96,8,-7,0,1,0,0,0,0,0,0,1,0,0,0
1096,547500,911,18,31,95,7,-7,0,1,0,0,0,0,0,0,1,0,0,0
1097,548000,902,18,31,92,6,-8,0,1,0,0,0,0,0,0,1,0,0,0
1098,548500,872,18,31,90,6,-8,0,1,0,0,0,0,0,0,1,0,0,0
1099,549000,820,19,31,84,8,-7,0,1,0,0,0,0,0,0,1,0,0,0
1100,549500,747,19,33,78,9,-7,0,1,0,0,0,0,0,0,1,0,0,0
1101,550000,657,19,32,70,9,-7,0,1,0,0,0,0,0,0,1,0,0,0
1102,550500,554,18,31,60,7,-7,0,1,0,0,0,0,0,0,1,0,0,0
1103,551000,431,20,33,47,9,-7,0,1,0,0,0,0,0,0,1,0,0,0
1104,551500,298,19,31,34,7,-7,0,1,0,0,0,0,0,0,1,0,0,0
1105,552000,184,19,32,19,8,-7,0,1,0,0,0,0,0,0,1,0,0,0
1106,552500,44,21,31,4,9,-7,0,1,0,0,0,0,0,0,1,0,0,0
1107,553000,-98,19,31,-10,7,-8,0,1,0,0,0,0,0,0,1,0,0,0
1108,553500,-257,19,32,-24,8,-7,0,1,0,0,0,0,0,0,1,0,0,0
1109,554000,-387,19,31,-37,8,-8,0,1,0,0,0,0,0,0,1,0,0,0
1110,554500,-509,19,31,-47,6,-8,0,1,0,0,0,0,0,0,1,0,0,0
1111,555000,-625,19,32,-56,6,-7,0,1,0,0,0,0,0,0,1,0,0,0
1112,555500,-716,19,31,-65,8,-7,0,1,0,0,0,0,0,0,1,0,0,0
1113,556000,-794,19,31,-68,9,-7,0,1,0,0,0,0,0,0,1,0,0,0
1114,556500,-850,21,31,-72,9,-7,0,1,0,0,0,0,0,0,1,0,0,0
1115,557000,-889,19,30,-72,7,-8,0,1,0,0,0,0,0,0,1,0,0,0
1116,557500,-902,19,31,-72,9,-7,0,1,0,0,0,0,0,0,1,0,0,0
1117,558000,-894,21,31,-69,9,-7,0,1,0,0,0,0,0,0,1,0,0,0
1118,558500,-868,19,32,-66,7,-6,0,1,0,0,0,0,0,0,1,0,0,0
1119,559000,-812,21,31,-60,8,-7,0,1,0,0,0,0,0,0,1,0,0,0
1120,559500,-733,19,33,-53,8,-6,0,1,0,0,0,0,0,0,1,0,0,0
1121,560000,-641,20,31,-45,6,-7,0,1,0,0,0,0,0,0,1,0,0,0
1122,560500,-534,19,31,-36,9,-7,0,1,0,0,0,0,0,0,1,0,0,0
1123,561000,-413,19,31,-25,9,-7,0,1,0,0,0,0,0,0,1,0,0,0
1124,561500,-283,21,31,-10,8,-7,0,1,0,0,0,0,0,0,1,0,0,0
1125,562000,-125,21,31,5,8,-8,0,1,0,0,0,0,0,0,1,0,0,0
1126,562500,18,19,31,18,7,-8,0,1,0,0,0,0,0,0,1,0,0,0
1127,563000,158,19,31,32,6,-8,0,1,0,0,0,0,0,0,1,0,0,0
1128,563500,294,18,31,45,6,-8,0,1,0,0,0,0,0,0,1,0,0,0
1129,564000,406,19,31,61,8,-7,0,1,0,0,0,0,0,0,1,0,0,0
1130,564500,527,19,31,71,8,-7,0,1,0,0,0,0,0,0,1,0,0,0
1131,565000,635,18,31,80,7,-7,0,1,0,0,0,0,0,0,1,0,0,0
1132,565500,731,19,31,87,8,-7,0,1,0,0,0,0,0,0,1,0,0,0
1133,566000,806,19,31,93,8,-7,0,1,0,0,0,0,0,0,1,0,0,0
1134,566500,863,18,31,95,7,-7,0,1,0,0,0,0,0,0,1,0,0,0
1135,567000,898,20,33,96,9,-7,0,1,0,0,0,0,0,0,1,0,0,0
1136,567500,911,20,33,95,9,-6,0,1,0,0,0,0,0,0,1,0,0,0
1137,568000,902,18,31,92,8,-7,0,1,0,0,0,0,0,0,1,0,0,0
1138,568500,869,19,31,90,8,-7,0,1,0,0,0,0,0,0,1,0,0,0
1139,569000,817,19,33,84,9,-6,0,1,0,0,0,0,0,0,1,0,0,0
1140,569500,745,18,32,78,7,-7,0,1,0,0,0,0,0,0,1,0,0,0
1141,570000,655,20,32,69,9,-6,0,1,0,0,0,0,0,0,1,0,0,0
1142,570500,548,19,31,60,8,-7,0,1,0,0,0,0,0,0,1,0,0,0
1143,571000,427,19,31,47,8,-7,0,1,0,0,0,0,0,0,1,0,0,0
1144,571500,296,19,31,35,9,-6,0,1,0,0,0,0,0,0,1,0,0,0
1145,572000,180,18,31,19,7,-7,0,1,0,0,0,0,0,0,1,0,0,0
1146,572500,39,18,31,4,6,-8,0,1,0,0,0,0,0,0,1,0,0,0
1147,573000,-103,19,33,-12,6,-7,0,1,0,0,0,0,0,0,1,0,0,0
1148,573500,-259,19,31,-24,6,-7,0,1,0,0,0,0,0,0,1,0,0,0
1149,574000,-391,19,33,-37,6,-7,0,1,0,0,0,0,0,0,1,0,0,0
1150,574500,-517,19,31,-47,6,-8,0,1,0,0,0,0,0,0,1,0,0,0
1151,575000,-625,19,33,-56,8,-7,0,1,0,0,0,0,0,0,1,0,0,0
1152,575500,-720,19,32,-65,9,-7,0,1,0,0,0,0,0,0,1,0,0,0
1153,576000,-798,19,31,-68,9,-7,0,1,0,0,0,0,0,0,1,0,0,0
1154,576500,-854,19,31,-72,8,-7,0,1,0,0,0,0,0,0,1,0,0,0
1155,577000,-889,21,31,-72,8,-7,0,1,0,0,0,0,0,0,1,0,0,0
1156,577500,-902,19,33,-72,8,-7,0,1,0,0,0,0,0,0,1,0,0,0
1157,578000,-894,21,32,-69,8,-7,0,1,0,0,0,0,0,0,1,0,0,0
1158,578500,-863,19,33,-66,7,-6,0,1,0,0,0,0,0,0,1,0,0,0
1159,579000,-804,21,31,-59,8,-8,0,1,0,0,0,0,0,0,1,0,0,0
1160,579500,-733,21,31,-53,9,-8,0,1,0,0,0,0,0,0,1,0,0,0
1161,580000,-638,21,31,-44,8,-8,0,1,0,0,0,0,0,0,1,0,0,0
1162,580500,-534,19,31,-35,6,-8,0,1,0,0,0,0,0,0,1,0,0,0
1163,581000,-408,21,31,-24,8,-7,0,1,0,0,0,0,0,0,1,0,0,0
1164,581500,-275,19,32,-10,6,-7,0,1,0,0,0,0,0,0,1,0,0,0
1165,582000,-122,19,33,5,8,-7,0,1,0,0,0,0,0,0,1,0,0,0
1166,582500,20,19,32,20,8,-7,0,1,0,0,0,0,0,0,1,0,0,0
1167,583000,160,18,31,33,6,-7,0,1,0,0,0,0,0,0,1,0,0,0
1168,583500,298,21,32,46,8,-7,0,1,0,0,0,0,0,0,1,0,0,0
1169,584000,410,19,31,61,8,-7,0,1,0,0,0,0,0,0,1,0,0,0
1170,584500,530,19,31,71,8,-7,0,1,0,0,0,0,0,0,1,0,0,0
1171,585000,640,18,31,80,6,-8,0,1,0,0,0,0,0,0,1,0,0,0
1172,585500,733,19,31,87,7,-8,0,1,0,0,0,0,0,0,1,0,0,0
1173,586000,808,18,31,93,6,-8,0,1,0,0,0,0,0,0,1,0,0,0
1174,586500,864,18,31,95,8,-8,0,1,0,0,0,0,0,0,1,0,0,0
1175,587000,900,18,31,96,6,-8,0,1,0,0,0,0,0,0,1,0,0,0
1176,587500,912,18,31,95,6,-8,0,1,0,0,0,0,0,0,1,0,0,0
1177,588000,901,19,31,93,8,-7,0,1,0,0,0,0,0,0,1,0,0,0
1178,588500,869,18,31,89,8,-8,0,1,0,0,0,0,0,0,1,0,0,0
1179,589000,816,18,31,84,6,-8,0,1,0,0,0,0,0,0,1,0,0,0
1180,589500,743,18,31,78,6,-7,0,1,0,0,0,0,0,0,1,0,0,0
1181,590000,652,19,31,71,8,-7,0,1,0,0,0,0,0,0,1,0,0,0
1182,590500,543,18,31,60,7,-7,0,1,0,0,0,0,0,0,1,0,0,0
1183,591000,423,19,31,47,8,-7,0,1,0,0,0,0,0,0,1,0,0,0
1184,591500,293,19,31,34,9,-7,0,1,0,0,0,0,0,0,1,0,0,0
1185,592000,176,19,31,16,7,-7,0,1,0,0,0,0,0,0,1,0,0,0
1186,592500,37,19,33,3,8,-7,0,1,0,0,0,0,0,0,1,0,0,0
1187,593000,-106,19,33,-12,6,-6,0,1,0,0,0,0,0,0,1,0,0,0
1188,593500,-265,19,31,-25,6,-7,0,1,0,0,0,0,0,0,1,0,0,0
1189,594000,-396,19,31,-37,6,-8,0,1,0,0,0,0,0,0,1,0,0,0
1190,594500,-521,19,32,-49,6,-7,0,1,0,0,0,0,0,0,1,0,0,0
1191,595000,-629,20,31,-56,8,-7,0,1,0,0,0,0,0,0,1,0,0,0
1192,595500,-725,19,33,-65,7,-7,0,1,0,0,0,0,0,0,1,0,0,0
1193,596000,-803,20,31,-68,8,-7,0,1,0,0,0,0,0,0,1,0,0,0
1194,596500,-854,19,33,-72,8,-7,0,1,0,0,0,0,0,0,1,0,0,0
1195,597000,-889,19,32,-72,9,-6,0,1,0,0,0,0,0,0,1,0,0,0
1196,597500,-902,19,33,-72,7,-6,0,1,0,0,0,0,0,0,1,0,0,0
1197,598000,-889,21,32,-69,8,-7,0,1,0,0,0,0,0,0,1,0,0,0
1198,598500,-859,22,31,-66,8,-7,0,1,0,0,0,0,0,0,1,0,0,0
1199,599000,-807,21,31,-60,9,-7,0,1,0,0,0,0,0,0,1,0,0,0
1200,599500,-733,21,31,-51,8,-8,0,1,0,0,0,0,0,0,1,0,0,0
1201,600000,-638,19,31,-45,9,-7,0,1,0,0,0,0,0,0,1,0,0,0
1202,600500,-525,19,33,-35,8,-6,0,1,0,0,0,0,0,0,1,0,0,0
1203,601000,-404,19,31,-23,6,-7,0,1,0,0,0,0,0,0,1,0,0,0
1204,601500,-274,19,33,-11,7,-7,0,1,0,0,0,0,0,0,1,0,0,0
1205,602000,-117,20,31,6,8,-7,0,1,0,0,0,0,0,0,1,0,0,0
1206,602500,25,21,33,18,9,-6,0,1,0,0,0,0,0,0,1,0,0,0
1207,603000,167,19,31,33,8,-8,0,1,0,0,0,0,0,0,1,0,0,0
1208,603500,302,19,31,46,8,-7,0,1,0,0,0,0,0,0,1,0,0,0
1209,604000,415,19,31,61,8,-7,0,1,0,0,0,0,0,0,1,0,0,0
1210,604500,535,18,31,71,6,-7,0,1,0,0,0,0,0,0,1,0,0,0
1211,605000,643,20,32,80,9,-7,0,1,0,0,0,0,0,0,1,0,0,0
1212,605500,735,19,32,87,7,-8,0,1,0,0,0,0,0,0,1,0,0,0
1213,606000,811,18,31,92,6,-8,0,1,0,0,0,0,0,0,1,0,0,0
1214,606500,866,18,31,96,6,-7,0,1,0,0,0,0,0,0,1,0,0,0
1215,607000,900,18,31,96,6,-8,0,1,0,0,0,0,0,0,1,0,0,0
1216,607500,911,19,31,96,8,-7,0,1,0,0,0,0,0,0,1,0,0,0
1217,608000,900,19,31,93,9,-6,0,1,0,0,0,0,0,0,1,0,0,0
1218,608500,868,19,31,89,8,-7,0,1,0,0,0,0,0,0,1,0,0,0
1219,609000,814,20,32,84,9,-6,0,1,0,0,0,0,0,0,1,0,0,0
1220,609500,739,19,31,78,8,-7,0,1,0,0,0,0,0,0,1,0,0,0
1221,610000,648,18,31,69,6,-7,0,1,0,0,0,0,0,0,1,0,0,0
1222,610500,540,19,31,59,8,-7,0,1,0,0,0,0,0,0,1,0,0,0
1223,611000,419,21,32,46,9,-6,0,1,0,0,0,0,0,0,1,0,0,0
1224,611500,289,19,31,33,7,-7,0,1,0,0,0,0,0,0,1,0,0,0
1225,612000,170,19,31,18,8,-7,0,1,0,0,0,0,0,0,1,0,0,0
1226,612500,30,19,31,4,8,-7,0,1,0,0,0,0,0,0,1,0,0,0
1227,613000,-111,19,33,-12,7,-6,0,1,0,0,0,0,0,0,1,0,0,0
1228,613500,-270,21,31,-27,8,-6,0,1,0,0,0,0,0,0,1,0,0,0
1229,614000,-397,19,31,-37,6,-7,0,1,0,0,0,0,0,0,1,0,0,0
1230,614500,-521,21,31,-49,8,-8,0,1,0,0,0,0,0,0,1,0,0,0
1231,615000,-629,19,33,-57,7,-7,0,1,0,0,0,0,0,0,1,0,0,0
1232,615500,-725,21,31,-63,6,-8,0,1,0,0,0,0,0,0,1,0,0,0
1233,616000,-803,19,33,-68,6,-7,0,1,0,0,0,0,0,0,1,0,0,0
1234,616500,-854,21,32,-72,8,-7,0,1,0,0,0,0,0,0,1,0,0,0
1235,617000,-889,19,31,-72,9,-7,0,1,0,0,0,0,0,0,1,0,0,0
1236,617500,-902,21,31,-72,8,-7,0,1,0,0,0,0,0,0,1,0,0,0
1237,618000,-889,21,31,-69,8,-7,0,1,0,0,0,0,0,0,1,0,0,0
1238,618500,-859,19,33,-66,8,-7,0,1,0,0,0,0,0,0,1,0,0,0
1239,619000,-803,20,31,-59,8,-7,0,1,0,0,0,0,0,0,1,0,0,0
1240,619500,-725,19,31,-53,6,-8,0,1,0,0,0,0,0,0,1,0,0,0
1241,620000,-631,20,31,-44,8,-8,0,1,0,0,0,0,0,0,1,0,0,0
1242,620500,-525,22,31,-35,8,-7,0,1,0,0,0,0,0,0,1,0,0,0
1243,621000,-404,19,33,-23,7,-7,0,1,0,0,0,0,0,0,1,0,0,0
1244,621500,-270,18,33,-10,6,-6,0,1,0,0,0,0,0,0,1,0,0,0
1245,622000,-112,18,33,6,6,-6,0,1,0,0,0,0,0,0,1,0,0,0
1246,622500,28,19,31,21,8,-7,0,1,0,0,0,0,0,0,1,0,0,0
1247,623000,170,19,31,34,6,-8,0,1,0,0,0,0,0,0,1,0,0,0
1248,623500,304,19,31,46,8,-8,0,1,0,0,0,0,0,0,1,0,0,0
1249,624000,418,18,31,62,6,-7,0,1,0,0,0,0,0,0,1,0,0,0
1250,624500,538,18,31,72,8,-8,0,1,0,0,0,0,0,0,1,0,0,0
1251,625000,644,20,33,81,9,-7,0,1,0,0,0,0,0,0,1,0,0,0
1252,625500,738,19,33,88,9,-7,0,1,0,0,0,0,0,0,1,0,0,0
1253,626000,812,19,32,93,8,-7,0,1,0,0,0,0,0,0,1,0,0,0
1254,626500,866,19,31,96,8,-7,0,1,0,0,0,0,0,0,1,0,0,0
1255,627000,900,18,31,96,7,-7,0,1,0,0,0,0,0,0,1,0,0,0
1256,627500,911,18,31,95,6,-7,0,1,0,0,0,0,0,0,1,0,0,0
1257,628000,900,19,31,93,8,-7,0,1,0,0,0,0,0,0,1,0,0,0
1258,628500,867,18,31,89,7,-7,0,1,0,0,0,0,0,0,1,0,0,0
1259,629000,813,18,31,84,6,-8,0,1,0,0,0,0,0,0,1,0,0,0
1260,629500,738,20,32,77,8,-6,0,1,0,0,0,0,0,0,1,0,0,0
1261,630000,644,18,31,68,7,-7,0,1,0,0,0,0,0,0,1,0,0,0
1262,630500,537,18,31,58,6,-7,0,1,0,0,0,0,0,0,1,0,0,0
1263,631000,415,18,31,46,6,-8,0,1,0,0,0,0,0,0,1,0,0,0
1264,631500,284,19,31,32,8,-7,0,1,0,0,0,0,0,0,1,0,0,0
1265,632000,167,19,31,16,8,-8,0,1,0,0,0,0,0,0,1,0,0,0
1266,632500,28,21,31,2,9,-7,0,1,0,0,0,0,0,0,1,0,0,0
1267,633000,-114,19,33,-12,7,-7,0,1,0,0,0,0,0,0,1,0,0,0
1268,633500,-274,19,32,-27,8,-7,0,1,0,0,0,0,0,0,1,0,0,0
1269,634000,-404,21,31,-40,9,-7,0,1,0,0,0,0,0,0,1,0,0,0
1270,634500,-525,19,31,-49,7,-7,0,1,0,0,0,0,0,0,1,0,0,0
1271,635000,-634,19,31,-59,8,-7,0,1,0,0,0,0,0,0,1,0,0,0
1272,635500,-729,19,31,-65,8,-7,0,1,0,0,0,0,0,0,1,0,0,0
1273,636000,-803,19,31,-68,8,-8,0,1,0,0,0,0,0,0,1,0,0,0
1274,636500,-859,19,31,-72,9,-7,0,1,0,0,0,0,0,0,1,0,0,0
1275,637000,-889,21,31,-72,8,-7,0,1,0,0,0,0,0,0,1,0,0,0
1276,637500,-902,19,33,-72,7,-7,0,1,0,0,0,0,0,0,1,0,0,0
1277,638000,-889,19,33,-69,6,-6,0,1,0,0,0,0,0,0,1,0,0,0
1278,638500,-854,19,32,-66,9,-7,0,1,0,0,0,0,0,0,1,0,0,0
1279,639000,-803,19,31,-59,9,-7,0,1,0,0,0,0,0,0,1,0,0,0
1280,639500,-729,19,33,-53,8,-7,0,1,0,0,0,0,0,0,1,0,0,0
1281,640000,-629,19,31,-44,8,-7,0,1,0,0,0,0,0,0,1,0,0,0
1282,640500,-518,21,31,-35,8,-7,0,1,0,0,0,0,0,0,1,0,0,0
1283,641000,-396,19,33,-23,7,-6,0,1,0,0,0,0,0,0,1,0,0,0
1284,641500,-265,21,32,-10,8,-7,0,1,0,0,0,0,0,0,1,0,0,0
1285,642000,-109,21,31,6,8,-7,0,1,0,0,0,0,0,0,1,0,0,0
1286,642500,34,19,31,21,9,-7,0,1,0,0,0,0,0,0,1,0,0,0
1287,643000,174,20,33,34,9,-7,0,1,0,0,0,0,0,0,1,0,0,0
1288,643500,310,19,32,47,9,-7,0,1,0,0,0,0,0,0,1,0,0,0
1289,644000,419,18,31,62,7,-7,0,1,0,0,0,0,0,0,1,0,0,0
1290,644500,540,18,31,72,8,-8,0,1,0,0,0,0,0,0,1,0,0,0
1291,645000,648,18,31,81,8,-8,0,1,0,0,0,0,0,0,1,0,0,0
1292,645500,739,19,31,87,8,-8,0,1,0,0,0,0,0,0,1,0,0,0
1293,646000,814,19,31,93,8,-7,0,1,0,0,0,0,0,0,1,0,0,0
1294,646500,868,20,33,95,9,-7,0,1,0,0,0,0,0,0,1,0,0,0
1295,647000,901,19,33,96,9,-6,0,1,0,0,0,0,0,0,1,0,0,0
1296,647500,911,18,32,95,7,-7,0,1,0,0,0,0,0,0,1,0,0,0
1297,648000,899,19,31,93,8,-7,0,1,0,0,0,0,0,0,1,0,0,0
1298,648500,866,20,33,89,9,-7,0,1,0,0,0,0,0,0,1,0,0,0
1299,649000,809,18,31,84,7,-8,0,1,0,0,0,0,0,0,1,0,0,0
1300,649500,735,19,31,78,8,-7,0,1,0,0,0,0,0,0,1,0,0,0
1301,650000,643,20,33,68,9,-6,0,1,0,0,0,0,0,0,1,0,0,0
1302,650500,534,18,31,58,7,-7,0,1,0,0,0,0,0,0,1,0,0,0
1303,651000,410,19,31,47,8,-7,0,1,0,0,0,0,0,0,1,0,0,0
1304,651500,280,18,31,32,7,-8,0,1,0,0,0,0,0,0,1,0,0,0
1305,652000,162,19,31,16,8,-7,0,1,0,0,0,0,0,0,1,0,0,0
1306,652500,22,19,30,3,8,-7,0,1,0,0,0,0,0,0,1,0,0,0
1307,653000,-119,20,31,-12,8,-7,0,1,0,0,0,0,0,0,1,0,0,0
1308,653500,-275,20,31,-26,8,-8,0,1,0,0,0,0,0,0,1,0,0,0
1309,654000,-406,19,31,-38,7,-8,0,1,0,0,0,0,0,0,1,0,0,0
1310,654500,-525,19,31,-49,9,-7,0,1,0,0,0,0,0,0,1,0,0,0
1311,655000,-638,19,33,-57,7,-7,0,1,0,0,0,0,0,0,1,0,0,0
1312,655500,-729,19,33,-65,9,-7,0,1,0,0,0,0,0,0,1,0,0,0
1313,656000,-803,19,31,-68,8,-8,0,1,0,0,0,0,0,0,1,0,0,0
1314,656500,-859,19,31,-72,6,-8,0,1,0,0,0,0,0,0,1,0,0,0
1315,657000,-889,20,31,-72,6,-8,0,1,0,0,0,0,0,0,1,0,0,0
1316,657500,-902,21,31,-72,8,-7,0,1,0,0,0,0,0,0,1,0,0,0
1317,658000,-889,21,31,-69,8,-7,0,1,0,0,0,0,0,0,1,0,0,0
1318,658500,-854,19,33,-64,7,-7,0,1,0,0,0,0,0,0,1,0,0,0
1319,659000,-798,19,33,-59,7,-7,0,1,0,0,0,0,0,0,1,0,0,0
1320,659500,-725,19,33,-53,6,-6,0,1,0,0,0,0,0,0,1,0,0,0
1321,660000,-629,19,31,-45,9,-7,0,1,0,0,0,0,0,0,1,0,0,0
1322,660500,-517,20,31,-35,7,-8,0,1,0,0,0,0,0,0,1,0,0,0
1323,661000,-396,21,31,-23,8,-7,0,1,0,0,0,0,0,0,1,0,0,0
1324,661500,-260,19,31,-8,6,-7,0,1,0,0,0,0,0,0,1,0,0,0
1325,662000,-104,19,31,6,6,-8,0,1,0,0,0,0,0,0,1,0,0,0
1326,662500,37,19,31,21,8,-7,0,1,0,0,0,0,0,0,1,0,0,0
1327,663000,178,19,31,36,8,-7,0,1,0,0,0,0,0,0,1,0,0,0
1328,663500,314,21,33,46,9,-7,0,1,0,0,0,0,0,0,1,0,0,0
1329,664000,426,19,31,62,8,-7,0,1,0,0,0,0,0,0,1,0,0,0
1330,664500,544,18,31,73,8,-8,0,1,0,0,0,0,0,0,1,0,0,0
1331,665000,651,18,31,81,6,-7,0,1,0,0,0,0,0,0,1,0,0,0
1332,665500,744,19,31,89,8,-7,0,1,0,0,0,0,0,0,1,0,0,0
1333,666000,816,21,33,93,9,-6,0,1,0,0,0,0,0,0,1,0,0,0
1334,666500,869,18,31,95,7,-7,0,1,0,0,0,0,0,0,1,0,0,0
1335,667000,901,18,31,96,6,-8,0,1,0,0,0,0,0,0,1,0,0,0
1336,667500,911,18,31,95,6,-8,0,1,0,0,0,0,0,0,1,0,0,0
1337,668000,897,18,31,92,6,-8,0,1,0,0,0,0,0,0,1,0,0,0
1338,668500,864,18,31,89,8,-8,0,1,0,0,0,0,0,0,1,0,0,0
1339,669000,809,18,31,84,8,-7,0,1,0,0,0,0,0,0,1,0,0,0
1340,669500,731,18,31,77,6,-8,0,1,0,0,0,0,0,0,1,0,0,0
1341,670000,639,18,31,68,6,-8,0,1,0,0,0,0,0,0,1,0,0,0
1342,670500,530,20,33,57,9,-7,0,1,0,0,0,0,0,0,1,0,0,0
1343,671000,408,19,32,46,8,-7,0,1,0,0,0,0,0,0,1,0,0,0
1344,671500,277,18,31,32,7,-7,0,1,0,0,0,0,0,0,1,0,0,0
1345,672000,159,20,32,16,8,-6,0,1,0,0,0,0,0,0,1,0,0,0
1346,672500,19,19,33,1,7,-6,0,1,0,0,0,0,0,0,1,0,0,0
1347,673000,-123,24,32,-13,6,-7,0,1,0,0,0,0,0,0,1,0,0,0
1348,673500,-278,19,31,-27,9,-7,0,1,0,0,0,0,0,0,1,0,0,0
1349,674000,-413,20,31,-38,7,-8,0,1,0,0,0,0,0,0,1,0,0,0
1350,674500,-534,19,31,-49,9,-7,0,1,0,0,0,0,0,0,1,0,0,0
1351,675000,-638,19,33,-59,7,-6,0,1,0,0,0,0,0,0,1,0,0,0
1352,675500,-733,19,32,-65,8,-6,0,1,0,0,0,0,0,0,1,0,0,0
1353,676000,-807,21,31,-69,8,-7,0,1,0,0,0,0,0,0,1,0,0,0
1354,676500,-863,20,31,-72,7,-8,0,1,0,0,0,0,0,0,1,0,0,0
1355,677000,-894,19,32,-72,7,-7,0,1,0,0,0,0,0,0,1,0,0,0
1356,677500,-898,19,31,-72,8,-7,0,1,0,0,0,0,0,0,1,0,0,0
1357,678000,-889,19,33,-69,6,-6,0,1,0,0,0,0,0,0,1,0,0,0
1358,678500,-854,19,33,-64,6,-6,0,1,0,0,0,0,0,0,1,0,0,0
1359,679000,-798,21,32,-59,8,-7,0,1,0,0,0,0,0,0,1,0,0,0
1360,679500,-720,19,33,-53,7,-7,0,1,0,0,0,0,0,0,1,0,0,0
1361,680000,-625,19,33,-44,6,-6,0,1,0,0,0,0,0,0,1,0,0,0
1362,680500,-517,19,31,-33,6,-7,0,1,0,0,0,0,0,0,1,0,0,0
1363,681000,-388,19,32,-22,6,-7,0,1,0,0,0,0,0,0,1,0,0,0
1364,681500,-257,21,31,-10,8,-7,0,1,0,0,0,0,0,0,1,0,0,0
1365,682000,-98,19,31,6,9,-7,0,1,0,0,0,0,0,0,1,0,0,0
1366,682500,41,18,31,21,7,-7,0,1,0,0,0,0,0,0,1,0,0,0
1367,683000,183,19,31,35,6,-8,0,1,0,0,0,0,0,0,1,0,0,0
1368,683500,317,19,31,48,8,-8,0,1,0,0,0,0,0,0,1,0,0,0
1369,684000,428,19,31,63,8,-7,0,1,0,0,0,0,0,0,1,0,0,0
1370,684500,548,18,31,73,7,-7,0,1,0,0,0,0,0,0,1,0,0,0
1371,685000,653,18,31,81,6,-8,0,1,0,0,0,0,0,0,1,0,0,0
1372,685500,745,18,30,89,6,-8,0,1,0,0,0,0,0,0,1,0,0,0
1373,686000,817,19,31,93,8,-7,0,1,0,0,0,0,0,0,1,0,0,0
1374,686500,871,18,31,96,8,-7,0,1,0,0,0,0,0,0,1,0,0,0
1375,687000,902,18,31,96,8,-7,0,1,0,0,0,0,0,0,1,0,0,0
1376,687500,911,19,31,96,8,-7,0,1,0,0,0,0,0,0,1,0,0,0
1377,688000,896,18,31,92,7,-8,0,1,0,0,0,0,0,0,1,0,0,0
1378,688500,862,18,31,89,6,-8,0,1,0,0,0,0,0,0,1,0,0,0
1379,689000,806,18,31,84,6,-7,0,1,0,0,0,0,0,0,1,0,0,0
1380,689500,730,18,31,78,8,-8,0,1,0,0,0,0,0,0,1,0,0,0
1381,690000,635,18,31,68,6,-8,0,1,0,0,0,0,0,0,1,0,0,0
1382,690500,526,18,31,58,6,-7,0,1,0,0,0,0,0,0,1,0,0,0
1383,691000,402,19,31,46,8,-7,0,1,0,0,0,0,0,0,1,0,0,0
1384,691500,272,21,33,31,9,-6,0,1,0,0,0,0,0,0,1,0,0,0
1385,692000,153,19,32,16,8,-7,0,1,0,0,0,0,0,0,1,0,0,0
1386,692500,14,21,31,1,9,-7,0,1,0,0,0,0,0,0,1,0,0,0
1387,693000,-126,21,31,-15,8,-7,0,1,0,0,0,0,0,0,1,0,0,0
1388,693500,-283,21,31,-27,8,-7,0,1,0,0,0,0,0,0,1,0,0,0
1389,694000,-413,19,33,-40,6,-6,0,1,0,0,0,0,0,0,1,0,0,0
1390,694500,-534,19,33,-50,8,-6,0,1,0,0,0,0,0,0,1,0,0,0
1391,695000,-640,19,32,-59,9,-7,0,1,0,0,0,0,0,0,1,0,0,0
1392,695500,-733,21,31,-65,9,-7,0,1,0,0,0,0,0,0,1,0,0,0
1393,696000,-812,19,31,-69,7,-8,0,1,0,0,0,0,0,0,1,0,0,0
1394,696500,-863,21,31,-72,8,-8,0,1,0,0,0,0,0,0,1,0,0,0
1395,697000,-890,19,31,-72,8,-8,0,1,0,0,0,0,0,0,1,0,0,0
1396,697500,-902,21,31,-72,8,-8,0,1,0,0,0,0,0,0,1,0,0,0
1397,698000,-889,19,31,-69,6,-8,0,1,0,0,0,0,0,0,1,0,0,0
1398,698500,-854,19,33,-64,7,-7,0,1,0,0,0,0,0,0,1,0,0,0
1399,699000,-794,19,32,-59,9,-7,0,1,0,0,0,0,0,0,1,0,0,0
1400,699500,-716,21,31,-53,8,-7,0,1,0,0,0,0,0,0,1,0,0,0
1401,700000,-621,19,31,-44,9,-7,0,1,0,0,0,0,0,0,1,0,0,0
1402,700500,-508,21,31,-35,9,-7,0,1,0,0,0,0,0,0,1,0,0,0
1403,701000,-387,19,32,-22,9,-7,0,1,0,0,0,0,0,0,1,0,0,0
1404,701500,-252,19,31,-8,9,-7,0,1,0,0,0,0,0,0,1,0,0,0
1405,702000,-95,19,31,8,7,-7,0,1,0,0,0,0,0,0,1,0,0,0
1406,702500,46,19,31,23,8,-7,0,1,0,0,0,0,0,0,1,0,0,0
1407,703000,187,19,31,35,8,-7,0,1,0,0,0,0,0,0,1,0,0,0
1408,703500,322,18,31,47,8,-8,0,1,0,0,0,0,0,0,1,0,0,0
1409,704000,434,19,31,63,8,-8,0,1,0,0,0,0,0,0,1,0,0,0
1410,704500,551,19,31,74,8,-7,0,1,0,0,0,0,0,0,1,0,0,0
1411,705000,658,18,31,82,7,-7,0,1,0,0,0,0,0,0,1,0,0,0
1412,705500,748,19,31,89,8,-7,0,1,0,0,0,0,0,0,1,0,0,0
1413,706000,820,19,31,93,8,-7,0,1,0,0,0,0,0,0,1,0,0,0
1414,706500,872,18,31,95,6,-8,0,1,0,0,0,0,0,0,1,0,0,0
1415,707000,902,20,33,96,8,-7,0,1,0,0,0,0,0,0,1,0,0,0
1416,707500,911,18,31,95,8,-8,0,1,0,0,0,0,0,0,1,0,0,0
1417,708000,896,19,31,93,8,-7,0,1,0,0,0,0,0,0,1,0,0,0
1418,708500,861,18,31,89,8,-7,0,1,0,0,0,0,0,0,1,0,0,0
1419,709000,804,19,31,84,8,-7,0,1,0,0,0,0,0,0,1,0,0,0
1420,709500,727,19,31,77,8,-7,0,1,0,0,0,0,0,0,1,0,0,0
1421,710000,631,21,32,68,9,-7,0,1,0,0,0,0,0,0,1,0,0,0
1422,710500,521,18,31,57,8,-7,0,1,0,0,0,0,0,0,1,0,0,0
1423,711000,399,20,33,44,9,-6,0,1,0,0,0,0,0,0,1,0,0,0
1424,711500,267,19,31,31,7,-7,0,1,0,0,0,0,0,0,1,0,0,0
1425,712000,150,21,33,15,9,-7,0,1,0,0,0,0,0,0,1,0,0,0
1426,712500,9,19,33,1,7,-6,0,1,0,0,0,0,0,0,1,0,0,0
1427,713000,-133,19,33,-13,6,-6,0,1,0,0,0,0,0,0,1,0,0,0
1428,713500,-292,19,33,-27,8,-7,0,1,0,0,0,0,0,0,1,0,0,0
1429,714000,-421,20,31,-40,8,-8,0,1,0,0,0,0,0,0,1,0,0,0
1430,714500,-536,20,31,-49,8,-8,0,1,0,0,0,0,0,0,1,0,0,0
1431,715000,-647,21,31,-59,8,-7,0,1,0,0,0,0,0,0,1,0,0,0
1432,715500,-734,20,31,-65,7,-8,0,1,0,0,0,0,0,0,1,0,0,0
1433,716000,-812,21,31,-69,8,-8,0,1,0,0,0,0,0,0,1,0,0,0
1434,716500,-863,21,31,-72,8,-8,0,1,0,0,0,0,0,0,1,0,0,0
1435,717000,-894,19,31,-72,7,-8,0,1,0,0,0,0,0,0,1,0,0,0
1436,717500,-902,19,31,-72,9,-7,0,1,0,0,0,0,0,0,1,0,0,0
1437,718000,-884,19,31,-69,7,-7,0,1,0,0,0,0,0,0,1,0,0,0
1438,718500,-848,19,31,-64,6,-8,0,1,0,0,0,0,0,0,1,0,0,0
1439,719000,-794,21,31,-60,8,-7,0,1,0,0,0,0,0,0,1,0,0,0
1440,719500,-716,19,31,-53,9,-7,0,1,0,0,0,0,0,0,1,0,0,0
1441,720000,-621,19,30,-44,8,-8,0,1,0,0,0,0,0,0,1,0,0,0
1442,720500,-508,19,31,-35,9,-7,0,1,0,0,0,0,0,0,1,0,0,0
1443,721000,-382,19,33,-22,7,-6,0,1,0,0,0,0,0,0,1,0,0,0
1444,721500,-248,19,32,-7,8,-7,0,1,0,0,0,0,0,0,1,0,0,0
1445,722000,-91,20,31,8,8,-7,0,1,0,0,0,0,0,0,1,0,0,0
1446,722500,50,19,31,21,6,-7,0,1,0,0,0,0,0,0,1,0,0,0
1447,723000,190,21,33,35,8,-7,0,1,0,0,0,0,0,0,1,0,0,0
1448,723500,306,18,31,51,7,-7,0,1,0,0,0,0,0,0,1,0,0,0
1449,724000,436,18,31,64,6,-7,0,1,0,0,0,0,0,0,1,0,0,0
1450,724500,555,19,31,74,8,-7,0,1,0,0,0,0,0,0,1,0,0,0
1451,725000,661,18,31,82,8,-7,0,1,0,0,0,0,0,0,1,0,0,0
1452,725500,750,18,31,89,7,-7,0,1,0,0,0,0,0,0,1,0,0,0
1453,726000,822,20,33,93,9,-7,0,1,0,0,0,0,0,0,1,0,0,0
1454,726500,873,19,32,96,9,-7,0,1,0,0,0,0,0,0,1,0,0,0
1455,727000,903,19,31,96,8,-7,0,1,0,0,0,0,0,0,1,0,0,0
1456,727500,909,18,31,95,6,-7,0,1,0,0,0,0,0,0,1,0,0,0
1457,728000,896,17,31,92,6,-8,0,1,0,0,0,0,0,0,1,0,0,0
1458,728500,859,19,33,88,8,-7,0,1,0,0,0,0,0,0,1,0,0,0
1459,729000,802,18,31,83,7,-7,0,1,0,0,0,0,0,0,1,0,0,0
1460,729500,724,19,31,77,8,-7,0,1,0,0,0,0,0,0,1,0,0,0
1461,730000,629,18,31,68,8,-8,0,1,0,0,0,0,0,0,1,0,0,0
1462,730500,519,19,31,58,8,-8,0,1,0,0,0,0,0,0,1,0,0,0
1463,731000,396,19,31,44,8,-7,0,1,0,0,0,0,0,0,1,0,0,0
1464,731500,263,19,31,30,8,-7,0,1,0,0,0,0,0,0,1,0,0,0
1465,732000,147,18,31,15,8,-8,0,1,0,0,0,0,0,0,1,0,0,0
1466,732500,6,19,31,0,9,-7,0,1,0,0,0,0,0,0,1,0,0,0
1467,733000,-134,19,31,-15,9,-7,0,1,0,0,0,0,0,0,1,0,0,0
1468,733500,-292,21,31,-28,8,-7,0,1,0,0,0,0,0,0,1,0,0,0
1469,734000,-421,19,33,-40,8,-6,0,1,0,0,0,0,0,0,1,0,0,0
1470,734500,-543,20,31,-49,8,-7,0,1,0,0,0,0,0,0,1,0,0,0
1471,735000,-647,19,33,-59,6,-7,0,1,0,0,0,0,0,0,1,0,0,0
1472,735500,-742,19,33,-65,6,-6,0,1,0,0,0,0,0,0,1,0,0,0
1473,736000,-812,21,32,-71,8,-7,0,1,0,0,0,0,0,0,1,0,0,0
1474,736500,-868,19,31,-73,9,-7,0,1,0,0,0,0,0,0,1,0,0,0
1475,737000,-894,21,31,-73,8,-7,0,1,0,0,0,0,0,0,1,0,0,0
1476,737500,-898,19,31,-72,6,-8,0,1,0,0,0,0,0,0,1,0,0,0
1477,738000,-884,19,31,-69,6,-8,0,1,0,0,0,0,0,0,1,0,0,0
1478,738500,-847,19,31,-64,8,-7,0,1,0,0,0,0,0,0,1,0,0,0
1479,739000,-794,21,31,-59,8,-7,0,1,0,0,0,0,0,0,1,0,0,0
1480,739500,-709,19,33,-52,7,-7,0,1,0,0,0,0,0,0,1,0,0,0
1481,740000,-613,20,31,-44,7,-8,0,1,0,0,0,0,0,0,1,0,0,0
1482,740500,-500,20,31,-32,8,-8,0,1,0,0,0,0,0,0,1,0,0,0
1483,741000,-378,20,31,-20,8,-7,0,1,0,0,0,0,0,0,1,0,0,0
1484,741500,-242,19,31,-7,9,-7,0,1,0,0,0,0,0,0,1,0,0,0
1485,742000,-86,21,31,7,9,-7,0,1,0,0,0,0,0,0,1,0,0,0
1486,742500,56,19,31,21,7,-8,0,1,0,0,0,0,0,0,1,0,0,0
1487,743000,195,19,32,37,8,-7,0,1,0,0,0,0,0,0,1,0,0,0
1488,743500,312,20,33,51,9,-7,0,1,0,0,0,0,0,0,1,0,0,0
1489,744000,440,20,31,65,9,-7,0,1,0,0,0,0,0,0,1,0,0,0
1490,744500,558,19,31,74,9,-7,0,1,0,0,0,0,0,0,1,0,0,0
1491,745000,664,18,31,83,7,-7,0,1,0,0,0,0,0,0,1,0,0,0
1492,745500,752,20,33,89,9,-6,0,1,0,0,0,0,0,0,1,0,0,0
1493,746000,824,19,33,94,8,-6,0,1,0,0,0,0,0,0,1,0,0,0
1494,746500,874,20,33,96,9,-6,0,1,0,0,0,0,0,0,1,0,0,0
