1,0,80,20,31,11,9,-7,0,1,0,0,0,0,0,0,0,0,0,0
2,500,1,18,32,12,9,-7,0,1,0,0,0,0,0,0,0,0,0,0
3,1000,-78,18,31,12,8,-7,0,1,0,0,0,0,0,0,0,0,0,0
4,1500,-150,18,32,12,9,-6,0,1,0,0,0,0,0,0,0,0,0,0
5,2000,-240,19,31,12,8,-7,0,1,0,0,0,0,0,0,0,0,0,0
6,2500,-304,18,32,12,9,-7,0,1,0,0,0,0,0,0,0,0,0,0
7,3000,-361,18,31,12,9,-7,0,1,0,0,0,0,0,0,0,0,0,0
8,3500,-408,19,31,15,8,-7,0,1,0,0,0,0,0,0,0,0,0,0
9,4000,-447,20,31,14,9,-7,0,1,0,0,0,0,0,0,0,0,0,0
10,4500,-473,21,31,14,8,-7,0,1,0,0,0,0,0,0,0,0,0,0
11,5000,-491,19,31,15,7,-8,0,1,0,0,0,0,0,0,0,0,0,0
12,5500,-491,18,30,14,8,-8,0,1,0,0,0,0,0,0,0,0,0,0
13,6000,-476,19,30,15,6,-8,0,1,0,0,0,0,0,0,0,0,0,0
14,6500,-456,19,31,15,6,-7,0,1,0,0,0,0,0,0,0,0,0,0
15,7000,-421,18,30,14,8,-8,0,1,0,0,0,0,0,0,0,0,0,0
16,7500,-378,19,30,14,6,-8,0,1,0,0,0,0,0,0,0,0,0,0
17,8000,-322,18,32,13,9,-6,0,1,0,0,0,0,0,0,0,0,0,0
18,8500,-258,19,31,14,8,-7,0,1,0,0,0,0,0,0,0,0,0,0
19,9000,-189,18,30,13,6,-7,0,1,0,0,0,0,0,0,0,0,0,0
20,9500,-98,19,31,14,8,-7,0,1,0,0,0,0,0,0,0,0,0,0
21,10000,-19,20,31,12,9,-7,0,1,0,0,0,0,0,0,0,0,0,0
22,10500,59,19,31,12,8,-7,0,1,0,0,0,0,0,0,0,0,0,0
23,11000,134,18,30,12,8,-8,0,1,0,0,0,0,0,0,0,0,0,0
24,11500,209,19,30,9,8,-8,0,1,0,0,0,0,0,0,0,0,0,0
25,12000,280,18,31,8,7,-7,0,1,0,0,0,0,0,0,0,0,0,0
26,12500,324,18,31,9,6,-6,0,1,0,0,0,0,0,0,0,0,0,0
27,13000,382,18,31,11,8,-7,0,1,0,0,0,0,0,0,0,0,0,0
28,13500,428,19,30,11,8,-7,0,1,0,0,0,0,0,0,0,0,0,0
29,14000,462,19,31,11,9,-7,0,1,0,0,0,0,0,0,0,0,0,0
30,14500,487,18,31,9,8,-6,0,1,0,0,0,0,0,0,0,0,0,0
31,15000,501,18,30,9,8,-7,0,1,0,0,0,0,0,0,0,0,0,0
32,15500,503,18,30,9,6,-8,0,1,0,0,0,0,0,0,0,0,0,0
33,16000,493,19,30,9,8,-8,0,1,0,0,0,0,0,0,0,0,0,0
34,16500,471,19,31,9,8,-7,0,1,0,0,0,0,0,0,0,0,0,0
35,17000,436,18,30,9,8,-7,0,1,0,0,0,0,0,0,0,0,0,0
36,17500,393,19,30,11,8,-8,0,1,0,0,0,0,0,0,0,0,0,0
37,18000,339,18,31,9,8,-7,0,1,0,0,0,0,0,0,0,0,0,0
38,18500,278,19,31,9,9,-7,0,1,0,0,0,0,0,0,0,0,0,0
39,19000,227,19,31,9,8,-8,0,1,0,0,0,0,0,0,0,0,0,0
40,19500,155,18,30,11,6,-8,0,1,0,0,0,0,0,0,0,0,0,0
41,20000,76,18,30,11,8,-8,0,1,0,0,0,0,0,0,0,0,0,0
42,20500,-3,19,30,12,6,-8,0,1,0,0,0,0,0,0,0,0,0,0
43,21000,-78,18,32,12,9,-7,0,1,0,0,0,0,0,0,0,0,0,0
44,21500,-156,18,31,12,8,-7,0,1,0,0,0,0,0,0,0,0,0,0
45,22000,-242,19,31,14,8,-7,0,1,0,0,0,0,0,0,0,0,0,0
46,22500,-309,18,31,13,9,-6,0,1,0,0,0,0,0,0,0,0,0,0
47,23000,-362,19,30,14,8,-7,0,1,0,0,0,0,0,0,0,0,0,0
48,23500,-413,18,30,13,6,-8,0,1,0,0,0,0,0,0,0,0,0,0
49,24000,-447,18,31,12,8,-7,0,1,0,0,0,0,0,0,0,0,0,0
50,24500,-473,18,31,14,7,-8,0,1,0,0,0,0,0,0,0,0,0,0
51,25000,-491,19,30,14,8,-8,0,1,0,0,0,0,0,0,0,0,0,0
52,25500,-491,18,31,14,9,-7,0,1,0,0,0,0,0,0,0,0,0,0
53,26000,-476,19,31,15,8,-7,0,1,0,0,0,0,0,0,0,0,0,0
54,26500,-456,19,31,15,6,-7,0,1,0,0,0,0,0,0,0,0,0,0
55,27000,-421,18,30,14,6,-8,0,1,0,0,0,0,0,0,0,0,0,0
56,27500,-374,18,30,14,6,-7,0,1,0,0,0,0,0,0,0,0,0,0
57,28000,-319,19,31,14,6,-8,0,1,0,0,0,0,0,0,0,0,0,0
58,28500,-257,18,31,13,8,-7,0,1,0,0,0,0,0,0,0,0,0,0
59,29000,-169,20,31,12,8,-7,0,1,0,0,0,0,0,0,0,0,0,0
60,29500,-94,20,31,12,9,-7,0,1,0,0,0,0,0,0,0,0,0,0
61,30000,-17,19,30,12,7,-7,0,1,0,0,0,0,0,0,0,0,0,0
62,30500,62,18,31,11,6,-8,0,1,0,0,0,0,0,0,0,0,0,0
63,31000,139,20,31,11,9,-7,0,1,0,0,0,0,0,0,0,0,0,0
64,31500,212,18,30,9,8,-7,0,1,0,0,0,0,0,0,0,0,0,0
65,32000,282,18,31,8,6,-7,0,1,0,0,0,0,0,0,0,0,0,0
66,32500,324,19,31,11,8,-7,0,1,0,0,0,0,0,0,0,0,0,0
67,33000,383,18,30,11,8,-8,0,1,0,0,0,0,0,0,0,0,0,0
68,33500,428,20,31,9,9,-7,0,1,0,0,0,0,0,0,0,0,0,0
69,34000,462,18,30,9,8,-8,0,1,0,0,0,0,0,0,0,0,0,0
70,34500,488,19,31,9,9,-8,0,1,0,0,0,0,0,0,0,0,0,0
71,35000,500,18,32,9,8,-7,0,1,0,0,0,0,0,0,0,0,0,0
72,35500,503,18,31,9,6,-8,0,1,0,0,0,0,0,0,0,0,0,0
73,36000,493,19,30,9,8,-8,0,1,0,0,0,0,0,0,0,0,0,0
74,36500,470,18,30,9,8,-8,0,1,0,0,0,0,0,0,0,0,0,0
75,37000,436,18,30,9,8,-8,0,1,0,0,0,0,0,0,0,0,0,0
76,37500,393,18,30,9,6,-8,0,1,0,0,0,0,0,0,0,0,0,0
77,38000,337,20,31,9,9,-7,0,1,0,0,0,0,0,0,0,0,0,0
78,38500,275,20,31,9,9,-7,0,1,0,0,0,0,0,0,0,0,0,0
79,39000,226,20,31,9,9,-7,0,1,0,0,0,0,0,0,0,0,0,0
80,39500,151,18,31,11,8,-7,0,1,0,0,0,0,0,0,0,0,0,0
81,40000,74,18,30,12,8,-8,0,1,0,0,0,0,0,0,0,0,0,0
82,40500,-4,19,31,12,8,-7,0,1,0,0,0,0,0,0,0,0,0,0
83,41000,-84,18,30,12,8,-7,0,1,0,0,0,0,0,0,0,0,0,0
84,41500,-158,18,31,14,8,-8,0,1,0,0,0,0,0,0,0,0,0,0
85,42000,-248,18,31,13,8,-7,0,1,0,0,0,0,0,0,0,0,0,0
86,42500,-309,20,31,12,9,-7,0,1,0,0,0,0,0,0,0,0,0,0
87,43000,-364,18,31,14,7,-8,0,1,0,0,0,0,0,0,0,0,0,0
88,43500,-413,18,32,14,9,-7,0,1,0,0,0,0,0,0,0,0,0,0
89,44000,-447,18,33,13,9,-6,0,1,0,0,0,0,0,0,0,0,0,0
90,44500,-473,18,31,14,7,-7,0,1,0,0,0,0,0,0,0,0,0,0
91,45000,-491,18,30,15,6,-8,0,1,0,0,0,0,0,0,0,0,0,0
92,45500,-491,19,31,15,6,-8,0,1,0,0,0,0,0,0,0,0,0,0
93,46000,-482,18,32,14,9,-7,0,1,0,0,0,0,0,0,0,0,0,0
94,46500,-460,20,31,14,9,-7,0,1,0,0,0,0,0,0,0,0,0,0
95,47000,-421,19,31,15,8,-7,0,1,0,0,0,0,0,0,0,0,0,0
96,47500,-378,19,31,15,6,-7,0,1,0,0,0,0,0,0,0,0,0,0
97,48000,-322,20,31,13,8,-7,0,1,0,0,0,0,0,0,0,0,0,0
98,48500,-257,19,31,14,8,-7,0,1,0,0,0,0,0,0,0,0,0,0
99,49000,-170,18,30,13,8,-8,0,1,0,0,0,0,0,0,0,0,0,0
100,49500,-94,20,31,12,9,-7,0,1,0,0,0,0,0,0,0,0,0,0
101,50000,-14,18,31,12,9,-7,0,1,0,0,0,0,0,0,0,0,0,0
102,50500,65,18,31,12,8,-8,0,1,0,0,0,0,0,0,0,0,0,0
103,51000,142,19,31,12,9,-7,0,1,0,0,0,0,0,0,0,0,0,0
104,51500,215,19,30,9,8,-7,0,1,0,0,0,0,0,0,0,0,0,0
105,52000,285,19,30,9,8,-8,0,1,0,0,0,0,0,0,0,0,0,0
106,52500,331,19,31,11,8,-7,0,1,0,0,0,0,0,0,0,0,0,0
107,53000,388,18,30,9,7,-8,0,1,0,0,0,0,0,0,0,0,0,0
108,53500,435,19,31,11,8,-7,0,1,0,0,0,0,0,0,0,0,0,0
109,54000,469,19,30,9,8,-8,0,1,0,0,0,0,0,0,0,0,0,0
110,54500,493,18,30,9,8,-8,0,1,0,0,0,0,0,0,0,0,0,0
111,55000,505,18,30,9,8,-8,0,1,0,0,0,0,0,0,0,0,0,0
112,55500,508,20,31,9,9,-7,0,1,0,0,0,0,0,0,0,0,0,0
113,56000,497,19,31,9,9,-7,0,1,0,0,0,0,0,0,0,0,0,0
114,56500,475,18,31,9,7,-8,0,1,0,0,0,0,0,0,0,0,0,0
115,57000,440,18,31,9,6,-7,0,1,0,0,0,0,0,0,0,0,0,0
116,57500,393,18,30,9,7,-7,0,1,0,0,0,0,0,0,0,0,0,0
117,58000,339,19,31,11,8,-7,0,1,0,0,0,0,0,0,0,0,0,0
118,58500,277,19,31,11,8,-7,0,1,0,0,0,0,0,0,0,0,0,0
119,59000,225,19,31,9,9,-7,0,1,0,0,0,0,0,0,0,0,0,0
120,59500,150,20,31,9,9,-7,0,1,0,0,0,0,0,0,0,0,0,0
121,60000,71,18,30,12,8,-7,0,1,0,0,0,0,0,0,0,0,0,0
122,60500,-8,19,31,12,6,-7,0,1,0,0,0,0,0,0,0,0,0,0
123,61000,-86,20,31,12,8,-7,0,1,0,0,0,0,0,0,0,0,0,0
124,61500,-159,18,33,12,9,-7,0,1,0,0,0,0,0,0,0,0,0,0
125,62000,-249,18,31,12,7,-8,0,1,0,0,0,0,0,0,0,0,0,0
126,62500,-317,19,31,12,7,-7,0,1,0,0,0,0,0,0,0,0,0,0
127,63000,-369,18,30,12,6,-7,0,1,0,0,0,0,0,0,0,0,0,0
128,63500,-417,19,31,12,8,-7,0,1,0,0,0,0,0,0,0,0,0,0
129,64000,-456,18,30,14,8,-8,0,1,0,0,0,0,0,0,0,0,0,0
130,64500,-482,20,31,13,8,-7,0,1,0,0,0,0,0,0,0,0,0,0
131,65000,-491,18,30,15,7,-7,0,1,0,0,0,0,0,0,0,0,0,0
132,65500,-492,19,30,15,6,-8,0,1,0,0,0,0,0,0,0,0,0,0
133,66000,-482,18,30,14,8,-8,0,1,0,0,0,0,0,0,0,0,0,0
134,66500,-456,18,30,14,6,-8,0,1,0,0,0,0,0,0,0,0,0,0
135,67000,-421,19,31,15,7,-7,0,1,0,0,0,0,0,0,0,0,0,0
136,67500,-378,19,31,13,6,-7,0,1,0,0,0,0,0,0,0,0,0,0
137,68000,-319,18,31,12,6,-8,0,1,0,0,0,0,0,0,0,0,0,0
138,68500,-257,19,31,14,8,-8,0,1,0,0,0,0,0,0,0,0,0,0
139,69000,-169,18,30,14,7,-8,0,1,0,0,0,0,0,0,0,0,0,0
140,69500,-91,20,31,13,8,-7,0,1,0,0,0,0,0,0,0,0,0,0
141,70000,-14,21,31,12,9,-7,0,1,0,0,0,0,0,0,0,0,0,0
142,70500,68,18,30,12,7,-7,0,1,0,0,0,0,0,0,0,0,0,0
143,71000,145,19,31,9,9,-7,0,1,0,0,0,0,0,0,0,0,0,0
144,71500,218,18,30,11,8,-7,0,1,0,0,0,0,0,0,0,0,0,0
145,72000,287,19,31,9,8,-7,0,1,0,0,0,0,0,0,0,0,0,0
146,72500,332,21,31,9,9,-7,0,1,0,0,0,0,0,0,0,0,0,0
147,73000,389,18,30,9,8,-11,0,1,0,0,0,0,0,0,0,0,0,0
148,73500,436,18,33,9,8,-8,0,1,0,0,0,0,0,0,0,0,0,0
149,74000,470,19,31,9,6,-7,0,1,0,0,0,0,0,0,0,0,0,0
150,74500,493,20,31,9,14,-7,0,1,0,0,0,0,0,0,0,0,0,0
151,75000,505,19,34,9,10,-7,0,1,0,0,0,0,0,0,0,0,0,0
152,75500,508,20,32,9,8,-9,0,1,0,0,0,0,0,0,0,0,0,0
153,76000,497,19,31,15,9,-8,0,1,0,0,0,0,0,0,0,0,0,0
154,76500,474,16,31,10,8,-7,0,1,0,0,0,0,0,0,0,0,0,0
155,77000,436,18,31,9,9,-7,0,1,0,0,0,0,0,0,0,0,0,0
156,77500,392,20,33,9,9,-7,0,1,0,0,0,0,0,0,0,0,0,0
157,78000,337,18,33,9,7,-6,0,1,0,0,0,0,0,0,0,0,0,0
158,78500,292,19,31,9,8,-7,0,1,0,0,0,0,0,0,0,0,0,0
159,79000,224,18,32,9,7,-7,0,1,0,0,0,0,0,0,0,0,0,0
160,79500,147,19,31,11,8,-7,0,1,0,0,0,0,0,0,0,0,0,0
161,80000,68,19,31,12,8,-7,0,1,0,0,0,0,0,0,0,0,0,0
162,80500,-9,19,31,12,8,-7,0,1,0,0,0,0,0,0,0,0,0,0
163,81000,-87,20,31,12,8,-7,0,1,0,0,0,0,0,0,0,0,0,0
164,81500,-162,18,32,12,9,-7,0,1,0,0,0,0,0,0,0,0,0,0
165,82000,-252,18,33,12,9,-6,0,1,0,0,0,0,0,0,0,0,0,0
166,82500,-317,19,31,12,8,-7,0,1,0,0,0,0,0,0,0,0,0,0
167,83000,-374,18,31,14,7,-8,0,1,0,0,0,0,0,0,0,0,0,0
168,83500,-421,19,31,15,6,-7,0,1,0,0,0,0,0,0,0,0,0,0
169,84000,-456,19,32,13,9,-7,0,1,0,0,0,0,0,0,0,0,0,0
170,84500,-482,19,31,14,7,-7,0,1,0,0,0,0,0,0,0,0,0,0
171,85000,-495,18,33,14,9,-7,0,1,0,0,0,0,0,0,0,0,0,0
172,85500,-491,18,31,15,7,-8,0,1,0,0,0,0,0,0,0,0,0,0
173,86000,-482,18,31,13,8,-7,0,1,0,0,0,0,0,0,0,0,0,0
174,86500,-456,19,31,15,8,-7,0,1,0,0,0,0,0,0,1,0,0,0
175,87000,-421,18,30,13,6,-8,0,1,0,0,0,0,0,0,1,0,0,0
176,87500,-378,20,31,14,9,-7,0,1,0,0,0,0,0,0,1,0,0,0
177,88000,-317,18,30,13,7,-8,0,1,0,0,0,0,0,0,1,0,0,0
178,88500,-257,19,31,14,8,-7,0,1,0,0,0,0,0,0,1,0,0,0
179,89000,-167,22,31,13,9,-7,0,1,0,0,0,0,0,0,1,0,0,0
180,89500,-91,19,30,12,8,-7,0,1,0,0,0,0,0,0,1,0,0,0
181,90000,-10,19,31,14,8,-7,0,1,0,0,0,0,0,0,1,0,0,0
182,90500,68,18,30,13,7,-8,0,1,0,0,0,0,0,0,1,0,0,0
183,91000,147,20,31,12,9,-7,0,1,0,0,0,0,0,0,1,0,0,0
184,91500,220,18,31,11,8,-7,0,1,0,0,0,0,0,0,1,0,0,0
185,92000,290,20,31,9,9,-7,0,1,0,0,0,0,0,0,1,0,0,0
186,92500,336,19,30,12,7,-8,0,1,0,0,0,0,0,0,1,0,0,0
187,93000,391,19,31,12,8,-8,0,1,0,0,0,0,0,0,1,0,0,0
188,93500,436,18,31,12,7,-8,0,1,0,0,0,0,0,0,1,0,0,0
189,94000,471,19,31,12,8,-7,0,1,0,0,0,0,0,0,1,0,0,0
190,94500,494,20,31,11,9,-6,0,1,0,0,0,0,0,0,1,0,0,0
191,95000,505,18,32,9,7,-7,0,1,0,0,0,0,0,0,1,0,0,0
192,95500,508,20,31,11,8,-7,0,1,0,0,0,0,0,0,1,0,0,0
193,96000,496,18,30,11,7,-8,0,1,0,0,0,0,0,0,1,0,0,0
194,96500,471,19,31,11,8,-7,0,1,0,0,0,0,0,0,1,0,0,0
195,97000,436,19,31,12,8,-7,0,1,0,0,0,0,0,0,1,0,0,0
196,97500,391,19,31,12,8,-7,0,1,0,0,0,0,0,0,1,0,0,0
197,98000,335,18,31,11,8,-8,0,1,0,0,0,0,0,0,1,0,0,0
198,98500,290,18,30,9,8,-8,0,1,0,0,0,0,0,0,1,0,0,0
199,99000,221,19,31,12,9,-7,0,1,0,0,0,0,0,0,1,0,0,0
200,99500,144,18,30,12,8,-7,0,1,0,0,0,0,0,0,1,0,0,0
201,100000,67,19,31,14,9,-7,0,1,0,0,0,0,0,0,1,0,0,0
202,100500,-11,19,32,14,9,-6,0,1,0,0,0,0,0,0,1,0,0,0
203,101000,-89,20,31,15,9,-7,0,1,0,0,0,0,0,0,1,0,0,0
204,101500,-164,21,31,16,8,-7,0,1,0,0,0,0,0,0,1,0,0,0
205,102000,-257,19,31,16,8,-7,0,1,0,0,0,0,0,0,1,0,0,0
206,102500,-317,18,31,15,9,-6,0,1,0,0,0,0,0,0,1,0,0,0
207,103000,-374,20,31,15,9,-6,0,1,0,0,0,0,0,0,1,0,0,0
208,103500,-421,19,30,16,8,-7,0,1,0,0,0,0,0,0,1,0,0,0
209,104000,-456,20,31,16,9,-7,0,1,0,0,0,0,0,0,1,0,0,0
210,104500,-482,20,31,17,8,-7,0,1,0,0,0,0,0,0,1,0,0,0
211,105000,-491,19,31,16,7,-8,0,1,0,0,0,0,0,0,1,0,0,0
212,105500,-491,18,31,16,6,-8,0,1,0,0,0,0,0,0,1,0,0,0
213,106000,-482,19,31,16,6,-7,0,1,0,0,0,0,0,0,1,0,0,0
214,106500,-457,19,30,16,6,-8,0,1,0,0,0,0,0,0,1,0,0,0
215,107000,-421,18,31,15,9,-7,0,1,0,0,0,0,0,0,1,0,0,0
216,107500,-374,18,31,15,7,-7,0,1,0,0,0,0,0,0,1,0,0,0
217,108000,-317,18,30,15,8,-8,0,1,0,0,0,0,0,0,1,0,0,0
218,108500,-252,18,30,15,6,-8,0,1,0,0,0,0,0,0,1,0,0,0
219,109000,-162,20,31,15,8,-7,0,1,0,0,0,0,0,0,1,0,0,0
220,109500,-86,20,31,13,9,-7,0,1,0,0,0,0,0,0,1,0,0,0
221,110000,-7,19,31,12,9,-6,0,1,0,0,0,0,0,0,1,0,0,0
222,110500,71,19,31,14,8,-7,0,1,0,0,0,0,0,0,1,0,0,0
223,111000,149,19,31,13,8,-7,0,1,0,0,0,0,0,0,1,0,0,0
224,111500,223,20,31,9,9,-7,0,1,0,0,0,0,0,0,1,0,0,0
225,112000,291,18,31,9,7,-7,0,1,0,0,0,0,0,0,1,0,0,0
226,112500,337,18,31,12,8,-7,0,1,0,0,0,0,0,0,1,0,0,0
227,113000,392,18,30,11,7,-7,0,1,0,0,0,0,0,0,1,0,0,0
228,113500,436,18,31,11,7,-8,0,1,0,0,0,0,0,0,1,0,0,0
229,114000,471,19,31,11,9,-7,0,1,0,0,0,0,0,0,1,0,0,0
230,114500,494,18,31,9,8,-8,0,1,0,0,0,0,0,0,1,0,0,0
231,115000,505,18,31,9,6,-7,0,1,0,0,0,0,0,0,1,0,0,0
232,115500,508,18,32,9,7,-7,0,1,0,0,0,0,0,0,1,0,0,0
233,116000,496,19,31,11,8,-7,0,1,0,0,0,0,0,0,1,0,0,0
234,116500,471,18,32,9,7,-6,0,1,0,0,0,0,0,0,1,0,0,0
235,117000,436,19,31,11,8,-6,0,1,0,0,0,0,0,0,1,0,0,0
236,117500,390,18,30,11,8,-7,0,1,0,0,0,0,0,0,1,0,0,0
237,118000,332,18,30,11,8,-7,0,1,0,0,0,0,0,0,1,0,0,0
238,118500,289,18,32,9,6,-7,0,1,0,0,0,0,0,0,1,0,0,0
239,119000,218,18,31,9,6,-7,0,1,0,0,0,0,0,0,1,0,0,0
240,119500,144,18,31,11,6,-8,0,1,0,0,0,0,0,0,1,0,0,0
241,120000,65,18,30,12,6,-8,0,1,0,0,0,0,0,0,1,0,0,0
242,120500,-14,21,31,12,8,-7,0,1,0,0,0,0,0,0,1,0,0,0
243,121000,-94,19,31,14,8,-7,0,1,0,0,0,0,0,0,1,0,0,0
244,121500,-169,19,31,13,8,-7,0,1,0,0,0,0,0,0,1,0,0,0
245,122000,-257,19,30,14,7,-7,0,1,0,0,0,0,0,0,1,0,0,0
246,122500,-322,20,31,13,8,-7,0,1,0,0,0,0,0,0,1,0,0,0
247,123000,-378,19,31,14,7,-7,0,1,0,0,0,0,0,0,1,0,0,0
248,123500,-421,19,31,15,6,-7,0,1,0,0,0,0,0,0,1,0,0,0
249,124000,-456,19,30,15,8,-7,0,1,0,0,0,0,0,0,1,0,0,0
250,124500,-482,19,31,14,8,-7,0,1,0,0,0,0,0,0,1,0,0,0
251,125000,-491,19,31,15,8,-7,0,1,0,0,0,0,0,0,1,0,0,0
252,125500,-491,18,32,14,9,-6,0,1,0,0,0,0,0,0,1,0,0,0
253,126000,-482,18,31,15,7,-8,0,1,0,0,0,0,0,0,1,0,0,0
254,126500,-456,19,30,15,6,-8,0,1,0,0,0,0,0,0,1,0,0,0
255,127000,-417,21,31,13,8,-7,0,1,0,0,0,0,0,0,1,0,0,0
256,127500,-370,19,30,14,8,-8,0,1,0,0,0,0,0,0,1,0,0,0
257,128000,-317,20,31,13,8,-7,0,1,0,0,0,0,0,0,1,0,0,0
258,128500,-249,19,31,14,7,-7,0,1,0,0,0,0,0,0,1,0,0,0
259,129000,-159,18,31,13,8,-7,0,1,0,0,0,0,0,0,1,0,0,0
260,129500,-85,18,30,12,8,-8,0,1,0,0,0,0,0,0,1,0,0,0
261,130000,-6,18,30,12,6,-8,0,1,0,0,0,0,0,0,1,0,0,0
262,130500,75,18,30,12,6,-8,0,1,0,0,0,0,0,0,1,0,0,0
263,131000,152,19,31,12,8,-7,0,1,0,0,0,0,0,0,1,0,0,0
264,131500,224,18,33,9,8,-7,0,1,0,0,0,0,0,0,1,0,0,0
265,132000,295,20,32,8,9,-7,0,1,0,0,0,0,0,0,1,0,0,0
266,132500,339,19,31,9,9,-7,0,1,0,0,0,0,0,0,1,0,0,0
267,133000,393,20,31,9,9,-7,0,1,0,0,0,0,0,0,1,0,0,0
268,133500,439,18,31,9,7,-7,0,1,0,0,0,0,0,0,1,0,0,0
269,134000,471,18,32,9,6,-7,0,1,0,0,0,0,0,0,1,0,0,0
270,134500,496,19,31,9,8,-7,0,1,0,0,0,0,0,0,1,0,0,0
271,135000,505,18,30,9,6,-8,0,1,0,0,0,0,0,0,1,0,0,0
272,135500,505,18,30,9,6,-8,0,1,0,0,0,0,0,0,1,0,0,0
273,136000,495,18,32,9,7,-7,0,1,0,0,0,0,0,0,1,0,0,0
274,136500,470,20,31,9,9,-7,0,1,0,0,0,0,0,0,1,0,0,0
275,137000,435,18,32,9,7,-7,0,1,0,0,0,0,0,0,1,0,0,0
276,137500,389,19,31,11,8,-7,0,1,0,0,0,0,0,0,1,0,0,0
277,138000,332,18,32,9,6,-7,0,1,0,0,0,0,0,0,1,0,0,0
278,138500,286,19,31,9,8,-7,0,1,0,0,0,0,0,0,1,0,0,0
279,139000,215,19,31,9,8,-7,0,1,0,0,0,0,0,0,1,0,0,0
280,139500,140,18,30,9,7,-8,0,1,0,0,0,0,0,0,1,0,0,0
281,140000,62,19,31,11,8,-7,0,1,0,0,0,0,0,0,1,0,0,0
282,140500,-17,19,30,12,7,-8,0,1,0,0,0,0,0,0,1,0,0,0
283,141000,-94,18,31,12,8,-7,0,1,0,0,0,0,0,0,1,0,0,0
284,141500,-170,18,30,12,7,-8,0,1,0,0,0,0,0,0,1,0,0,0
285,142000,-257,19,30,12,6,-8,0,1,0,0,0,0,0,0,1,0,0,0
286,142500,-322,20,31,12,8,-7,0,1,0,0,0,0,0,0,1,0,0,0
287,143000,-378,18,31,12,9,-7,0,1,0,0,0,0,0,0,1,0,0,0
288,143500,-421,20,31,12,9,-7,0,1,0,0,0,0,0,0,1,0,0,0
289,144000,-456,19,31,15,8,-7,0,1,0,0,0,0,0,0,1,0,0,0
290,144500,-482,19,30,15,6,-8,0,1,0,0,0,0,0,0,1,0,0,0
291,145000,-492,19,31,15,8,-7,0,1,0,0,0,0,0,0,1,0,0,0
292,145500,-495,19,31,14,8,-7,0,1,0,0,0,0,0,0,1,0,0,0
293,146000,-482,20,31,13,8,-7,0,1,0,0,0,0,0,0,1,0,0,0
294,146500,-456,19,31,12,8,-7,0,1,0,0,0,0,0,0,1,0,0,0
295,147000,-417,20,31,12,8,-7,0,1,0,0,0,0,0,0,1,0,0,0
296,147500,-369,19,31,15,7,-8,0,1,0,0,0,0,0,0,1,0,0,0
297,148000,-312,19,31,15,8,-8,0,1,0,0,0,0,0,0,1,0,0,0
298,148500,-248,18,31,13,8,-8,0,1,0,0,0,0,0,0,1,0,0,0
299,149000,-158,20,31,12,8,-7,0,1,0,0,0,0,0,0,1,0,0,0
300,149500,-81,20,31,12,9,-7,0,1,0,0,0,0,0,0,1,0,0,0
301,150000,-5,20,31,12,9,-7,0,1,0,0,0,0,0,0,1,0,0,0
302,150500,75,19,31,12,8,-7,0,1,0,0,0,0,0,0,1,0,0,0
303,151000,155,18,32,9,8,-7,0,1,0,0,0,0,0,0,1,0,0,0
304,151500,226,18,31,9,6,-6,0,1,0,0,0,0,0,0,1,0,0,0
305,152000,296,20,31,8,8,-7,0,1,0,0,0,0,0,0,1,0,0,0
306,152500,341,20,31,9,9,-7,0,1,0,0,0,0,0,0,1,0,0,0
307,153000,396,18,30,9,7,-8,0,1,0,0,0,0,0,0,1,0,0,0
308,153500,441,19,31,9,8,-8,0,1,0,0,0,0,0,0,1,0,0,0
309,154000,474,19,31,9,8,-7,0,1,0,0,0,0,0,0,1,0,0,0
310,154500,496,18,31,9,7,-8,0,1,0,0,0,0,0,0,1,0,0,0
311,155000,505,19,31,9,8,-7,0,1,0,0,0,0,0,0,1,0,0,0
312,155500,505,18,30,9,8,-8,0,1,0,0,0,0,0,0,1,0,0,0
313,156000,495,18,31,9,6,-7,0,1,0,0,0,0,0,0,1,0,0,0
314,156500,470,18,31,9,6,-7,0,1,0,0,0,0,0,0,1,0,0,0
315,157000,434,18,31,9,6,-7,0,1,0,0,0,0,0,0,1,0,0,0
316,157500,384,18,30,9,8,-7,0,1,0,0,0,0,0,0,1,0,0,0
317,158000,331,19,31,11,8,-7,0,1,0,0,0,0,0,0,1,0,0,0
318,158500,284,18,31,9,6,-8,0,1,0,0,0,0,0,0,1,0,0,0
319,159000,215,18,31,9,8,-7,0,1,0,0,0,0,0,0,1,0,0,0
320,159500,139,20,31,9,9,-7,0,1,0,0,0,0,0,0,1,0,0,0
321,160000,61,18,30,11,7,-8,0,1,0,0,0,0,0,0,1,0,0,0
322,160500,-19,18,30,12,6,-8,0,1,0,0,0,0,0,0,1,0,0,0
323,161000,-98,18,30,12,6,-8,0,1,0,0,0,0,0,0,1,0,0,0
324,161500,-172,19,30,12,8,-9,0,1,0,0,0,0,0,0,1,0,0,0
325,162000,-258,18,30,12,6,-8,0,1,0,0,0,0,0,0,1,0,0,0
326,162500,-326,18,30,12,6,-8,0,1,0,0,0,0,0,0,1,0,0,0
327,163000,-378,18,30,14,6,-8,0,1,0,0,0,0,0,0,1,0,0,0
328,163500,-422,18,30,14,6,-8,0,1,0,0,0,0,0,0,1,0,0,0
329,164000,-457,18,30,14,6,-8,0,1,0,0,0,0,0,0,1,0,0,0
330,164500,-482,20,31,13,8,-7,0,1,0,0,0,0,0,0,1,0,0,0
331,165000,-492,19,30,15,6,-7,0,1,0,0,0,0,0,0,1,0,0,0
332,165500,-491,19,31,15,8,-8,0,1,0,0,0,0,0,0,1,0,0,0
333,166000,-477,19,31,15,8,-8,0,1,0,0,0,0,0,0,1,0,0,0
334,166500,-452,18,31,13,9,-7,0,1,0,0,0,0,0,0,1,0,0,0
335,167000,-417,18,31,14,7,-8,0,1,0,0,0,0,0,0,1,0,0,0
336,167500,-369,18,30,14,8,-8,0,1,0,0,0,0,0,0,1,0,0,0
337,168000,-309,20,31,13,9,-7,0,1,0,0,0,0,0,0,1,0,0,0
338,168500,-248,18,31,12,7,-8,0,1,0,0,0,0,0,0,1,0,0,0
339,169000,-156,19,31,12,8,-7,0,1,0,0,0,0,0,0,1,0,0,0
340,169500,-81,18,31,12,8,-7,0,1,0,0,0,0,0,0,1,0,0,0
341,170000,-1,18,30,12,8,-7,0,1,0,0,0,0,0,0,1,0,0,0
342,170500,78,18,30,12,6,-8,0,1,0,0,0,0,0,0,1,0,0,0
343,171000,156,19,31,12,8,-7,0,1,0,0,0,0,0,0,1,0,0,0
344,171500,230,20,31,9,9,-8,0,1,0,0,0,0,0,0,1,0,0,0
345,172000,298,20,31,8,9,-7,0,1,0,0,0,0,0,0,1,0,0,0
346,172500,341,18,30,9,8,-8,0,1,0,0,0,0,0,0,1,0,0,0
347,173000,397,19,31,9,9,-7,0,1,0,0,0,0,0,0,1,0,0,0
348,173500,442,19,31,9,8,-7,0,1,0,0,0,0,0,0,1,0,0,0
349,174000,474,18,31,9,8,-6,0,1,0,0,0,0,0,0,1,0,0,0
350,174500,496,19,31,9,9,-7,0,1,0,0,0,0,0,0,1,0,0,0
351,175000,505,19,30,9,8,-8,0,1,0,0,0,0,0,0,1,0,0,0
352,175500,505,18,30,9,7,-8,0,1,0,0,0,0,0,0,1,0,0,0
353,176000,494,18,32,9,8,-7,0,1,0,0,0,0,0,0,1,0,0,0
354,176500,469,19,31,9,9,-7,0,1,0,0,0,0,0,0,1,0,0,0
355,177000,432,18,30,9,7,-8,0,1,0,0,0,0,0,0,1,0,0,0
356,177500,384,18,33,9,6,-7,0,1,0,0,0,0,0,0,1,0,0,0
357,178000,329,20,32,9,8,-7,0,1,0,0,0,0,0,0,1,0,0,0
358,178500,283,19,31,9,8,-8,0,1,0,0,0,0,0,0,1,0,0,0
359,179000,211,18,31,9,6,-8,0,1,0,0,0,0,0,0,1,0,0,0
360,179500,135,19,31,9,9,-8,0,1,0,0,0,0,0,0,1,0,0,0
361,180000,58,18,30,12,7,-8,0,1,0,0,0,0,0,0,1,0,0,0
362,180500,-22,18,31,12,9,-7,0,1,0,0,0,0,0,0,1,0,0,0
363,181000,-100,19,31,14,8,-7,0,1,0,0,0,0,0,0,1,0,0,0
364,181500,-175,19,30,14,6,-8,0,1,0,0,0,0,0,0,1,0,0,0
365,182000,-265,18,31,13,8,-7,0,1,0,0,0,0,0,0,1,0,0,0
366,182500,-326,19,31,12,7,-8,0,1,0,0,0,0,0,0,1,0,0,0
367,183000,-379,19,30,14,6,-8,0,1,0,0,0,0,0,0,1,0,0,0
368,183500,-426,20,31,13,8,-8,0,1,0,0,0,0,0,0,1,0,0,0
369,184000,-459,19,30,14,8,-8,0,1,0,0,0,0,0,0,1,0,0,0
370,184500,-482,18,32,14,9,-7,0,1,0,0,0,0,0,0,1,0,0,0
371,185000,-495,18,31,13,9,-6,0,1,0,0,0,0,0,0,1,0,0,0
372,185500,-491,19,31,15,8,-7,0,1,0,0,0,0,0,0,1,0,0,0
373,186000,-478,20,31,13,9,-7,0,1,0,0,0,0,0,0,1,0,0,0
374,186500,-452,18,30,14,8,-8,0,1,0,0,0,0,0,0,1,0,0,0
375,187000,-413,18,30,14,6,-8,0,1,0,0,0,0,0,0,1,0,0,0
376,187500,-365,17,30,13,6,-8,0,1,0,0,0,0,0,0,1,0,0,0
377,188000,-309,19,31,14,8,-8,0,1,0,0,0,0,0,0,1,0,0,0
378,188500,-244,21,31,13,9,-7,0,1,0,0,0,0,0,0,1,0,0,0
379,189000,-153,18,31,14,7,-8,0,1,0,0,0,0,0,0,1,0,0,0
380,189500,-78,18,30,13,6,-8,0,1,0,0,0,0,0,0,1,0,0,0
381,190000,2,19,31,12,8,-8,0,1,0,0,0,0,0,0,1,0,0,0
382,190500,81,18,30,11,8,-8,0,1,0,0,0,0,0,0,1,0,0,0
383,191000,158,19,31,11,8,-8,0,1,0,0,0,0,0,0,1,0,0,0
384,191500,231,19,30,9,8,-8,0,1,0,0,0,0,0,0,1,0,0,0
385,192000,301,18,31,8,8,-7,0,1,0,0,0,0,0,0,1,0,0,0
386,192500,346,19,30,9,6,-7,0,1,0,0,0,0,0,0,1,0,0,0
387,193000,399,20,31,9,9,-7,0,1,0,0,0,0,0,0,1,0,0,0
388,193500,443,19,31,9,9,-7,0,1,0,0,0,0,0,0,1,0,0,0
389,194000,475,17,30,9,7,-8,0,1,0,0,0,0,0,0,1,0,0,0
390,194500,497,20,31,9,8,-7,0,1,0,0,0,0,0,0,1,0,0,0
391,195000,508,18,30,9,8,-8,0,1,0,0,0,0,0,0,1,0,0,0
392,195500,505,20,31,9,9,-7,0,1,0,0,0,0,0,0,1,0,0,0
393,196000,493,18,31,9,7,-7,0,1,0,0,0,0,0,0,1,0,0,0
394,196500,469,18,31,9,8,-8,0,1,0,0,0,0,0,0,1,0,0,0
395,197000,431,18,31,9,6,-7,0,1,0,0,0,0,0,0,1,0,0,0
396,197500,383,18,30,9,8,-7,0,1,0,0,0,0,0,0,1,0,0,0
397,198000,324,19,31,11,8,-7,0,1,0,0,0,0,0,0,1,0,0,0
398,198500,281,19,31,8,9,-7,0,1,0,0,0,0,0,0,1,0,0,0
399,199000,208,19,31,9,9,-7,0,1,0,0,0,0,0,0,1,0,0,0
400,199500,134,18,30,11,8,-8,0,1,0,0,0,0,0,0,1,0,0,0
401,200000,56,18,30,11,6,-8,0,1,0,0,0,0,0,0,1,0,0,0
402,200500,-23,20,31,12,8,-7,0,1,0,0,0,0,0,0,1,0,0,0
403,201000,-101,19,31,12,9,-7,0,1,0,0,0,0,0,0,1,0,0,0
404,201500,-175,18,31,12,9,-7,0,1,0,0,0,0,0,0,1,0,0,0
405,202000,-265,19,31,14,8,-7,0,1,0,0,0,0,0,0,1,0,0,0
406,202500,-326,19,31,15,8,-7,0,1,0,0,0,0,0,0,1,0,0,0
407,203000,-380,19,30,13,7,-7,0,1,0,0,0,0,0,0,1,0,0,0
408,203500,-426,19,28,14,6,-8,0,1,0,0,0,0,0,0,1,0,0,0
409,204000,-458,19,30,15,6,-7,0,1,0,0,0,0,0,0,1,0,0,0
410,204500,-486,18,30,14,8,-8,0,1,0,0,0,0,0,0,1,0,0,0
411,205000,-492,19,31,15,6,-8,0,1,0,0,0,0,0,0,1,0,0,0
412,205500,-491,18,31,14,8,-7,0,1,0,0,0,0,0,0,1,0,0,0
413,206000,-478,18,30,14,7,-8,0,1,0,0,0,0,0,0,1,0,0,0
414,206500,-452,18,30,14,8,-8,0,1,0,0,0,0,0,0,1,0,0,0
415,207000,-413,18,32,13,9,-7,0,1,0,0,0,0,0,0,1,0,0,0
416,207500,-363,18,31,12,9,-7,0,1,0,0,0,0,0,0,1,0,0,0
417,208000,-309,18,32,12,9,-7,0,1,0,0,0,0,0,0,1,0,0,0
418,208500,-240,18,33,12,9,-7,0,1,0,0,0,0,0,0,1,0,0,0
419,209000,-153,19,31,14,7,-7,0,1,0,0,0,0,0,0,1,0,0,0
420,209500,-75,18,30,13,6,-8,0,1,0,0,0,0,0,0,1,0,0,0
421,210000,3,18,30,12,6,-8,0,1,0,0,0,0,0,0,1,0,0,0
422,210500,84,18,30,11,6,-8,0,1,0,0,0,0,0,0,1,0,0,0
423,211000,159,18,30,11,6,-8,0,1,0,0,0,0,0,0,1,0,0,0
424,211500,234,18,33,9,6,-7,0,1,0,0,0,0,0,0,1,0,0,0
425,212000,302,20,32,8,9,-7,0,1,0,0,0,0,0,0,1,0,0,0
426,212500,346,19,31,9,9,-7,0,1,0,0,0,0,0,0,1,0,0,0
427,213000,401,18,31,9,7,-7,0,1,0,0,0,0,0,0,1,0,0,0
428,213500,444,18,31,9,6,-8,0,1,0,0,0,0,0,0,1,0,0,0
429,214000,475,19,31,9,8,-8,0,1,0,0,0,0,0,0,1,0,0,0
430,214500,497,19,31,9,9,-7,0,1,0,0,0,0,0,0,1,0,0,0
431,215000,508,20,31,9,9,-7,0,1,0,0,0,0,0,0,1,0,0,0
432,215500,505,19,30,9,8,-8,0,1,0,0,0,0,0,0,1,0,0,0
433,216000,493,18,32,9,6,-7,0,1,0,0,0,0,0,0,1,0,0,0
434,216500,467,18,31,9,6,-8,0,1,0,0,0,0,0,0,1,0,0,0
435,217000,430,18,30,9,6,-8,0,1,0,0,0,0,0,0,1,0,0,0
436,217500,382,18,30,9,6,-8,0,1,0,0,0,0,0,0,1,0,0,0
437,218000,324,19,31,9,8,-7,0,1,0,0,0,0,0,0,1,0,0,0
438,218500,278,18,31,9,7,-8,0,1,0,0,0,0,0,0,1,0,0,0
439,219000,208,17,31,9,8,-7,0,1,0,0,0,0,0,0,1,0,0,0
440,219500,131,18,32,9,7,-7,0,1,0,0,0,0,0,0,1,0,0,0
441,220000,52,19,31,12,6,-8,0,1,0,0,0,0,0,0,1,0,0,0
442,220500,-28,18,30,12,8,-8,0,1,0,0,0,0,0,0,1,0,0,0
443,221000,-106,19,30,12,6,-8,0,1,0,0,0,0,0,0,1,0,0,0
444,221500,-178,18,32,12,8,-7,0,1,0,0,0,0,0,0,1,0,0,0
445,222000,-265,20,31,12,8,-7,0,1,0,0,0,0,0,0,1,0,0,0
446,222500,-327,20,31,12,8,-7,0,1,0,0,0,0,0,0,1,0,0,0
447,223000,-382,20,31,12,8,-7,0,1,0,0,0,0,0,0,1,0,0,0
448,223500,-426,19,31,12,8,-7,0,1,0,0,0,0,0,0,1,0,0,0
449,224000,-460,21,31,14,8,-7,0,1,0,0,0,0,0,0,1,0,0,0
450,224500,-486,18,30,14,7,-7,0,1,0,0,0,0,0,0,1,0,0,0
451,225000,-495,21,31,13,8,-7,0,1,0,0,0,0,0,0,1,0,0,0
452,225500,-491,19,31,12,8,-7,0,1,0,0,0,0,0,0,1,0,0,0
453,226000,-474,19,31,15,8,-7,0,1,0,0,0,0,0,0,1,0,0,0
454,226500,-448,20,31,15,8,-8,0,1,0,0,0,0,0,0,1,0,0,0
455,227000,-413,19,31,13,9,-8,0,1,0,0,0,0,0,0,1,0,0,0
456,227500,-361,18,30,14,8,-8,0,1,0,0,0,0,0,0,1,0,0,0
457,228000,-309,18,30,14,7,-8,0,1,0,0,0,0,0,0,1,0,0,0
458,228500,-239,18,30,14,6,-8,0,1,0,0,0,0,0,0,1,0,0,0
459,229000,-148,20,31,13,8,-7,0,1,0,0,0,0,0,0,1,0,0,0
460,229500,-72,20,31,12,8,-7,0,1,0,0,0,0,0,0,1,0,0,0
461,230000,6,19,31,12,7,-7,0,1,0,0,0,0,0,0,1,0,0,0
462,230500,84,19,31,12,8,-8,0,1,0,0,0,0,0,0,1,0,0,0
463,231000,162,18,31,11,7,-8,0,1,0,0,0,0,0,0,1,0,0,0
464,231500,235,18,30,9,6,-8,0,1,0,0,0,0,0,0,1,0,0,0
465,232000,303,18,30,9,6,-8,0,1,0,0,0,0,0,0,1,0,0,0
466,232500,347,18,31,9,6,-7,0,1,0,0,0,0,0,0,1,0,0,0
467,233000,402,18,31,11,8,-8,0,1,0,0,0,0,0,0,1,0,0,0
468,233500,445,19,30,9,8,-8,0,1,0,0,0,0,0,0,1,0,0,0
469,234000,477,19,31,9,9,-7,0,1,0,0,0,0,0,0,1,0,0,0
470,234500,497,18,32,9,8,-6,0,1,0,0,0,0,0,0,1,0,0,0
471,235000,508,18,33,9,6,-7,0,1,0,0,0,0,0,0,1,0,0,0
472,235500,505,19,30,9,8,-7,0,1,0,0,0,0,0,0,1,0,0,0
473,236000,493,19,31,9,9,-7,0,1,0,0,0,0,0,0,1,0,0,0
474,236500,466,19,31,9,8,-7,0,1,0,0,0,0,0,0,1,0,0,0
475,237000,428,18,30,9,7,-8,0,1,0,0,0,0,0,0,1,0,0,0
476,237500,381,20,31,9,9,-7,0,1,0,0,0,0,0,0,1,0,0,0
477,238000,322,19,30,11,7,-8,0,1,0,0,0,0,0,0,1,0,0,0
478,238500,276,19,31,9,8,-8,0,1,0,0,0,0,0,0,1,0,0,0
479,239000,204,18,31,9,8,-8,0,1,0,0,0,0,0,0,1,0,0,0
480,239500,128,19,31,11,8,-7,0,1,0,0,0,0,0,0,1,0,0,0
481,240000,50,18,30,12,6,-8,0,1,0,0,0,0,0,0,1,0,0,0
482,240500,-28,20,31,12,8,-7,0,1,0,0,0,0,0,0,1,0,0,0
483,241000,-106,18,31,12,9,-7,0,1,0,0,0,0,0,0,1,0,0,0
484,241500,-181,19,30,14,7,-7,0,1,0,0,0,0,0,0,1,0,0,0
485,242000,-270,18,32,13,8,-7,0,1,0,0,0,0,0,0,1,0,0,0
486,242500,-329,20,31,12,8,-7,0,1,0,0,0,0,0,0,1,0,0,0
487,243000,-387,18,30,12,6,-8,0,1,0,0,0,0,0,0,1,0,0,0
488,243500,-430,19,31,12,6,-7,0,1,0,0,0,0,0,0,1,0,0,0
489,244000,-465,18,30,14,6,-8,0,1,0,0,0,0,0,0,1,0,0,0
490,244500,-482,20,31,14,8,-7,0,1,0,0,0,0,0,0,1,0,0,0
491,245000,-495,18,31,14,9,-7,0,1,0,0,0,0,0,0,1,0,0,0
492,245500,-491,18,30,15,7,-7,0,1,0,0,0,0,0,0,1,0,0,0
493,246000,-478,20,31,13,8,-7,0,1,0,0,0,0,0,0,1,0,0,0
494,246500,-452,18,30,14,6,-8,0,1,0,0,0,0,0,0,1,0,0,0
495,247000,-413,19,30,15,6,-8,0,1,0,0,0,0,0,0,1,0,0,0
496,247500,-361,18,30,13,6,-8,0,1,0,0,0,0,0,0,1,0,0,0
497,248000,-303,19,31,14,7,-8,0,1,0,0,0,0,0,0,1,0,0,0
498,248500,-239,18,32,13,9,-7,0,1,0,0,0,0,0,0,1,0,0,0
499,249000,-147,19,31,12,8,-8,0,1,0,0,0,0,0,0,1,0,0,0
500,249500,-69,18,31,12,9,-7,0,1,0,0,0,0,0,0,1,0,0,0
501,250000,9,19,31,12,8,-8,0,1,0,0,0,0,0,0,1,0,0,0
502,250500,87,18,30,12,6,-8,0,1,0,0,0,0,0,0,1,0,0,0
503,251000,164,19,30,11,8,-8,0,1,0,0,0,0,0,0,1,0,0,0
504,251500,239,18,31,9,8,-7,0,1,0,0,0,0,0,0,1,0,0,0
505,252000,305,18,31,9,8,-8,0,1,0,0,0,0,0,0,1,0,0,0
506,252500,349,18,30,9,6,-8,0,1,0,0,0,0,0,0,1,0,0,0
507,253000,402,18,31,9,6,-7,0,1,0,0,0,0,0,0,1,0,0,0
508,253500,445,18,31,11,8,-7,0,1,0,0,0,0,0,0,1,0,0,0
509,254000,478,19,30,9,8,-8,0,1,0,0,0,0,0,0,1,0,0,0
510,254500,497,18,30,9,6,-8,0,1,0,0,0,0,0,0,1,0,0,0
511,255000,508,18,30,9,8,-8,0,1,0,0,0,0,0,0,1,0,0,0
512,255500,505,19,31,9,9,-7,0,1,0,0,0,0,0,0,1,0,0,0
513,256000,492,20,31,9,8,-7,0,1,0,0,0,0,0,0,1,0,0,0
514,256500,462,19,30,9,8,-8,0,1,0,0,0,0,0,0,1,0,0,0
515,257000,427,18,32,9,6,-7,0,1,0,0,0,0,0,0,1,0,0,0
516,257500,381,19,31,11,8,-7,0,1,0,0,0,0,0,0,1,0,0,0
517,258000,321,18,30,9,6,-8,0,1,0,0,0,0,0,0,1,0,0,0
518,258500,274,18,31,9,6,-7,0,1,0,0,0,0,0,0,1,0,0,0
519,259000,203,18,32,9,6,-7,0,1,0,0,0,0,0,0,1,0,0,0
520,259500,126,19,33,11,8,-7,0,1,0,0,0,0,0,0,1,0,0,0
521,260000,48,19,31,11,9,-6,0,1,0,0,0,0,0,0,1,0,0,0
522,260500,-31,18,31,12,9,-7,0,1,0,0,0,0,0,0,1,0,0,0
523,261000,-108,18,33,12,9,-7,0,1,0,0,0,0,0,0,1,0,0,0
524,261500,-184,18,31,12,7,-8,0,1,0,0,0,0,0,0,1,0,0,0
525,262000,-270,18,31,12,9,-7,0,1,0,0,0,0,0,0,1,0,0,0
526,262500,-335,18,30,12,7,-7,0,1,0,0,0,0,0,0,1,0,0,0
527,263000,-387,19,30,14,7,-8,0,1,0,0,0,0,0,0,1,0,0,0
528,263500,-430,18,31,14,9,-7,0,1,0,0,0,0,0,0,1,0,0,0
529,264000,-465,18,31,14,9,-7,0,1,0,0,0,0,0,0,1,0,0,0
530,264500,-483,18,30,15,7,-7,0,1,0,0,0,0,0,0,1,0,0,0
531,265000,-492,19,30,15,6,-8,0,1,0,0,0,0,0,0,1,0,0,0
532,265500,-491,20,31,13,8,-7,0,1,0,0,0,0,0,0,1,0,0,0
533,266000,-473,19,31,14,7,-8,0,1,0,0,0,0,0,0,1,0,0,0
534,266500,-447,20,31,14,8,-7,0,1,0,0,0,0,0,0,1,0,0,0
535,267000,-408,18,31,14,9,-7,0,1,0,0,0,0,0,0,1,0,0,0
536,267500,-361,20,31,14,8,-7,0,1,0,0,0,0,0,0,1,0,0,0
537,268000,-301,19,31,14,8,-8,0,1,0,0,0,0,0,0,1,0,0,0
538,268500,-234,19,31,13,6,-7,0,1,0,0,0,0,0,0,1,0,0,0
539,269000,-144,20,31,12,8,-8,0,1,0,0,0,0,0,0,1,0,0,0
540,269500,-69,19,30,12,7,-8,0,1,0,0,0,0,0,0,1,0,0,0
541,270000,11,19,30,12,6,-8,0,1,0,0,0,0,0,0,1,0,0,0
542,270500,91,19,30,11,6,-8,0,1,0,0,0,0,0,0,1,0,0,0
543,271000,167,19,31,12,8,-7,0,1,0,0,0,0,0,0,1,0,0,0
544,271500,240,18,30,9,8,-7,0,1,0,0,0,0,0,0,1,0,0,0
545,272000,307,19,31,9,8,-7,0,1,0,0,0,0,0,0,1,0,0,0
546,272500,350,20,31,9,9,-7,0,1,0,0,0,0,0,0,1,0,0,0
547,273000,402,18,30,9,8,-8,0,1,0,0,0,0,0,0,1,0,0,0
548,273500,445,19,31,9,8,-8,0,1,0,0,0,0,0,0,1,0,0,0
549,274000,478,19,30,9,8,-8,0,1,0,0,0,0,0,0,1,0,0,0
550,274500,497,19,31,9,9,-8,0,1,0,0,0,0,0,0,1,0,0,0
551,275000,508,18,33,9,8,-7,0,1,0,0,0,0,0,0,1,0,0,0
552,275500,505,18,31,9,6,-8,0,1,0,0,0,0,0,0,1,0,0,0
553,276000,491,19,31,9,8,-8,0,1,0,0,0,0,0,0,1,0,0,0
554,276500,462,18,31,9,6,-7,0,1,0,0,0,0,0,0,1,0,0,0
555,277000,426,19,31,11,8,-7,0,1,0,0,0,0,0,0,1,0,0,0
556,277500,376,18,31,9,8,-8,0,1,0,0,0,0,0,0,1,0,0,0
557,278000,319,18,30,11,8,-8,0,1,0,0,0,0,0,0,1,0,0,0
558,278500,271,19,30,9,8,-8,0,1,0,0,0,0,0,0,1,0,0,0
559,279000,200,19,31,11,8,-8,0,1,0,0,0,0,0,0,1,0,0,0
560,279500,124,19,31,11,8,-7,0,1,0,0,0,0,0,0,1,0,0,0
561,280000,44,17,30,12,6,-8,0,1,0,0,0,0,0,0,1,0,0,0
562,280500,-35,18,30,12,6,-8,0,1,0,0,0,0,0,0,1,0,0,0
563,281000,-111,19,31,12,8,-7,0,1,0,0,0,0,0,0,1,0,0,0
564,281500,-184,18,31,12,9,-7,0,1,0,0,0,0,0,0,1,0,0,0
565,282000,-274,19,30,12,8,-7,0,1,0,0,0,0,0,0,1,0,0,0
566,282500,-335,18,31,14,6,-8,0,1,0,0,0,0,0,0,1,0,0,0
567,283000,-387,18,30,14,6,-8,0,1,0,0,0,0,0,0,1,0,0,0
568,283500,-430,19,30,15,6,-8,0,1,0,0,0,0,0,0,1,0,0,0
569,284000,-465,19,30,14,6,-8,0,1,0,0,0,0,0,0,1,0,0,0
570,284500,-483,18,32,13,8,-7,0,1,0,0,0,0,0,0,1,0,0,0
571,285000,-495,19,31,14,8,-8,0,1,0,0,0,0,0,0,1,0,0,0
572,285500,-491,19,31,15,8,-8,0,1,0,0,0,0,0,0,1,0,0,0
573,286000,-473,19,31,16,8,-8,0,1,0,0,0,0,0,0,1,0,0,0
574,286500,-447,18,30,15,6,-8,0,1,0,0,0,0,0,0,1,0,0,0
575,287000,-406,19,30,15,8,-7,0,1,0,0,0,0,0,0,1,0,0,0
576,287500,-361,18,33,13,9,-6,0,1,0,0,0,0,0,0,1,0,0,0
577,288000,-300,20,32,12,9,-7,0,1,0,0,0,0,0,0,1,0,0,0
578,288500,-232,19,30,12,7,-8,0,1,0,0,0,0,0,0,1,0,0,0
579,289000,-142,19,31,12,8,-7,0,1,0,0,0,0,0,0,1,0,0,0
580,289500,-66,19,31,14,8,-7,0,1,0,0,0,0,0,0,1,0,0,0
581,290000,12,19,31,13,8,-7,0,1,0,0,0,0,0,0,1,0,0,0
582,290500,92,19,31,12,8,-7,0,1,0,0,0,0,0,0,1,0,0,0
583,291000,169,19,31,12,8,-8,0,1,0,0,0,0,0,0,1,0,0,0
584,291500,242,18,30,9,7,-8,0,1,0,0,0,0,0,0,1,0,0,0
585,292000,310,18,32,8,6,-7,0,1,0,0,0,0,0,0,1,0,0,0
586,292500,350,18,31,9,6,-8,0,1,0,0,0,0,0,0,1,0,0,0
587,293000,406,19,31,9,8,-7,0,1,0,0,0,0,0,0,1,0,0,0
588,293500,450,19,31,9,8,-7,0,1,0,0,0,0,0,0,1,0,0,0
589,294000,479,20,31,9,9,-7,0,1,0,0,0,0,0,0,1,0,0,0
590,294500,497,19,31,9,9,-7,0,1,0,0,0,0,0,0,1,0,0,0
591,295000,508,20,31,9,9,-7,0,1,0,0,0,0,0,0,1,0,0,0
592,295500,505,19,31,9,9,-7,0,1,0,0,0,0,0,0,1,0,0,0
593,296000,488,20,31,9,9,-7,0,1,0,0,0,0,0,0,1,0,0,0
594,296500,462,19,30,9,8,-7,0,1,0,0,0,0,0,0,1,0,0,0
595,297000,425,19,31,9,9,-7,0,1,0,0,0,0,0,0,1,0,0,0
596,297500,376,18,30,9,8,-9,0,1,0,0,0,0,0,0,1,0,0,0
597,298000,315,18,31,11,8,-8,0,1,0,0,0,0,0,0,1,0,0,0
598,298500,270,18,30,9,6,-8,0,1,0,0,0,0,0,0,1,0,0,0
599,299000,199,18,31,9,6,-7,0,1,0,0,0,0,0,0,1,0,0,0
600,299500,121,18,30,11,8,-7,0,1,0,0,0,0,0,0,1,0,0,0
601,300000,44,18,30,11,6,-8,0,1,0,0,0,0,0,0,1,0,0,0
602,300500,-37,19,30,12,6,-8,0,1,0,0,0,0,0,0,1,0,0,0
603,301000,-116,19,30,12,6,-8,0,1,0,0,0,0,0,0,1,0,0,0
604,301500,-187,20,31,12,8,-7,0,1,0,0,0,0,0,0,1,0,0,0
605,302000,-274,18,30,12,7,-8,0,1,0,0,0,0,0,0,1,0,0,0
606,302500,-335,20,31,12,8,-7,0,1,0,0,0,0,0,0,1,0,0,0
607,303000,-387,19,31,15,7,-8,0,1,0,0,0,0,0,0,1,0,0,0
608,303500,-431,20,31,13,8,-8,0,1,0,0,0,0,0,0,1,0,0,0
609,304000,-465,19,30,14,6,-8,0,1,0,0,0,0,0,0,1,0,0,0
610,304500,-486,18,30,14,6,-8,0,1,0,0,0,0,0,0,1,0,0,0
611,305000,-495,18,30,14,6,-8,0,1,0,0,0,0,0,0,1,0,0,0
612,305500,-491,20,31,13,8,-7,0,1,0,0,0,0,0,0,1,0,0,0
613,306000,-473,18,31,12,9,-7,0,1,0,0,0,0,0,0,1,0,0,0
614,306500,-447,18,30,14,7,-7,0,1,0,0,0,0,0,0,1,0,0,0
615,307000,-406,18,30,15,6,-7,0,1,0,0,0,0,0,0,1,0,0,0
616,307500,-356,18,31,13,8,-7,0,1,0,0,0,0,0,0,1,0,0,0
617,308000,-300,19,31,12,8,-7,0,1,0,0,0,0,0,0,1,0,0,0
618,308500,-231,18,30,12,8,-8,0,1,0,0,0,0,0,0,1,0,0,0
619,309000,-141,19,31,14,8,-8,0,1,0,0,0,0,0,0,1,0,0,0
620,309500,-63,18,30,13,8,-8,0,1,0,0,0,0,0,0,1,0,0,0
621,310000,16,18,30,12,6,-8,0,1,0,0,0,0,0,0,1,0,0,0
622,310500,96,18,30,11,6,-8,0,1,0,0,0,0,0,0,1,0,0,0
623,311000,172,18,31,9,8,-8,0,1,0,0,0,0,0,0,1,0,0,0
624,311500,244,18,32,9,6,-6,0,1,0,0,0,0,0,0,1,0,0,0
625,312000,311,18,31,8,6,-8,0,1,0,0,0,0,0,0,1,0,0,0
626,312500,355,19,31,11,8,-8,0,1,0,0,0,0,0,0,1,0,0,0
627,313000,408,19,30,9,8,-8,0,1,0,0,0,0,0,0,1,0,0,0
628,313500,450,18,30,9,6,-8,0,1,0,0,0,0,0,0,1,0,0,0
629,314000,479,18,30,9,7,-8,0,1,0,0,0,0,0,0,1,0,0,0
630,314500,500,19,30,9,8,-8,0,1,0,0,0,0,0,0,1,0,0,0
631,315000,508,19,31,9,8,-7,0,1,0,0,0,0,0,0,1,0,0,0
632,315500,505,18,32,9,8,-7,0,1,0,0,0,0,0,0,1,0,0,0
633,316000,488,19,31,9,8,-7,0,1,0,0,0,0,0,0,1,0,0,0
634,316500,462,18,31,9,7,-7,0,1,0,0,0,0,0,0,1,0,0,0
635,317000,423,20,31,9,8,-7,0,1,0,0,0,0,0,0,1,0,0,0
636,317500,374,19,31,9,7,-8,0,1,0,0,0,0,0,0,1,0,0,0
637,318000,314,18,32,9,6,-7,0,1,0,0,0,0,0,0,1,0,0,0
638,318500,267,18,31,9,6,-7,0,1,0,0,0,0,0,0,1,0,0,0
639,319000,196,19,31,11,8,-7,0,1,0,0,0,0,0,0,1,0,0,0
640,319500,118,19,31,11,8,-7,0,1,0,0,0,0,0,0,1,0,0,0
641,320000,39,18,30,12,8,-8,0,1,0,0,0,0,0,0,1,0,0,0
642,320500,-38,19,31,12,8,-7,0,1,0,0,0,0,0,0,1,0,0,0
643,321000,-116,19,31,14,7,-7,0,1,0,0,0,0,0,0,1,0,0,0
644,321500,-188,19,31,15,8,-8,0,1,0,0,0,0,0,0,1,0,0,0
645,322000,-275,18,31,13,9,-7,0,1,0,0,0,0,0,0,1,0,0,0
646,322500,-336,19,30,14,7,-7,0,1,0,0,0,0,0,0,1,0,0,0
647,323000,-391,18,31,13,6,-8,0,1,0,0,0,0,0,0,1,0,0,0
648,323500,-432,18,31,14,6,-8,0,1,0,0,0,0,0,0,1,0,0,0
649,324000,-465,18,30,14,8,-8,0,1,0,0,0,0,0,0,1,0,0,0
650,324500,-486,19,31,14,8,-7,0,1,0,0,0,0,0,0,1,0,0,0
651,325000,-495,18,30,14,6,-8,0,1,0,0,0,0,0,0,1,0,0,0
652,325500,-491,18,30,14,8,-8,0,1,0,0,0,0,0,0,1,0,0,0
653,326000,-473,19,30,15,6,-8,0,1,0,0,0,0,0,0,1,0,0,0
654,326500,-447,18,30,14,7,-8,0,1,0,0,0,0,0,0,1,0,0,0
655,327000,-404,18,32,13,9,-7,0,1,0,0,0,0,0,0,1,0,0,0
656,327500,-354,19,31,14,7,-7,0,1,0,0,0,0,0,0,1,0,0,0
657,328000,-295,18,30,13,6,-8,0,1,0,0,0,0,0,0,1,0,0,0
658,328500,-231,19,31,14,6,-8,0,1,0,0,0,0,0,0,1,0,0,0
659,329000,-139,18,31,13,6,-8,0,1,0,0,0,0,0,0,1,0,0,0
660,329500,-60,20,31,12,8,-7,0,1,0,0,0,0,0,0,1,0,0,0
661,330000,19,20,31,12,8,-7,0,1,0,0,0,0,0,0,1,0,0,0
662,330500,98,18,30,12,7,-7,0,1,0,0,0,0,0,0,1,0,0,0
663,331000,175,20,31,9,9,-7,0,1,0,0,0,0,0,0,1,0,0,0
664,331500,247,19,31,9,8,-8,0,1,0,0,0,0,0,0,1,0,0,0
665,332000,296,19,31,9,8,-7,0,1,0,0,0,0,0,0,1,0,0,0
666,332500,356,18,31,9,7,-7,0,1,0,0,0,0,0,0,1,0,0,0
667,333000,409,19,31,11,8,-7,0,1,0,0,0,0,0,0,1,0,0,0
668,333500,450,19,30,9,8,-8,0,1,0,0,0,0,0,0,1,0,0,0
669,334000,479,17,30,9,8,-8,0,1,0,0,0,0,0,0,1,0,0,0
670,334500,500,19,31,9,8,-7,0,1,0,0,0,0,0,0,1,0,0,0
671,335000,509,18,32,9,7,-6,0,1,0,0,0,0,0,0,1,0,0,0
672,335500,505,18,31,9,8,-7,0,1,0,0,0,0,0,0,1,0,0,0
673,336000,488,18,30,9,8,-8,0,1,0,0,0,0,0,0,1,0,0,0
674,336500,460,20,31,9,9,-7,0,1,0,0,0,0,0,0,1,0,0,0
675,337000,422,18,31,9,7,-7,0,1,0,0,0,0,0,0,1,0,0,0
676,337500,371,18,31,9,6,-8,0,1,0,0,0,0,0,0,1,0,0,0
677,338000,313,20,31,9,8,-8,0,1,0,0,0,0,0,0,1,0,0,0
678,338500,265,18,31,9,7,-8,0,1,0,0,0,0,0,0,1,0,0,0
679,339000,193,18,30,9,8,-8,0,1,0,0,0,0,0,0,1,0,0,0
680,339500,116,18,30,11,6,-8,0,1,0,0,0,0,0,0,1,0,0,0
681,340000,37,19,31,12,8,-8,0,1,0,0,0,0,0,0,1,0,0,0
682,340500,-41,20,31,12,9,-7,0,1,0,0,0,0,0,0,1,0,0,0
683,341000,-119,18,31,12,9,-7,0,1,0,0,0,0,0,0,1,0,0,0
684,341500,-194,19,30,14,7,-8,0,1,0,0,0,0,0,0,1,0,0,0
685,342000,-277,18,31,13,9,-7,0,1,0,0,0,0,0,0,1,0,0,0
686,342500,-339,18,31,12,9,-7,0,1,0,0,0,0,0,0,1,0,0,0
687,343000,-391,20,31,12,8,-8,0,1,0,0,0,0,0,0,1,0,0,0
688,343500,-433,18,32,14,9,-7,0,1,0,0,0,0,0,0,1,0,0,0
689,344000,-465,18,31,14,9,-7,0,1,0,0,0,0,0,0,1,0,0,0
690,344500,-486,19,30,14,7,-7,0,1,0,0,0,0,0,0,1,0,0,0
691,345000,-492,19,31,15,8,-7,0,1,0,0,0,0,0,0,1,0,0,0
692,345500,-491,18,30,15,7,-8,0,1,0,0,0,0,0,0,1,0,0,0
693,346000,-473,19,31,15,8,-8,0,1,0,0,0,0,0,0,1,0,0,0
694,346500,-447,18,31,14,6,-8,0,1,0,0,0,0,0,0,1,0,0,0
695,347000,-404,18,31,13,6,-7,0,1,0,0,0,0,0,0,1,0,0,0
696,347500,-353,18,30,12,8,-8,0,1,0,0,0,0,0,0,1,0,0,0
697,348000,-292,20,31,12,8,-7,0,1,0,0,0,0,0,0,1,0,0,0
698,348500,-225,20,31,12,8,-7,0,1,0,0,0,0,0,0,1,0,0,0
699,349000,-137,19,30,12,6,-8,0,1,0,0,0,0,0,0,1,0,0,0
700,349500,-57,20,31,12,8,-7,0,1,0,0,0,0,0,0,1,0,0,0
701,350000,22,19,33,12,9,-7,0,1,0,0,0,0,0,0,1,0,0,0
702,350500,99,20,32,11,9,-7,0,1,0,0,0,0,0,0,1,0,0,0
703,351000,176,19,31,9,9,-8,0,1,0,0,0,0,0,0,1,0,0,0
704,351500,248,18,31,9,7,-8,0,1,0,0,0,0,0,0,1,0,0,0
705,352000,314,19,30,8,8,-8,0,1,0,0,0,0,0,0,1,0,0,0
706,352500,358,18,30,9,6,-8,0,1,0,0,0,0,0,0,1,0,0,0
707,353000,410,18,30,9,6,-8,0,1,0,0,0,0,0,0,1,0,0,0
708,353500,451,18,30,9,7,-8,0,1,0,0,0,0,0,0,1,0,0,0
709,354000,479,18,31,9,8,-7,0,1,0,0,0,0,0,0,1,0,0,0
710,354500,500,18,30,9,6,-8,0,1,0,0,0,0,0,0,1,0,0,0
711,355000,509,20,31,9,8,-7,0,1,0,0,0,0,0,0,1,0,0,0
712,355500,504,19,31,9,8,-6,0,1,0,0,0,0,0,0,1,0,0,0
713,356000,488,18,31,9,6,-7,0,1,0,0,0,0,0,0,1,0,0,0
714,356500,460,18,31,9,6,-7,0,1,0,0,0,0,0,0,1,0,0,0
715,357000,419,19,31,9,8,-7,0,1,0,0,0,0,0,0,1,0,0,0
716,357500,370,18,31,9,7,-7,0,1,0,0,0,0,0,0,1,0,0,0
717,358000,311,19,31,12,8,-7,0,1,0,0,0,0,0,0,1,0,0,0
718,358500,263,18,30,9,7,-8,0,1,0,0,0,0,0,0,1,0,0,0
719,359000,192,20,31,9,8,-7,0,1,0,0,0,0,0,0,1,0,0,0
720,359500,114,18,30,11,7,-8,0,1,0,0,0,0,0,0,1,0,0,0
721,360000,36,19,31,12,8,-7,0,1,0,0,0,0,0,0,1,0,0,0
722,360500,-44,18,30,12,6,-8,0,1,0,0,0,0,0,0,1,0,0,0
723,361000,-120,20,31,12,8,-8,0,1,0,0,0,0,0,0,1,0,0,0
724,361500,-194,19,31,14,8,-7,0,1,0,0,0,0,0,0,1,0,0,0
725,362000,-283,19,31,13,6,-8,0,1,0,0,0,0,0,0,1,0,0,0
726,362500,-344,19,31,14,8,-7,0,1,0,0,0,0,0,0,1,0,0,0
727,363000,-396,19,31,14,6,-8,0,1,0,0,0,0,0,0,1,0,0,0
728,363500,-434,19,31,15,6,-8,0,1,0,0,0,0,0,0,1,0,0,0
729,364000,-465,19,30,15,6,-8,0,1,0,0,0,0,0,0,1,0,0,0
730,364500,-491,19,30,15,6,-8,0,1,0,0,0,0,0,0,1,0,0,0
731,365000,-495,18,31,14,8,-7,0,1,0,0,0,0,0,0,1,0,0,0
732,365500,-491,20,31,13,8,-7,0,1,0,0,0,0,0,0,1,0,0,0
733,366000,-473,18,30,14,7,-8,0,1,0,0,0,0,0,0,1,0,0,0
734,366500,-443,18,30,15,6,-8,0,1,0,0,0,0,0,0,1,0,0,0
735,367000,-404,19,30,15,6,-8,0,1,0,0,0,0,0,0,1,0,0,0
736,367500,-352,18,30,13,8,-8,0,1,0,0,0,0,0,0,1,0,0,0
737,368000,-292,19,30,14,6,-8,0,1,0,0,0,0,0,0,1,0,0,0
738,368500,-223,19,31,14,8,-7,0,1,0,0,0,0,0,0,1,0,0,0
739,369000,-134,20,31,13,9,-7,0,1,0,0,0,0,0,0,1,0,0,0
740,369500,-56,20,31,12,8,-7,0,1,0,0,0,0,0,0,1,0,0,0
741,370000,25,19,31,12,7,-8,0,1,0,0,0,0,0,0,1,0,0,0
742,370500,101,18,31,11,6,-8,0,1,0,0,0,0,0,0,1,0,0,0
743,371000,180,19,31,9,8,-7,0,1,0,0,0,0,0,0,1,0,0,0
744,371500,250,18,30,9,7,-8,0,1,0,0,0,0,0,0,1,0,0,0
745,372000,298,18,32,9,7,-7,0,1,0,0,0,0,0,0,1,0,0,0
746,372500,358,18,31,11,8,-7,0,1,0,0,0,0,0,0,1,0,0,0
747,373000,410,19,30,9,8,-8,0,1,0,0,0,0,0,0,1,0,0,0
748,373500,454,18,30,9,6,-8,0,1,0,0,0,0,0,0,1,0,0,0
749,374000,482,20,31,9,8,-8,0,1,0,0,0,0,0,0,1,0,0,0
750,374500,501,19,31,9,9,-8,0,1,0,0,0,0,0,0,1,0,0,0
751,375000,508,18,32,9,7,-7,0,1,0,0,0,0,0,0,1,0,0,0
752,375500,505,19,31,9,8,-7,0,1,0,0,0,0,0,0,1,0,0,0
753,376000,487,18,31,9,7,-7,0,1,0,0,0,0,0,0,1,0,0,0
754,376500,458,18,31,9,7,-6,0,1,0,0,0,0,0,0,1,0,0,0
755,377000,418,18,30,9,8,-8,0,1,0,0,0,0,0,0,1,0,0,0
756,377500,367,18,30,9,6,-8,0,1,0,0,0,0,0,0,1,0,0,0
757,378000,311,18,30,9,6,-9,0,1,0,0,0,0,0,0,1,0,0,0
758,378500,261,18,31,8,7,-7,0,1,0,0,0,0,0,0,1,0,0,0
759,379000,188,19,30,9,8,-7,0,1,0,0,0,0,0,0,1,0,0,0
760,379500,112,18,31,12,8,-7,0,1,0,0,0,0,0,0,1,0,0,0
761,380000,33,19,31,12,8,-7,0,1,0,0,0,0,0,0,1,0,0,0
762,380500,-47,19,31,12,8,-8,0,1,0,0,0,0,0,0,1,0,0,0
763,381000,-123,20,31,12,8,-7,0,1,0,0,0,0,0,0,1,0,0,0
764,381500,-197,19,31,14,8,-7,0,1,0,0,0,0,0,0,1,0,0,0
765,382000,-283,19,31,14,8,-7,0,1,0,0,0,0,0,0,1,0,0,0
766,382500,-344,19,31,14,8,-7,0,1,0,0,0,0,0,0,1,0,0,0
767,383000,-396,19,30,14,6,-7,0,1,0,0,0,0,0,0,1,0,0,0
768,383500,-439,18,30,13,8,-8,0,1,0,0,0,0,0,0,1,0,0,0
769,384000,-467,19,31,12,8,-7,0,1,0,0,0,0,0,0,1,0,0,0
770,384500,-491,19,31,15,8,-7,0,1,0,0,0,0,0,0,1,0,0,0
771,385000,-495,19,31,15,6,-8,0,1,0,0,0,0,0,0,1,0,0,0
772,385500,-491,18,31,14,9,-7,0,1,0,0,0,0,0,0,1,0,0,0
773,386000,-473,19,31,15,8,-7,0,1,0,0,0,0,0,0,1,0,0,0
774,386500,-443,18,31,14,6,-8,0,1,0,0,0,0,0,0,1,0,0,0
775,387000,-399,18,30,16,6,-8,0,1,0,0,0,0,0,0,1,0,0,0
776,387500,-352,18,30,14,6,-8,0,1,0,0,0,0,0,0,1,0,0,0
777,388000,-292,19,30,14,8,-8,0,1,0,0,0,0,0,0,1,0,0,0
778,388500,-222,19,30,13,7,-8,0,1,0,0,0,0,0,0,1,0,0,0
779,389000,-131,19,31,14,6,-8,0,1,0,0,0,0,0,0,1,0,0,0
780,389500,-55,20,31,12,8,-7,0,1,0,0,0,0,0,0,1,0,0,0
781,390000,27,19,31,12,8,-7,0,1,0,0,0,0,0,0,1,0,0,0
782,390500,105,18,30,11,6,-8,0,1,0,0,0,0,0,0,1,0,0,0
783,391000,180,18,30,9,6,-8,0,1,0,0,0,0,0,0,1,0,0,0
784,391500,252,18,30,9,6,-8,0,1,0,0,0,0,0,0,1,0,0,0
785,392000,302,19,31,12,8,-7,0,1,0,0,0,0,0,0,1,0,0,0
786,392500,362,18,30,9,8,-8,0,1,0,0,0,0,0,0,1,0,0,0
787,393000,410,20,31,9,8,-8,0,1,0,0,0,0,0,0,1,0,0,0
788,393500,454,19,31,9,8,-8,0,1,0,0,0,0,0,0,1,0,0,0
789,394000,484,18,31,9,7,-6,0,1,0,0,0,0,0,0,1,0,0,0
790,394500,500,20,31,9,8,-7,0,1,0,0,0,0,0,0,1,0,0,0
791,395000,509,19,31,9,9,-7,0,1,0,0,0,0,0,0,1,0,0,0
792,395500,503,18,31,9,8,-6,0,1,0,0,0,0,0,0,1,0,0,0
793,396000,487,18,31,9,6,-8,0,1,0,0,0,0,0,0,1,0,0,0
794,396500,458,18,31,9,6,-7,0,1,0,0,0,0,0,0,1,0,0,0
795,397000,417,18,30,9,8,-8,0,1,0,0,0,0,0,0,1,0,0,0
796,397500,366,18,31,9,6,-8,0,1,0,0,0,0,0,0,1,0,0,0
797,398000,306,19,31,11,8,-7,0,1,0,0,0,0,0,0,1,0,0,0
798,398500,259,19,31,9,8,-8,0,1,0,0,0,0,0,0,1,0,0,0
799,399000,187,19,31,11,8,-8,0,1,0,0,0,0,0,0,1,0,0,0
800,399500,111,19,31,11,8,-8,0,1,0,0,0,0,0,0,1,0,0,0
801,400000,31,19,31,12,9,-7,0,1,0,0,0,0,0,0,1,0,0,0
802,400500,-47,18,33,12,9,-7,0,1,0,0,0,0,0,0,1,0,0,0
803,401000,-125,18,31,12,7,-8,0,1,0,0,0,0,0,0,1,0,0,0
804,401500,-200,19,31,14,8,-8,0,1,0,0,0,0,0,0,1,0,0,0
805,402000,-283,20,31,12,8,-7,0,1,0,0,0,0,0,0,1,0,0,0
806,402500,-344,18,30,14,6,-8,0,1,0,0,0,0,0,0,1,0,0,0
807,403000,-396,19,31,15,6,-8,0,1,0,0,0,0,0,0,1,0,0,0
808,403500,-439,18,30,14,6,-8,0,1,0,0,0,0,0,0,1,0,0,0
809,404000,-467,20,31,13,8,-8,0,1,0,0,0,0,0,0,1,0,0,0
810,404500,-491,18,30,14,7,-8,0,1,0,0,0,0,0,0,1,0,0,0
811,405000,-492,19,31,15,8,-8,0,1,0,0,0,0,0,0,1,0,0,0
812,405500,-491,18,30,14,6,-8,0,1,0,0,0,0,0,0,1,0,0,0
813,406000,-473,19,31,15,8,-7,0,1,0,0,0,0,0,0,1,0,0,0
814,406500,-443,18,33,13,9,-7,0,1,0,0,0,0,0,0,1,0,0,0
815,407000,-398,19,31,14,7,-7,0,1,0,0,0,0,0,0,1,0,0,0
816,407500,-348,18,30,14,6,-8,0,1,0,0,0,0,0,0,1,0,0,0
817,408000,-292,18,30,13,6,-8,0,1,0,0,0,0,0,0,1,0,0,0
818,408500,-222,19,30,14,6,-8,0,1,0,0,0,0,0,0,1,0,0,0
819,409000,-130,18,32,13,9,-7,0,1,0,0,0,0,0,0,1,0,0,0
820,409500,-53,18,31,12,7,-8,0,1,0,0,0,0,0,0,1,0,0,0
821,410000,28,18,30,12,6,-8,0,1,0,0,0,0,0,0,1,0,0,0
822,410500,106,18,30,12,6,-8,0,1,0,0,0,0,0,0,1,0,0,0
823,411000,182,18,30,9,8,-8,0,1,0,0,0,0,0,0,1,0,0,0
824,411500,254,19,31,9,8,-8,0,1,0,0,0,0,0,0,1,0,0,0
825,412000,302,19,31,9,9,-7,0,1,0,0,0,0,0,0,1,0,0,0
826,412500,363,18,30,9,7,-8,0,1,0,0,0,0,0,0,1,0,0,0
827,413000,414,19,31,9,8,-8,0,1,0,0,0,0,0,0,1,0,0,0
828,413500,454,18,31,9,8,-8,0,1,0,0,0,0,0,0,1,0,0,0
829,414000,484,20,31,9,9,-8,0,1,0,0,0,0,0,0,1,0,0,0
830,414500,502,19,30,9,8,-8,0,1,0,0,0,0,0,0,1,0,0,0
831,415000,509,20,31,9,9,-7,0,1,0,0,0,0,0,0,1,0,0,0
832,415500,503,18,31,9,8,-8,0,1,0,0,0,0,0,0,1,0,0,0
833,416000,486,17,31,9,6,-7,0,1,0,0,0,0,0,0,1,0,0,0
834,416500,457,19,31,9,8,-8,0,1,0,0,0,0,0,0,1,0,0,0
835,417000,416,19,31,9,8,-8,0,1,0,0,0,0,0,0,1,0,0,0
836,417500,365,20,31,9,9,-7,0,1,0,0,0,0,0,0,1,0,0,0
837,418000,305,20,31,9,9,-7,0,1,0,0,0,0,0,0,1,0,0,0
838,418500,256,18,31,9,7,-8,0,1,0,0,0,0,0,0,1,0,0,0
839,419000,184,19,31,11,8,-7,0,1,0,0,0,0,0,0,1,0,0,0
840,419500,107,20,31,9,9,-7,0,1,0,0,0,0,0,0,1,0,0,0
841,420000,30,18,31,11,7,-8,0,1,0,0,0,0,0,0,1,0,0,0
842,420500,-50,19,31,12,8,-8,0,1,0,0,0,0,0,0,1,0,0,0
843,421000,-128,18,30,12,6,-8,0,1,0,0,0,0,0,0,1,0,0,0
844,421500,-222,20,31,12,7,-8,0,1,0,0,0,0,0,0,1,0,0,0
845,422000,-287,18,30,12,6,-8,0,1,0,0,0,0,0,0,1,0,0,0
846,422500,-345,18,30,14,6,-8,0,1,0,0,0,0,0,0,1,0,0,0
847,423000,-396,19,30,14,6,-8,0,1,0,0,0,0,0,0,1,0,0,0
848,423500,-439,20,31,14,8,-7,0,1,0,0,0,0,0,0,1,0,0,0
849,424000,-467,21,31,13,7,-7,0,1,0,0,0,0,0,0,1,0,0,0
850,424500,-491,19,30,15,6,-8,0,1,0,0,0,0,0,0,1,0,0,0
851,425000,-493,19,30,15,6,-8,0,1,0,0,0,0,0,0,1,0,0,0
852,425500,-491,19,31,14,8,-7,0,1,0,0,0,0,0,0,1,0,0,0
853,426000,-467,18,30,15,8,-8,0,1,0,0,0,0,0,0,1,0,0,0
854,426500,-439,19,30,14,8,-8,0,1,0,0,0,0,0,0,1,0,0,0
855,427000,-396,20,31,13,9,-8,0,1,0,0,0,0,0,0,1,0,0,0
856,427500,-344,20,31,12,8,-7,0,1,0,0,0,0,0,0,1,0,0,0
857,428000,-287,20,31,12,8,-7,0,1,0,0,0,0,0,0,1,0,0,0
858,428500,-218,18,31,12,9,-7,0,1,0,0,0,0,0,0,1,0,0,0
859,429000,-128,18,30,12,8,-8,0,1,0,0,0,0,0,0,1,0,0,0
860,429500,-48,20,31,12,8,-8,0,1,0,0,0,0,0,0,1,0,0,0
861,430000,31,18,30,12,7,-8,0,1,0,0,0,0,0,0,1,0,0,0
862,430500,109,20,31,11,8,-8,0,1,0,0,0,0,0,0,1,0,0,0
863,431000,186,20,31,9,9,-7,0,1,0,0,0,0,0,0,1,0,0,0
864,431500,256,18,30,9,7,-8,0,1,0,0,0,0,0,0,1,0,0,0
865,432000,306,19,31,11,8,-7,0,1,0,0,0,0,0,0,1,0,0,0
866,432500,365,18,31,9,7,-7,0,1,0,0,0,0,0,0,1,0,0,0
867,433000,416,18,32,9,6,-7,0,1,0,0,0,0,0,0,1,0,0,0
868,433500,454,20,31,9,9,-7,0,1,0,0,0,0,0,0,1,0,0,0
869,434000,485,19,31,9,9,-7,0,1,0,0,0,0,0,0,1,0,0,0
870,434500,501,19,31,9,9,-7,0,1,0,0,0,0,0,0,1,0,0,0
871,435000,509,18,31,9,8,-8,0,1,0,0,0,0,0,0,1,0,0,0
872,435500,503,18,30,9,6,-8,0,1,0,0,0,0,0,0,1,0,0,0
873,436000,486,18,33,9,6,-7,0,1,0,0,0,0,0,0,1,0,0,0
874,436500,454,18,31,9,8,-7,0,1,0,0,0,0,0,0,1,0,0,0
875,437000,415,19,31,11,8,-7,0,1,0,0,0,0,0,0,1,0,0,0
876,437500,363,19,31,11,9,-7,0,1,0,0,0,0,0,0,1,0,0,0
877,438000,303,19,31,12,8,-7,0,1,0,0,0,0,0,0,1,0,0,0
878,438500,256,18,31,9,6,-7,0,1,0,0,0,0,0,0,1,0,0,0
879,439000,182,18,30,9,6,-8,0,1,0,0,0,0,0,0,1,0,0,0
880,439500,105,19,31,9,8,-8,0,1,0,0,0,0,0,0,1,0,0,0
881,440000,25,20,31,12,9,-7,0,1,0,0,0,0,0,0,1,0,0,0
882,440500,-53,18,31,12,7,-7,0,1,0,0,0,0,0,0,1,0,0,0
883,441000,-131,18,30,12,6,-8,0,1,0,0,0,0,0,0,1,0,0,0
884,441500,-203,18,30,14,6,-8,0,1,0,0,0,0,0,0,1,0,0,0
885,442000,-292,19,31,14,8,-8,0,1,0,0,0,0,0,0,1,0,0,0
886,442500,-348,18,31,13,9,-7,0,1,0,0,0,0,0,0,1,0,0,0
887,443000,-397,18,33,12,9,-7,0,1,0,0,0,0,0,0,1,0,0,0
888,443500,-439,18,31,14,7,-7,0,1,0,0,0,0,0,0,1,0,0,0
889,444000,-473,19,30,15,6,-8,0,1,0,0,0,0,0,0,1,0,0,0
890,444500,-491,19,31,15,8,-8,0,1,0,0,0,0,0,0,1,0,0,0
891,445000,-495,19,30,14,6,-8,0,1,0,0,0,0,0,0,1,0,0,0
892,445500,-491,18,31,14,8,-7,0,1,0,0,0,0,0,0,1,0,0,0
893,446000,-467,18,30,14,7,-8,0,1,0,0,0,0,0,0,1,0,0,0
894,446500,-439,20,31,13,8,-7,0,1,0,0,0,0,0,0,1,0,0,0
895,447000,-396,19,30,14,7,-8,0,1,0,0,0,0,0,0,1,0,0,0
896,447500,-344,18,31,13,8,-7,0,1,0,0,0,0,0,0,1,0,0,0
897,448000,-283,19,30,14,7,-7,0,1,0,0,0,0,0,0,1,0,0,0
898,448500,-214,19,31,13,8,-8,0,1,0,0,0,0,0,0,1,0,0,0
899,449000,-123,20,31,12,9,-7,0,1,0,0,0,0,0,0,1,0,0,0
900,449500,-46,19,31,12,9,-7,0,1,0,0,0,0,0,0,1,0,0,0
901,450000,33,20,32,12,9,-7,0,1,0,0,0,0,0,0,1,0,0,0
902,450500,112,18,31,11,7,-7,0,1,0,0,0,0,0,0,1,0,0,0
903,451000,187,19,31,11,8,-7,0,1,0,0,0,0,0,0,1,0,0,0
904,451500,259,21,31,9,9,-7,0,1,0,0,0,0,0,0,1,0,0,0
905,452000,306,18,31,9,7,-8,0,1,0,0,0,0,0,0,1,0,0,0
906,452500,367,18,30,9,6,-8,0,1,0,0,0,0,0,0,1,0,0,0
907,453000,417,19,31,11,8,-7,0,1,0,0,0,0,0,0,1,0,0,0
908,453500,458,13,30,9,8,-8,0,1,0,0,0,0,0,0,1,0,0,0
909,454000,486,18,31,9,9,-7,0,1,0,0,0,0,0,0,1,0,0,0
910,454500,501,18,30,9,7,-6,0,1,0,0,0,0,0,0,1,0,0,0
911,455000,505,18,31,9,6,-6,0,1,0,0,0,0,0,0,1,0,0,0
912,455500,503,18,30,12,6,-7,0,1,0,0,0,0,0,0,1,0,0,0
913,456000,486,19,31,9,8,-8,0,1,0,0,0,0,0,0,1,0,0,0
914,456500,454,18,30,9,6,-8,0,1,0,0,0,0,0,0,1,0,0,0
915,457000,415,18,30,9,6,-8,0,1,0,0,0,0,0,0,1,0,0,0
916,457500,363,19,31,11,8,-7,0,1,0,0,0,0,0,0,1,0,0,0
917,458000,302,18,31,9,7,-7,0,1,0,0,0,0,0,0,1,0,0,0
918,458500,254,18,31,9,6,-7,0,1,0,0,0,0,0,0,1,0,0,0
919,459000,179,19,31,11,8,-7,0,1,0,0,0,0,0,0,1,0,0,0
920,459500,102,19,31,12,8,-7,0,1,0,0,0,0,0,0,1,0,0,0
921,460000,22,19,31,12,8,-7,0,1,0,0,0,0,0,0,1,0,0,0
922,460500,-56,19,30,12,6,-8,0,1,0,0,0,0,0,0,1,0,0,0
923,461000,-131,21,31,12,8,-7,0,1,0,0,0,0,0,0,1,0,0,0
924,461500,-222,13,31,12,8,-7,0,1,0,0,0,0,0,0,1,0,0,0
925,462000,-292,18,30,12,3,-8,0,1,0,0,0,0,0,0,1,0,0,0
926,462500,-352,18,34,12,8,-7,0,1,0,0,0,0,0,0,1,0,0,0
927,463000,-396,19,31,14,7,-9,0,1,0,0,0,0,0,0,1,0,0,0
928,463500,-443,18,31,13,9,-7,0,1,0,0,0,0,0,0,1,0,0,0
929,464000,-473,20,30,15,7,-7,0,1,0,0,0,0,0,0,1,0,0,0
930,464500,-491,18,31,13,9,-7,0,1,0,0,0,0,0,0,1,0,0,0
931,465000,-495,18,32,14,9,-7,0,1,0,0,0,0,0,0,1,0,0,0
932,465500,-491,18,31,14,7,-8,0,1,0,0,0,0,0,0,1,0,0,0
933,466000,-467,19,30,14,6,-8,0,1,0,0,0,0,0,0,1,0,0,0
934,466500,-439,18,30,14,8,-8,0,1,0,0,0,0,0,0,1,0,0,0
935,467000,-396,19,30,13,8,-8,0,1,0,0,0,0,0,0,1,0,0,0
936,467500,-344,20,31,12,8,-7,0,1,0,0,0,0,0,0,1,0,0,0
937,468000,-283,19,30,14,8,-7,0,1,0,0,0,0,0,0,1,0,0,0
938,468500,-213,19,31,14,8,-3,0,1,0,0,0,0,0,0,1,0,0,0
939,469000,-122,19,30,14,6,-6,0,1,0,0,0,0,0,0,1,0,0,0
940,469500,-44,23,30,13,7,-8,0,1,0,0,0,0,0,0,1,0,0,0
941,470000,36,19,30,12,6,-8,0,1,0,0,0,0,0,0,1,0,0,0
942,470500,114,19,28,12,8,-8,0,1,0,0,0,0,0,0,1,0,0,0
943,471000,189,18,30,9,6,-6,0,1,0,0,0,0,0,0,1,0,0,0
944,471500,261,18,30,9,6,-8,0,1,0,0,0,0,0,0,1,0,0,0
945,472000,306,21,31,11,8,-8,0,1,0,0,0,0,0,0,1,0,0,0
946,472500,367,19,30,9,6,-8,0,1,0,0,0,0,0,0,1,0,0,0
947,473000,418,19,31,11,8,-8,0,1,0,0,0,0,0,0,1,0,0,0
948,473500,458,19,31,9,9,-7,0,1,0,0,0,0,0,0,1,0,0,0
949,474000,486,19,31,11,7,-8,0,1,0,0,0,0,0,0,1,0,0,0
950,474500,503,17,31,9,6,-8,0,1,0,0,0,0,0,0,1,0,0,0
951,475000,510,19,31,9,8,-7,0,1,0,0,0,0,0,0,1,0,0,0
952,475500,503,18,30,9,8,-8,0,1,0,0,0,0,0,0,1,0,0,0
953,476000,484,19,31,9,8,-7,0,1,0,0,0,0,0,0,1,0,0,0
954,476500,454,19,31,9,8,-11,0,1,0,0,0,0,0,0,1,0,0,0
955,477000,410,18,30,9,7,-9,0,1,0,0,0,0,0,0,1,0,0,0
956,477500,358,19,31,9,8,-7,0,1,0,0,0,0,0,0,1,0,0,0
957,478000,298,18,31,9,7,-7,0,1,0,0,0,0,0,0,1,0,0,0
958,478500,250,18,30,9,6,-8,0,1,0,0,0,0,0,0,1,0,0,0
959,479000,172,18,30,9,6,-5,0,1,0,0,0,0,0,0,1,0,0,0
960,479500,100,19,31,5,8,-7,0,1,0,0,0,0,0,0,1,0,0,0
961,480000,22,24,32,12,8,-7,0,1,0,0,0,0,0,0,1,0,0,0
962,480500,-58,19,31,12,6,-8,0,1,0,0,0,0,0,0,1,0,0,0
963,481000,-135,19,30,12,6,-8,0,1,0,0,0,0,0,0,1,0,0,0
964,481500,-224,18,30,12,6,-8,0,1,0,0,0,0,0,0,1,0,0,0
965,482000,-292,18,30,12,6,-8,0,1,0,0,0,0,0,0,1,0,0,0
966,482500,-352,20,31,14,8,-8,0,1,0,0,0,0,0,0,1,0,0,0
967,483000,-399,19,30,15,8,-8,0,1,0,0,0,0,0,0,1,0,0,0
968,483500,-443,18,30,14,6,-8,0,1,0,0,0,0,0,0,1,0,0,0
969,484000,-473,18,30,14,6,-8,0,1,0,0,0,0,0,0,1,0,0,0
970,484500,-491,18,31,14,8,-7,0,1,0,0,0,0,0,0,1,0,0,0
971,485000,-495,18,30,14,7,-8,0,1,0,0,0,0,0,0,1,0,0,0
972,485500,-491,19,31,15,7,-8,0,1,0,0,0,0,0,0,1,0,0,0
973,486000,-466,19,31,14,8,-7,0,1,0,0,0,0,0,0,1,0,0,0
974,486500,-433,18,38,13,9,-7,0,1,0,0,0,0,0,0,1,0,0,0
975,487000,-396,18,32,14,7,-7,0,1,0,0,0,0,0,0,1,0,0,0
976,487500,-344,19,32,7,7,-7,0,1,0,0,0,0,0,0,1,0,0,0
977,488000,-283,24,31,12,6,-8,0,1,0,0,0,0,0,0,1,0,0,0
978,488500,-213,20,31,12,5,-7,0,1,0,0,0,0,0,0,1,0,0,0
979,489000,-119,18,31,12,8,-7,0,1,0,0,0,0,0,0,1,0,0,0
980,489500,-42,18,31,12,7,-8,0,1,0,0,0,0,0,0,1,0,0,0
981,490000,37,19,31,12,8,-7,0,1,0,0,0,0,0,0,1,0,0,0
982,490500,116,18,31,11,7,-8,0,1,0,0,0,0,0,0,1,0,0,0
983,491000,192,19,31,11,8,-8,0,1,0,0,0,0,0,0,1,0,0,0
984,491500,263,18,31,9,7,-8,0,1,0,0,0,0,0,0,1,0,0,0
985,492000,311,19,31,9,8,-7,0,1,0,0,0,0,0,0,1,0,0,0
986,492500,370,18,31,9,8,-7,0,1,0,0,0,0,0,0,1,0,0,0
987,493000,419,20,31,9,9,-7,0,1,0,0,0,0,0,0,1,0,0,0
988,493500,458,18,33,9,7,-7,0,1,0,0,0,0,0,0,1,0,0,0
989,494000,487,18,32,9,6,-7,0,1,0,0,0,0,0,0,1,0,0,0
990,494500,503,18,36,9,6,-7,0,1,0,0,0,0,0,0,1,0,0,0
991,495000,509,18,31,9,6,-7,0,1,0,0,0,0,0,0,1,0,0,0
992,495500,503,18,30,9,8,-8,0,1,0,0,0,0,0,0,1,0,0,0
993,496000,484,18,30,9,7,-8,0,1,0,0,0,0,0,0,1,0,0,0
994,496500,453,18,32,9,11,-7,0,1,0,0,0,0,0,0,1,0,0,0
995,497000,410,18,31,9,9,-8,0,1,0,0,0,0,0,0,1,0,0,0
996,497500,358,18,30,9,8,-8,0,1,0,0,0,0,0,0,1,0,0,0
997,498000,298,18,30,8,7,-8,0,1,0,0,0,0,0,0,1,0,0,0
998,498500,249,19,31,9,6,-7,0,1,0,0,0,0,0,0,1,0,0,0
999,499000,174,18,30,9,6,-8,0,1,0,0,0,0,0,0,1,0,0,0
1000,499500,99,18,32,11,6,-7,0,1,0,0,0,0,0,0,1,0,0,0
1001,500000,19,19,32,12,8,-7,0,1,0,0,0,0,0,0,1,0,0,0
1002,500500,-61,18,30,12,7,-9,0,1,0,0,0,0,0,0,1,0,0,0
1003,501000,-137,19,31,14,7,-8,0,1,0,0,0,0,0,0,1,0,0,0
1004,501500,-226,18,33,13,9,-7,0,1,0,0,0,0,0,0,1,0,0,0
1005,502000,-292,19,31,14,7,-7,0,1,0,0,0,0,0,0,1,0,0,0
1006,502500,-352,18,31,13,6,-8,0,1,0,0,0,0,0,0,1,0,0,0
1007,503000,-404,18,30,14,6,-8,0,1,0,0,0,0,0,0,1,0,0,0
1008,503500,-443,18,30,14,6,-8,0,1,0,0,0,0,0,0,1,0,0,0
1009,504000,-473,12,30,14,6,-8,0,1,0,0,0,0,0,0,1,0,0,0
1010,504500,-491,17,30,15,2,-8,0,1,0,0,0,0,0,0,1,0,0,0
1011,505000,-495,18,33,14,6,-8,0,1,0,0,0,0,0,0,1,0,0,0
1012,505500,-478,18,32,14,9,-8,0,1,0,0,0,0,0,0,1,0,0,0
1013,506000,-465,20,31,18,8,-8,0,1,0,0,0,0,0,0,1,0,0,0
1014,506500,-434,20,31,13,8,-7,0,1,0,0,0,0,0,0,1,0,0,0
1015,507000,-391,19,31,14,7,-7,0,1,0,0,0,0,0,0,1,0,0,0
1016,507500,-344,19,31,15,6,-7,0,1,0,0,0,0,0,0,1,0,0,0
1017,508000,-278,18,30,13,6,-8,0,1,0,0,0,0,0,0,1,0,0,0
1018,508500,-209,18,30,12,8,-8,0,1,0,0,0,0,0,0,1,0,0,0
1019,509000,-117,18,32,12,9,-7,0,1,0,0,0,0,0,0,1,0,0,0
1020,509500,-39,19,31,12,8,-7,0,1,0,0,0,0,0,0,1,0,0,0
1021,510000,40,19,31,12,8,-7,0,1,0,0,0,0,0,0,1,0,0,0
1022,510500,118,18,30,11,7,-8,0,1,0,0,0,0,0,0,1,0,0,0
1023,511000,195,18,31,9,6,-7,0,1,0,0,0,0,0,0,1,0,0,0
1024,511500,266,19,31,9,8,-7,0,1,0,0,0,0,0,0,1,0,0,0
1025,512000,312,16,30,11,8,-8,0,1,0,0,0,0,0,0,1,0,0,0
1026,512500,371,18,30,9,13,-8,0,1,0,0,0,0,0,0,1,0,0,0
1027,513000,419,19,35,9,10,-8,0,1,0,0,0,0,0,0,1,0,0,0
1028,513500,459,18,32,9,7,-9,0,1,0,0,0,0,0,0,1,0,0,0
1029,514000,487,19,31,15,8,-8,0,1,0,0,0,0,0,0,1,0,0,0
1030,514500,503,18,31,9,6,-7,0,1,0,0,0,0,0,0,1,0,0,0
1031,515000,509,18,32,9,9,-7,0,1,0,0,0,0,0,0,1,0,0,0
1032,515500,501,18,31,9,7,-7,0,1,0,0,0,0,0,0,1,0,0,0
1033,516000,484,19,30,9,7,-7,0,1,0,0,0,0,0,0,1,0,0,0
1034,516500,451,18,31,11,6,-7,0,1,0,0,0,0,0,0,1,0,0,0
1035,517000,409,18,31,9,6,-7,0,1,0,0,0,0,0,0,1,0,0,0
1036,517500,357,19,31,11,8,-7,0,1,0,0,0,0,0,0,1,0,0,0
1037,518000,295,19,31,9,9,-7,0,1,0,0,0,0,0,0,1,0,0,0
1038,518500,246,18,30,9,7,-8,0,1,0,0,0,0,0,0,1,0,0,0
1039,519000,173,20,31,9,9,-8,0,1,0,0,0,0,0,0,1,0,0,0
1040,519500,95,18,30,11,8,-8,0,1,0,0,0,0,0,0,1,0,0,0
1041,520000,17,20,32,11,9,-7,0,1,0,0,0,0,0,0,1,0,0,0
1042,520500,-63,18,31,12,12,-7,0,1,0,0,0,0,0,0,1,0,0,0
1043,521000,-137,20,31,12,8,-7,0,1,0,0,0,0,0,0,1,0,0,0
1044,521500,-231,19,31,12,8,-10,0,1,0,0,0,0,0,0,1,0,0,0
1045,522000,-295,18,30,12,6,-9,0,1,0,0,0,0,0,0,1,0,0,0
1046,522500,-353,18,30,12,6,-8,0,1,0,0,0,0,0,0,1,0,0,0
1047,523000,-404,19,31,15,10,-8,0,1,0,0,0,0,0,0,1,0,0,0
1048,523500,-447,20,33,14,9,-7,0,1,0,0,0,0,0,0,1,0,0,0
1049,524000,-473,19,31,15,8,-7,0,1,0,0,0,0,0,0,1,0,0,0
1050,524500,-491,19,31,15,8,-7,0,1,0,0,0,0,0,0,1,0,0,0
1051,525000,-495,16,31,13,9,-7,0,1,0,0,0,0,0,0,1,0,0,0
1052,525500,-486,18,30,14,7,-8,0,1,0,0,0,0,0,0,1,0,0,0
1053,526000,-465,18,31,13,9,-7,0,1,0,0,0,0,0,0,1,0,0,0
1054,526500,-432,18,30,14,7,-8,0,1,0,0,0,0,0,0,1,0,0,0
1055,527000,-391,18,30,13,6,-8,0,1,0,0,0,0,0,0,1,0,0,0
1056,527500,-336,19,31,14,8,-8,0,1,0,0,0,0,0,0,1,0,0,0
1057,528000,-276,18,32,13,9,-7,0,1,0,0,0,0,0,0,1,0,0,0
1058,528500,-207,18,31,12,8,-8,0,1,0,0,0,0,0,0,1,0,0,0
1059,529000,-116,19,31,12,8,-7,0,1,0,0,0,0,0,0,1,0,0,0
1060,529500,-36,20,31,12,8,-3,0,1,0,0,0,0,0,0,1,0,0,0
1061,530000,42,18,31,7,7,-6,0,1,0,0,0,0,0,0,1,0,0,0
1062,530500,120,13,30,11,8,-7,0,1,0,0,0,0,0,0,1,0,0,0
1063,531000,198,19,31,9,5,-7,0,1,0,0,0,0,0,0,1,0,0,0
1064,531500,267,18,33,9,6,-7,0,1,0,0,0,0,0,0,1,0,0,0
1065,532000,315,18,31,9,8,-7,0,1,0,0,0,0,0,0,1,0,0,0
1066,532500,371,18,31,9,8,-7,0,1,0,0,0,0,0,0,1,0,0,0
1067,533000,423,18,30,9,8,-8,0,1,0,0,0,0,0,0,1,0,0,0
1068,533500,461,18,30,9,8,-8,0,1,0,0,0,0,0,0,1,0,0,0
1069,534000,487,19,31,9,9,-8,0,1,0,0,0,0,0,0,1,0,0,0
1070,534500,504,18,30,9,8,-8,0,1,0,0,0,0,0,0,1,0,0,0
1071,535000,509,20,31,9,9,-7,0,1,0,0,0,0,0,0,1,0,0,0
1072,535500,501,19,30,9,8,-8,0,1,0,0,0,0,0,0,1,0,0,0
1073,536000,479,18,30,9,6,-8,0,1,0,0,0,0,0,0,1,0,0,0
1074,536500,451,18,31,9,6,-7,0,1,0,0,0,0,0,0,1,0,0,0
1075,537000,408,18,30,9,6,-7,0,1,0,0,0,0,0,0,1,0,0,0
1076,537500,354,18,30,9,6,-8,0,1,0,0,0,0,0,0,1,0,0,0
1077,538000,293,20,31,9,8,-7,0,1,0,0,0,0,0,0,1,0,0,0
1078,538500,244,18,30,9,7,-8,0,1,0,0,0,0,0,0,1,0,0,0
1079,539000,172,18,31,9,8,-7,0,1,0,0,0,0,0,0,1,0,0,0
1080,539500,93,19,31,12,9,-7,0,1,0,0,0,0,0,0,1,0,0,0
1081,540000,12,18,31,12,8,-7,0,1,0,0,0,0,0,0,1,0,0,0
1082,540500,-66,18,31,12,6,-8,0,1,0,0,0,0,0,0,1,0,0,0
1083,541000,-144,18,30,14,7,-8,0,1,0,0,0,0,0,0,1,0,0,0
1084,541500,-231,18,30,13,6,-8,0,1,0,0,0,0,0,0,1,0,0,0
1085,542000,-300,19,30,12,6,-8,0,1,0,0,0,0,0,0,1,0,0,0
1086,542500,-355,19,30,14,6,-8,0,1,0,0,0,0,0,0,1,0,0,0
1087,543000,-404,18,30,14,6,-8,0,1,0,0,0,0,0,0,1,0,0,0
1088,543500,-447,18,30,14,6,-8,0,1,0,0,0,0,0,0,1,0,0,0
1089,544000,-473,18,30,14,6,-8,0,1,0,0,0,0,0,0,1,0,0,0
1090,544500,-491,18,30,14,8,-8,0,1,0,0,0,0,0,0,1,0,0,0
1091,545000,-492,19,30,15,6,-8,0,1,0,0,0,0,0,0,1,0,0,0
1092,545500,-484,19,31,15,8,-7,0,1,0,0,0,0,0,0,1,0,0,0
1093,546000,-465,18,31,13,9,-7,0,1,0,0,0,0,0,0,1,0,0,0
1094,546500,-431,18,31,14,7,-8,0,1,0,0,0,0,0,0,1,0,0,0
1095,547000,-387,19,31,14,8,-8,0,1,0,0,0,0,0,0,1,0,0,0
1096,547500,-339,18,31,13,8,-8,0,1,0,0,0,0,0,0,1,0,0,0
1097,548000,-274,18,30,12,7,-8,0,1,0,0,0,0,0,0,1,0,0,0
1098,548500,-205,19,30,12,6,-8,0,1,0,0,0,0,0,0,1,0,0,0
1099,549000,-113,19,30,12,6,-8,0,1,0,0,0,0,0,0,1,0,0,0
1100,549500,-34,19,30,12,6,-8,0,1,0,0,0,0,0,0,1,0,0,0
1101,550000,44,19,31,12,8,-7,0,1,0,0,0,0,0,0,1,0,0,0
1102,550500,123,18,31,12,7,-8,0,1,0,0,0,0,0,0,1,0,0,0
1103,551000,200,20,31,9,8,-8,0,1,0,0,0,0,0,0,1,0,0,0
1104,551500,269,18,30,9,7,-8,0,1,0,0,0,0,0,0,1,0,0,0
1105,552000,315,18,30,11,6,-8,0,1,0,0,0,0,0,0,1,0,0,0
1106,552500,375,18,30,9,7,-7,0,1,0,0,0,0,0,0,1,0,0,0
1107,553000,424,19,31,11,9,-7,0,1,0,0,0,0,0,0,1,0,0,0
1108,553500,462,19,31,9,9,-7,0,1,0,0,0,0,0,0,1,0,0,0
1109,554000,488,19,31,9,8,-8,0,1,0,0,0,0,0,0,1,0,0,0
1110,554500,504,19,31,9,9,-7,0,1,0,0,0,0,0,0,1,0,0,0
1111,555000,509,18,31,9,7,-7,0,1,0,0,0,0,0,0,1,0,0,0
1112,555500,501,19,30,9,8,-7,0,1,0,0,0,0,0,0,1,0,0,0
1113,556000,479,19,31,9,9,-7,0,1,0,0,0,0,0,0,1,0,0,0
1114,556500,450,19,31,9,7,-8,0,1,0,0,0,0,0,0,1,0,0,0
1115,557000,406,19,31,9,8,-7,0,1,0,0,0,0,0,0,1,0,0,0
1116,557500,353,20,31,9,9,-8,0,1,0,0,0,0,0,0,1,0,0,0
1117,558000,289,18,31,9,7,-9,0,1,0,0,0,0,0,0,1,0,0,0
1118,558500,238,18,32,9,6,-7,0,1,0,0,0,0,0,0,1,0,0,0
1119,559000,168,18,31,9,8,-8,0,1,0,0,0,0,0,0,1,0,0,0
1120,559500,91,19,31,12,8,-7,0,1,0,0,0,0,0,0,1,0,0,0
1121,560000,12,19,31,12,8,-7,0,1,0,0,0,0,0,0,1,0,0,0
1122,560500,-66,19,31,12,8,-8,0,1,0,0,0,0,0,0,1,0,0,0
1123,561000,-144,19,31,12,6,-8,0,1,0,0,0,0,0,0,1,0,0,0
1124,561500,-233,19,30,12,6,-8,0,1,0,0,0,0,0,0,1,0,0,0
1125,562000,-300,19,31,14,6,-8,0,1,0,0,0,0,0,0,1,0,0,0
1126,562500,-361,18,31,13,8,-7,0,1,0,0,0,0,0,0,1,0,0,0
1127,563000,-406,19,31,14,9,-7,0,1,0,0,0,0,0,0,1,0,0,0
1128,563500,-447,18,38,13,9,-7,0,1,0,0,0,0,0,0,1,0,0,0
1129,564000,-473,20,33,12,8,-3,0,1,0,0,0,0,0,0,1,0,0,0
1130,564500,-491,18,30,14,7,-6,0,1,0,0,0,0,0,0,1,0,0,0
1131,565000,-495,18,30,15,8,-8,0,1,0,0,0,0,0,0,1,0,0,0
1132,565500,-484,19,30,15,6,-8,0,1,0,0,0,0,0,0,1,0,0,0
1133,566000,-465,18,30,15,6,-8,0,1,0,0,0,0,0,0,1,0,0,0
1134,566500,-430,19,31,15,6,-8,0,1,0,0,0,0,0,0,1,0,0,0
1135,567000,-387,18,30,12,7,-8,0,1,0,0,0,0,0,0,1,0,0,0
1136,567500,-335,19,31,14,8,-7,0,1,0,0,0,0,0,0,1,0,0,0
1137,568000,-274,20,31,13,8,-7,0,1,0,0,0,0,0,0,1,0,0,0
1138,568500,-186,18,32,12,9,-7,0,1,0,0,0,0,0,0,1,0,0,0
1139,569000,-109,20,31,12,8,-7,0,1,0,0,0,0,0,0,1,0,0,0
1140,569500,-31,19,31,12,8,-7,0,1,0,0,0,0,0,0,1,0,0,0
1141,570000,47,19,31,12,8,-7,0,1,0,0,0,0,0,0,1,0,0,0
1142,570500,125,18,31,9,6,-7,0,1,0,0,0,0,0,0,1,0,0,0
1143,571000,201,19,31,11,8,-7,0,1,0,0,0,0,0,0,1,0,0,0
1144,571500,273,18,36,8,7,-7,0,1,0,0,0,0,0,0,1,0,0,0
1145,572000,319,19,32,11,8,-7,0,1,0,0,0,0,0,0,1,0,0,0
1146,572500,376,18,30,9,8,-7,0,1,0,0,0,0,0,0,1,0,0,0
1147,573000,426,13,31,9,9,-7,0,1,0,0,0,0,0,0,1,0,0,0
1148,573500,462,17,30,9,7,-8,0,1,0,0,0,0,0,0,1,0,0,0
1149,574000,488,19,30,9,8,-8,0,1,0,0,0,0,0,0,1,0,0,0
1150,574500,504,18,32,9,6,-7,0,1,0,0,0,0,0,0,1,0,0,0
1151,575000,509,18,31,9,6,-7,0,1,0,0,0,0,0,0,1,0,0,0
1152,575500,501,18,30,9,7,-8,0,1,0,0,0,0,0,0,1,0,0,0
1153,576000,479,18,32,9,6,-7,0,1,0,0,0,0,0,0,1,0,0,0
1154,576500,450,18,31,9,8,-7,0,1,0,0,0,0,0,0,1,0,0,0
1155,577000,405,19,30,9,8,-8,0,1,0,0,0,0,0,0,1,0,0,0
1156,577500,352,18,31,9,6,-7,0,1,0,0,0,0,0,0,1,0,0,0
1157,578000,289,20,31,9,8,-7,0,1,0,0,0,0,0,0,1,0,0,0
1158,578500,239,20,31,8,9,-7,0,1,0,0,0,0,0,0,1,0,0,0
1159,579000,165,18,30,9,8,-8,0,1,0,0,0,0,0,0,1,0,0,0
1160,579500,87,19,32,11,9,-7,0,1,0,0,0,0,0,0,1,0,0,0
1161,580000,8,19,30,12,7,-8,0,1,0,0,0,0,0,0,1,0,0,0
1162,580500,-70,19,31,12,8,-8,0,1,0,0,0,0,0,0,1,0,0,0
1163,581000,-145,18,30,12,6,-8,0,1,0,0,0,0,0,0,1,0,0,0
1164,581500,-235,19,31,12,8,-7,0,1,0,0,0,0,0,0,1,0,0,0
1165,582000,-300,18,30,12,6,-8,0,1,0,0,0,0,0,0,1,0,0,0
1166,582500,-361,18,31,12,8,-7,0,1,0,0,0,0,0,0,1,0,0,0
1167,583000,-408,18,31,12,9,-7,0,1,0,0,0,0,0,0,1,0,0,0
1168,583500,-447,19,31,14,7,-8,0,1,0,0,0,0,0,0,1,0,0,0
1169,584000,-473,19,31,13,8,-7,0,1,0,0,0,0,0,0,1,0,0,0
1170,584500,-491,19,31,14,8,-7,0,1,0,0,0,0,0,0,1,0,0,0
1171,585000,-495,20,31,13,9,-7,0,1,0,0,0,0,0,0,1,0,0,0
1172,585500,-484,19,30,15,8,-8,0,1,0,0,0,0,0,0,1,0,0,0
1173,586000,-465,19,30,15,6,-8,0,1,0,0,0,0,0,0,1,0,0,0
1174,586500,-430,19,31,13,8,-8,0,1,0,0,0,0,0,0,1,0,0,0
1175,587000,-387,18,31,12,7,-8,0,1,0,0,0,0,0,0,1,0,0,0
1176,587500,-335,18,30,12,8,-8,0,1,0,0,0,0,0,0,1,0,0,0
1177,588000,-274,19,30,14,6,-8,0,1,0,0,0,0,0,0,1,0,0,0
1178,588500,-199,19,31,14,8,-8,0,1,0,0,0,0,0,0,1,0,0,0
1179,589000,-109,18,31,13,6,-8,0,1,0,0,0,0,0,0,1,0,0,0
1180,589500,-28,18,30,12,8,-8,0,1,0,0,0,0,0,0,1,0,0,0
1181,590000,49,18,30,12,8,-8,0,1,0,0,0,0,0,0,1,0,0,0
1182,590500,127,18,31,11,8,-7,0,1,0,0,0,0,0,0,1,0,0,0
1183,591000,203,18,30,9,8,-8,0,1,0,0,0,0,0,0,1,0,0,0
1184,591500,273,19,31,9,8,-8,0,1,0,0,0,0,0,0,1,0,0,0
1185,592000,321,19,31,11,8,-7,0,1,0,0,0,0,0,0,1,0,0,0
1186,592500,376,19,30,9,8,-8,0,1,0,0,0,0,0,0,1,0,0,0
1187,593000,427,19,31,9,8,-8,0,1,0,0,0,0,0,0,1,0,0,0
1188,593500,462,18,30,9,7,-8,0,1,0,0,0,0,0,0,1,0,0,0
1189,594000,488,19,31,9,8,-7,0,1,0,0,0,0,0,0,1,0,0,0
1190,594500,505,18,30,9,8,-8,0,1,0,0,0,0,0,0,1,0,0,0
1191,595000,509,19,31,9,9,-7,0,1,0,0,0,0,0,0,1,0,0,0
1192,595500,501,18,30,9,7,-8,0,1,0,0,0,0,0,0,1,0,0,0
1193,596000,479,18,31,9,6,-7,0,1,0,0,0,0,0,0,1,0,0,0
1194,596500,445,18,31,9,6,-8,0,1,0,0,0,0,0,0,1,0,0,0
1195,597000,402,18,32,9,6,-7,0,1,0,0,0,0,0,0,1,0,0,0
1196,597500,350,20,31,9,9,-7,0,1,0,0,0,0,0,0,1,0,0,0
1197,598000,288,19,31,12,9,-7,0,1,0,0,0,0,0,0,1,0,0,0
1198,598500,237,18,30,9,7,-8,0,1,0,0,0,0,0,0,1,0,0,0
1199,599000,164,17,31,9,6,-7,0,1,0,0,0,0,0,0,1,0,0,0
1200,599500,84,18,31,12,8,-7,0,1,0,0,0,0,0,0,1,0,0,0
1201,600000,6,19,31,11,8,-7,0,1,0,0,0,0,0,0,1,0,0,0
1202,600500,-72,20,31,12,8,-7,0,1,0,0,0,0,0,0,1,0,0,0
1203,601000,-147,19,31,14,8,-8,0,1,0,0,0,0,0,0,1,0,0,0
1204,601500,-239,19,31,14,8,-8,0,1,0,0,0,0,0,0,1,0,0,0
1205,602000,-301,18,30,13,6,-8,0,1,0,0,0,0,0,0,1,0,0,0
1206,602500,-361,18,32,12,8,-7,0,1,0,0,0,0,0,0,1,0,0,0
1207,603000,-408,20,31,12,8,-7,0,1,0,0,0,0,0,0,1,0,0,0
1208,603500,-447,18,33,12,9,-7,0,1,0,0,0,0,0,0,1,0,0,0
1209,604000,-474,19,31,15,7,-8,0,1,0,0,0,0,0,0,1,0,0,0
1210,604500,-491,18,30,14,6,-8,0,1,0,0,0,0,0,0,1,0,0,0
1211,605000,-492,19,31,16,8,-7,0,1,0,0,0,0,0,0,1,0,0,0
1212,605500,-486,18,30,14,6,-8,0,1,0,0,0,0,0,0,1,0,0,0
1213,606000,-465,19,31,15,8,-8,0,1,0,0,0,0,0,0,1,0,0,0
1214,606500,-430,18,31,13,9,-7,0,1,0,0,0,0,0,0,1,0,0,0
1215,607000,-387,18,30,14,7,-7,0,1,0,0,0,0,0,0,1,0,0,0
1216,607500,-330,19,30,14,6,-8,0,1,0,0,0,0,0,0,1,0,0,0
1217,608000,-267,18,30,13,6,-8,0,1,0,0,0,0,0,0,1,0,0,0
1218,608500,-198,19,30,12,6,-8,0,1,0,0,0,0,0,0,1,0,0,0
1219,609000,-106,19,30,12,6,-8,0,1,0,0,0,0,0,0,1,0,0,0
1220,609500,-28,19,31,12,8,-7,0,1,0,0,0,0,0,0,1,0,0,0
1221,610000,52,18,31,12,6,-8,0,1,0,0,0,0,0,0,1,0,0,0
1222,610500,130,18,30,11,8,-8,0,1,0,0,0,0,0,0,1,0,0,0
1223,611000,205,18,30,9,6,-8,0,1,0,0,0,0,0,0,1,0,0,0
1224,611500,276,19,31,8,8,-7,0,1,0,0,0,0,0,0,1,0,0,0
1225,612000,323,19,31,11,8,-7,0,1,0,0,0,0,0,0,1,0,0,0
1226,612500,381,18,30,9,8,-8,0,1,0,0,0,0,0,0,1,0,0,0
1227,613000,428,20,31,9,8,-7,0,1,0,0,0,0,0,0,1,0,0,0
1228,613500,465,20,31,9,9,-7,0,1,0,0,0,0,0,0,1,0,0,0
1229,614000,488,18,30,9,8,-8,0,1,0,0,0,0,0,0,1,0,0,0
1230,614500,505,18,30,9,8,-8,0,1,0,0,0,0,0,0,1,0,0,0
1231,615000,508,18,31,9,6,-7,0,1,0,0,0,0,0,0,1,0,0,0
1232,615500,500,19,31,9,8,-7,0,1,0,0,0,0,0,0,1,0,0,0
1233,616000,479,20,31,9,9,-7,0,1,0,0,0,0,0,0,1,0,0,0
1234,616500,445,18,30,9,7,-8,0,1,0,0,0,0,0,0,1,0,0,0
1235,617000,402,18,30,9,6,-8,0,1,0,0,0,0,0,0,1,0,0,0
1236,617500,347,18,30,9,6,-8,0,1,0,0,0,0,0,0,1,0,0,0
1237,618000,286,19,31,11,8,-7,0,1,0,0,0,0,0,0,1,0,0,0
1238,618500,235,19,30,9,8,-7,0,1,0,0,0,0,0,0,1,0,0,0
1239,619000,161,19,31,11,8,-7,0,1,0,0,0,0,0,0,1,0,0,0
1240,619500,83,19,31,12,8,-7,0,1,0,0,0,0,0,0,1,0,0,0
1241,620000,5,19,31,11,9,-7,0,1,0,0,0,0,0,0,1,0,0,0
1242,620500,-75,18,30,12,7,-8,0,1,0,0,0,0,0,0,1,0,0,0
1243,621000,-150,19,30,12,6,-8,0,1,0,0,0,0,0,0,1,0,0,0
1244,621500,-239,20,31,12,8,-8,0,1,0,0,0,0,0,0,1,0,0,0
1245,622000,-304,20,31,12,8,-7,0,1,0,0,0,0,0,0,1,0,0,0
1246,622500,-361,18,30,12,6,-8,0,1,0,0,0,0,0,0,1,0,0,0
1247,623000,-413,19,30,15,6,-8,0,1,0,0,0,0,0,0,1,0,0,0
1248,623500,-448,19,30,14,6,-8,0,1,0,0,0,0,0,0,1,0,0,0
1249,624000,-478,18,30,14,6,-8,0,1,0,0,0,0,0,0,1,0,0,0
1250,624500,-491,19,30,15,6,-8,0,1,0,0,0,0,0,0,1,0,0,0
1251,625000,-492,19,31,15,6,-8,0,1,0,0,0,0,0,0,1,0,0,0
1252,625500,-483,20,31,14,8,-7,0,1,0,0,0,0,0,0,1,0,0,0
1253,626000,-465,19,30,14,6,-8,0,1,0,0,0,0,0,0,1,0,0,0
1254,626500,-430,18,30,13,6,-8,0,1,0,0,0,0,0,0,1,0,0,0
1255,627000,-387,18,31,14,8,-8,0,1,0,0,0,0,0,0,1,0,0,0
1256,627500,-328,19,31,13,8,-7,0,1,0,0,0,0,0,0,1,0,0,0
1257,628000,-265,18,31,12,6,-8,0,1,0,0,0,0,0,0,1,0,0,0
1258,628500,-196,19,31,12,8,-8,0,1,0,0,0,0,0,0,1,0,0,0
1259,629000,-103,18,30,12,6,-8,0,1,0,0,0,0,0,0,1,0,0,0
1260,629500,-25,18,30,12,6,-8,0,1,0,0,0,0,0,0,1,0,0,0
1261,630000,56,18,30,12,6,-8,0,1,0,0,0,0,0,0,1,0,0,0
1262,630500,131,19,31,11,8,-8,0,1,0,0,0,0,0,0,1,0,0,0
1263,631000,208,18,30,9,7,-8,0,1,0,0,0,0,0,0,1,0,0,0
1264,631500,277,18,30,9,6,-8,0,1,0,0,0,0,0,0,1,0,0,0
1265,632000,324,19,31,11,9,-7,0,1,0,0,0,0,0,0,1,0,0,0
1266,632500,382,20,31,9,9,-7,0,1,0,0,0,0,0,0,1,0,0,0
1267,633000,428,18,30,9,7,-8,0,1,0,0,0,0,0,0,1,0,0,0
1268,633500,466,18,32,9,6,-7,0,1,0,0,0,0,0,0,1,0,0,0
1269,634000,491,20,31,9,8,-7,0,1,0,0,0,0,0,0,1,0,0,0
1270,634500,505,18,30,9,7,-8,0,1,0,0,0,0,0,0,1,0,0,0
1271,635000,508,18,31,9,6,-7,0,1,0,0,0,0,0,0,1,0,0,0
1272,635500,497,19,31,9,8,-7,0,1,0,0,0,0,0,0,1,0,0,0
1273,636000,477,18,30,9,8,-8,0,1,0,0,0,0,0,0,1,0,0,0
1274,636500,444,19,31,9,9,-8,0,1,0,0,0,0,0,0,1,0,0,0
1275,637000,400,19,31,9,8,-8,0,1,0,0,0,0,0,0,1,0,0,0
1276,637500,346,19,31,9,8,-8,0,1,0,0,0,0,0,0,1,0,0,0
1277,638000,280,19,31,9,9,-7,0,1,0,0,0,0,0,0,1,0,0,0
1278,638500,234,20,31,9,9,-7,0,1,0,0,0,0,0,0,1,0,0,0
1279,639000,160,18,31,9,8,-7,0,1,0,0,0,0,0,0,1,0,0,0
1280,639500,80,18,30,12,6,-8,0,1,0,0,0,0,0,0,1,0,0,0
1281,640000,2,19,31,12,7,-8,0,1,0,0,0,0,0,0,1,0,0,0
1282,640500,-78,18,30,12,6,-8,0,1,0,0,0,0,0,0,1,0,0,0
1283,641000,-150,18,31,12,8,-7,0,1,0,0,0,0,0,0,1,0,0,0
1284,641500,-240,19,31,14,8,-7,0,1,0,0,0,0,0,0,1,0,0,0
1285,642000,-309,20,31,13,8,-7,0,1,0,0,0,0,0,0,1,0,0,0
1286,642500,-363,19,31,12,8,-7,0,1,0,0,0,0,0,0,1,0,0,0
1287,643000,-413,18,32,12,9,-7,0,1,0,0,0,0,0,0,1,0,0,0
1288,643500,-449,18,30,14,7,-7,0,1,0,0,0,0,0,0,1,0,0,0
1289,644000,-478,18,32,14,8,-7,0,1,0,0,0,0,0,0,1,0,0,0
1290,644500,-491,18,31,14,8,-8,0,1,0,0,0,0,0,0,1,0,0,0
1291,645000,-492,19,31,15,6,-7,0,1,0,0,0,0,0,0,1,0,0,0
1292,645500,-482,18,32,13,9,-7,0,1,0,0,0,0,0,0,1,0,0,0
1293,646000,-460,19,31,15,7,-8,0,1,0,0,0,0,0,0,1,0,0,0
1294,646500,-430,18,30,14,6,-8,0,1,0,0,0,0,0,0,1,0,0,0
1295,647000,-380,19,31,15,7,-8,0,1,0,0,0,0,0,0,1,0,0,0
1296,647500,-326,18,31,13,9,-7,0,1,0,0,0,0,0,0,1,0,0,0
1297,648000,-265,19,30,12,7,-8,0,1,0,0,0,0,0,0,1,0,0,0
1298,648500,-178,18,30,14,6,-8,0,1,0,0,0,0,0,0,1,0,0,0
1299,649000,-101,18,30,13,8,-8,0,1,0,0,0,0,0,0,1,0,0,0
1300,649500,-22,18,30,12,6,-8,0,1,0,0,0,0,0,0,1,0,0,0
1301,650000,58,20,32,12,8,-7,0,1,0,0,0,0,0,0,1,0,0,0
1302,650500,134,19,31,12,8,-7,0,1,0,0,0,0,0,0,1,0,0,0
1303,651000,211,18,32,9,6,-7,0,1,0,0,0,0,0,0,1,0,0,0
1304,651500,279,18,30,9,6,-8,0,1,0,0,0,0,0,0,1,0,0,0
1305,652000,324,18,30,9,6,-8,0,1,0,0,0,0,0,0,1,0,0,0
1306,652500,384,19,31,11,8,-7,0,1,0,0,0,0,0,0,1,0,0,0
1307,653000,431,20,31,9,9,-7,0,1,0,0,0,0,0,0,1,0,0,0
1308,653500,467,19,31,9,8,-7,0,1,0,0,0,0,0,0,1,0,0,0
1309,654000,491,18,33,9,7,-7,0,1,0,0,0,0,0,0,1,0,0,0
1310,654500,505,18,31,9,6,-7,0,1,0,0,0,0,0,0,1,0,0,0
1311,655000,508,18,30,9,6,-8,0,1,0,0,0,0,0,0,1,0,0,0
1312,655500,497,19,31,9,8,-7,0,1,0,0,0,0,0,0,1,0,0,0
1313,656000,477,18,30,9,8,-8,0,1,0,0,0,0,0,0,1,0,0,0
1314,656500,443,19,31,9,9,-7,0,1,0,0,0,0,0,0,1,0,0,0
1315,657000,398,18,30,9,8,-8,0,1,0,0,0,0,0,0,1,0,0,0
1316,657500,345,18,31,9,6,-7,0,1,0,0,0,0,0,0,1,0,0,0
1317,658000,280,18,31,11,7,-7,0,1,0,0,0,0,0,0,1,0,0,0
1318,658500,232,18,31,9,6,-7,0,1,0,0,0,0,0,0,1,0,0,0
1319,659000,156,18,31,11,6,-7,0,1,0,0,0,0,0,0,1,0,0,0
1320,659500,78,20,31,11,8,-7,0,1,0,0,0,0,0,0,1,0,0,0
1321,660000,-3,18,30,12,7,-8,0,1,0,0,0,0,0,0,1,0,0,0
1322,660500,-80,20,31,12,8,-7,0,1,0,0,0,0,0,0,1,0,0,0
1323,661000,-155,19,31,12,8,-7,0,1,0,0,0,0,0,0,1,0,0,0
1324,661500,-244,18,30,12,7,-8,0,1,0,0,0,0,0,0,1,0,0,0
1325,662000,-309,19,30,12,6,-8,0,1,0,0,0,0,0,0,1,0,0,0
1326,662500,-365,18,30,12,6,-8,0,1,0,0,0,0,0,0,1,0,0,0
1327,663000,-413,19,30,14,6,-8,0,1,0,0,0,0,0,0,1,0,0,0
1328,663500,-449,20,31,13,8,-7,0,1,0,0,0,0,0,0,1,0,0,0
1329,664000,-478,18,31,14,9,-7,0,1,0,0,0,0,0,0,1,0,0,0
1330,664500,-491,20,31,13,9,-7,0,1,0,0,0,0,0,0,1,0,0,0
1331,665000,-495,18,32,12,9,-7,0,1,0,0,0,0,0,0,1,0,0,0
1332,665500,-482,18,30,14,7,-8,0,1,0,0,0,0,0,0,1,0,0,0
1333,666000,-459,18,30,14,6,-8,0,1,0,0,0,0,0,0,1,0,0,0
1334,666500,-424,19,31,15,8,-7,0,1,0,0,0,0,0,0,1,0,0,0
1335,667000,-378,18,31,13,8,-7,0,1,0,0,0,0,0,0,1,0,0,0
1336,667500,-326,20,31,12,8,-7,0,1,0,0,0,0,0,0,1,0,0,0
1337,668000,-260,18,31,12,9,-6,0,1,0,0,0,0,0,0,1,0,0,0
1338,668500,-175,19,31,14,7,-7,0,1,0,0,0,0,0,0,1,0,0,0
1339,669000,-97,18,31,13,8,-7,0,1,0,0,0,0,0,0,1,0,0,0
1340,669500,-19,18,31,12,9,-6,0,1,0,0,0,0,0,0,1,0,0,0
1341,670000,61,18,31,12,7,-7,0,1,0,0,0,0,0,0,1,0,0,0
1342,670500,137,18,31,12,7,-8,0,1,0,0,0,0,0,0,1,0,0,0
1343,671000,212,18,31,9,6,-8,0,1,0,0,0,0,0,0,1,0,0,0
1344,671500,282,20,31,9,8,-7,0,1,0,0,0,0,0,0,1,0,0,0
1345,672000,329,20,31,9,8,-7,0,1,0,0,0,0,0,0,1,0,0,0
1346,672500,384,20,31,9,9,-7,0,1,0,0,0,0,0,0,1,0,0,0
1347,673000,432,18,31,9,8,-6,0,1,0,0,0,0,0,0,1,0,0,0
1348,673500,468,20,31,9,9,-7,0,1,0,0,0,0,0,0,1,0,0,0
1349,674000,493,18,30,9,7,-8,0,1,0,0,0,0,0,0,1,0,0,0
1350,674500,505,18,31,9,6,-7,0,1,0,0,0,0,0,0,1,0,0,0
1351,675000,509,18,31,9,6,-8,0,1,0,0,0,0,0,0,1,0,0,0
1352,675500,497,18,31,9,6,-7,0,1,0,0,0,0,0,0,1,0,0,0
1353,676000,476,18,31,9,8,-8,0,1,0,0,0,0,0,0,1,0,0,0
1354,676500,441,18,32,9,8,-7,0,1,0,0,0,0,0,0,1,0,0,0
1355,677000,398,18,31,9,6,-7,0,1,0,0,0,0,0,0,1,0,0,0
1356,677500,341,18,31,9,6,-7,0,1,0,0,0,0,0,0,1,0,0,0
1357,678000,280,18,31,11,8,-7,0,1,0,0,0,0,0,0,1,0,0,0
1358,678500,229,18,31,9,8,-7,0,1,0,0,0,0,0,0,1,0,0,0
1359,679000,155,18,31,11,8,-7,0,1,0,0,0,0,0,0,1,0,0,0
1360,679500,75,18,30,12,6,-7,0,1,0,0,0,0,0,0,1,0,0,0
1361,680000,-3,19,31,12,8,-7,0,1,0,0,0,0,0,0,1,0,0,0
1362,680500,-81,20,31,12,9,-7,0,1,0,0,0,0,0,0,1,0,0,0
1363,681000,-157,19,31,14,7,-7,0,1,0,0,0,0,0,0,1,0,0,0
1364,681500,-248,19,31,12,8,-7,0,1,0,0,0,0,0,0,1,0,0,0
1365,682000,-309,19,31,14,8,-8,0,1,0,0,0,0,0,0,1,0,0,0
1366,682500,-369,19,31,15,8,-8,0,1,0,0,0,0,0,0,1,0,0,0
1367,683000,-413,19,30,14,6,-8,0,1,0,0,0,0,0,0,1,0,0,0
1368,683500,-456,19,31,14,8,-7,0,1,0,0,0,0,0,0,1,0,0,0
1369,684000,-482,19,30,15,6,-7,0,1,0,0,0,0,0,0,1,0,0,0
1370,684500,-491,20,31,14,8,-7,0,1,0,0,0,0,0,0,1,0,0,0
1371,685000,-495,20,31,13,8,-7,0,1,0,0,0,0,0,0,1,0,0,0
1372,685500,-482,18,31,14,7,-8,0,1,0,0,0,0,0,0,1,0,0,0
1373,686000,-460,20,31,14,8,-7,0,1,0,0,0,0,0,0,1,0,0,0
1374,686500,-422,18,30,14,7,-8,0,1,0,0,0,0,0,0,1,0,0,0
1375,687000,-378,19,31,15,8,-8,0,1,0,0,0,0,0,0,1,0,0,0
1376,687500,-319,18,31,13,8,-8,0,1,0,0,0,0,0,0,1,0,0,0
1377,688000,-257,18,31,12,9,-7,0,1,0,0,0,0,0,0,1,0,0,0
1378,688500,-169,18,31,12,9,-6,0,1,0,0,0,0,0,0,1,0,0,0
1379,689000,-95,18,31,12,7,-8,0,1,0,0,0,0,0,0,1,0,0,0
1380,689500,-16,19,33,12,8,-7,0,1,0,0,0,0,0,0,1,0,0,0
1381,690000,61,19,32,12,8,-7,0,1,0,0,0,0,0,0,1,0,0,0
1382,690500,139,18,30,11,7,-8,0,1,0,0,0,0,0,0,1,0,0,0
1383,691000,212,19,30,9,8,-8,0,1,0,0,0,0,0,0,1,0,0,0
1384,691500,281,18,30,9,8,-8,0,1,0,0,0,0,0,0,1,0,0,0
1385,692000,327,18,30,9,8,-8,0,1,0,0,0,0,0,0,1,0,0,0
1386,692500,382,18,31,9,6,-7,0,1,0,0,0,0,0,0,1,0,0,0
1387,693000,428,19,30,11,8,-7,0,1,0,0,0,0,0,0,1,0,0,0
1388,693500,462,19,31,9,9,-7,0,1,0,0,0,0,0,0,1,0,0,0
1389,694000,488,18,30,9,7,-8,0,1,0,0,0,0,0,0,1,0,0,0
1390,694500,501,19,31,9,8,-8,0,1,0,0,0,0,0,0,1,0,0,0
1391,695000,504,19,31,9,8,-7,0,1,0,0,0,0,0,0,1,0,0,0
1392,695500,493,18,30,9,6,-8,0,1,0,0,0,0,0,0,1,0,0,0
1393,696000,471,18,31,9,6,-7,0,1,0,0,0,0,0,0,1,0,0,0
1394,696500,436,18,30,9,8,-8,0,1,0,0,0,0,0,0,1,0,0,0
1395,697000,392,18,30,9,7,-8,0,1,0,0,0,0,0,0,1,0,0,0
1396,697500,338,18,30,9,6,-8,0,1,0,0,0,0,0,0,1,0,0,0
1397,698000,275,18,30,11,6,-7,0,1,0,0,0,0,0,0,1,0,0,0
1398,698500,226,18,31,9,6,-7,0,1,0,0,0,0,0,0,1,0,0,0
1399,699000,150,18,30,11,6,-8,0,1,0,0,0,0,0,0,1,0,0,0
1400,699500,73,18,30,12,6,-8,0,1,0,0,0,0,0,0,1,0,0,0
1401,700000,-6,18,30,12,6,-8,0,1,0,0,0,0,0,0,1,0,0,0
1402,700500,-83,18,30,12,6,-8,0,1,0,0,0,0,0,0,1,0,0,0
1403,701000,-156,20,31,12,8,-7,0,1,0,0,0,0,0,0,1,0,0,0
1404,701500,-248,18,31,12,9,-6,0,1,0,0,0,0,0,0,1,0,0,0
1405,702000,-309,19,31,12,8,-7,0,1,0,0,0,0,0,0,1,0,0,0
1406,702500,-365,18,31,12,9,-7,0,1,0,0,0,0,0,0,1,0,0,0
1407,703000,-413,18,31,12,9,-6,0,1,0,0,0,0,0,0,1,0,0,0
1408,703500,-448,20,31,12,9,-7,0,1,0,0,0,0,0,0,1,0,0,0
1409,704000,-473,18,32,12,9,-7,0,1,0,0,0,0,0,0,1,0,0,0
1410,704500,-486,18,31,14,7,-8,0,1,0,0,0,0,0,0,1,0,0,0
1411,705000,-491,19,30,15,8,-8,0,1,0,0,0,0,0,0,1,0,0,0
1412,705500,-478,18,30,14,6,-7,0,1,0,0,0,0,0,0,1,0,0,0
1413,706000,-456,18,31,14,8,-7,0,1,0,0,0,0,0,0,1,0,0,0
1414,706500,-421,20,31,13,9,-7,0,1,0,0,0,0,0,0,1,0,0,0
1415,707000,-372,19,30,14,9,-5,0,1,0,0,0,0,0,0,1,0,0,0
1416,707500,-317,18,31,13,9,-6,0,1,0,0,0,0,0,0,1,0,0,0
1417,708000,-257,18,30,12,8,-7,0,1,0,0,0,0,0,0,1,0,0,0
1418,708500,-167,20,31,12,8,-7,0,1,0,0,0,0,0,0,1,0,0,0
1419,709000,-94,18,30,12,6,-7,0,1,0,0,0,0,0,0,1,0,0,0
1420,709500,-14,20,31,12,8,-7,0,1,0,0,0,0,0,0,1,0,0,0
1421,710000,62,19,31,12,8,-7,0,1,0,0,0,0,0,0,1,0,0,0
1422,710500,141,18,32,9,7,-7,0,1,0,0,0,0,0,0,1,0,0,0
1423,711000,215,19,31,9,8,-7,0,1,0,0,0,0,0,0,1,0,0,0
1424,711500,283,19,31,9,8,-7,0,1,0,0,0,0,0,0,1,0,0,0
1425,712000,328,19,31,11,8,-7,0,1,0,0,0,0,0,0,1,0,0,0
1426,712500,384,18,31,9,7,-7,0,1,0,0,0,0,0,0,1,0,0,0
1427,713000,428,19,31,11,8,-7,0,1,0,0,0,0,0,0,1,0,0,0
1428,713500,466,19,30,9,8,-8,0,1,0,0,0,0,0,0,1,0,0,0
1429,714000,488,19,31,9,8,-7,0,1,0,0,0,0,0,0,1,0,0,0
1430,714500,501,19,31,9,9,-7,0,1,0,0,0,0,0,0,1,0,0,0
1431,715000,503,19,31,9,8,-7,0,1,0,0,0,0,0,0,1,0,0,0
1432,715500,493,18,31,9,7,-8,0,1,0,0,0,0,0,0,1,0,0,0
1433,716000,470,20,31,9,9,-7,0,1,0,0,0,0,0,0,1,0,0,0
1434,716500,436,19,31,9,8,-7,0,1,0,0,0,0,0,0,1,0,0,0
1435,717000,391,18,30,9,7,-8,0,1,0,0,0,0,0,0,1,0,0,0
1436,717500,337,19,30,11,8,-8,0,1,0,0,0,0,0,0,1,0,0,0
1437,718000,292,19,31,9,9,-7,0,1,0,0,0,0,0,0,1,0,0,0
1438,718500,222,19,30,9,8,-7,0,1,0,0,0,0,0,0,1,0,0,0
1439,719000,148,19,31,11,8,-7,0,1,0,0,0,0,0,0,1,0,0,0
1440,719500,70,19,31,12,8,-7,0,1,0,0,0,0,0,0,1,0,0,0
1441,720000,-6,20,31,12,8,-7,0,1,0,0,0,0,0,0,1,0,0,0
1442,720500,-84,20,31,12,8,-7,0,1,0,0,0,0,0,0,1,0,0,0
1443,721000,-160,19,31,14,8,-7,0,1,0,0,0,0,0,0,1,0,0,0
1444,721500,-248,20,31,12,8,-7,0,1,0,0,0,0,0,0,1,0,0,0
1445,722000,-310,18,30,12,7,-7,0,1,0,0,0,0,0,0,1,0,0,0
1446,722500,-369,19,30,14,6,-8,0,1,0,0,0,0,0,0,1,0,0,0
1447,723000,-413,19,30,14,7,-8,0,1,0,0,0,0,0,0,1,0,0,0
1448,723500,-452,18,30,14,8,-8,0,1,0,0,0,0,0,0,1,0,0,0
1449,724000,-473,18,33,14,9,-7,0,1,0,0,0,0,0,0,1,0,0,0
1450,724500,-491,18,30,14,7,-7,0,1,0,0,0,0,0,0,1,0,0,0
1451,725000,-491,18,30,14,6,-8,0,1,0,0,0,0,0,0,1,0,0,0
1452,725500,-478,18,30,14,6,-8,0,1,0,0,0,0,0,0,1,0,0,0
1453,726000,-456,19,31,15,8,-8,0,1,0,0,0,0,0,0,1,0,0,0
1454,726500,-417,18,31,13,9,-7,0,1,0,0,0,0,0,0,1,0,0,0
1455,727000,-374,18,31,12,8,-7,0,1,0,0,0,0,0,0,1,0,0,0
1456,727500,-317,19,31,12,9,-7,0,1,0,0,0,0,0,0,1,0,0,0
1457,728000,-257,19,31,14,8,-7,0,1,0,0,0,0,0,0,1,0,0,0
1458,728500,-166,20,31,13,8,-7,0,1,0,0,0,0,0,0,1,0,0,0
1459,729000,-91,18,30,12,7,-7,0,1,0,0,0,0,0,0,1,0,0,0
1460,729500,-12,18,30,12,6,-8,0,1,0,0,0,0,0,0,1,0,0,0
1461,730000,67,20,31,12,8,-7,0,1,0,0,0,0,0,0,1,0,0,0
1462,730500,143,18,31,11,7,-6,0,1,0,0,0,0,0,0,1,0,0,0
1463,731000,215,20,31,9,8,-7,0,1,0,0,0,0,0,0,1,0,0,0
1464,731500,286,19,31,9,8,-7,0,1,0,0,0,0,0,0,1,0,0,0
1465,732000,330,18,31,9,7,-7,0,1,0,0,0,0,0,0,1,0,0,0
1466,732500,384,18,31,9,6,-7,0,1,0,0,0,0,0,0,1,0,0,0
1467,733000,431,20,31,9,9,-7,0,1,0,0,0,0,0,0,1,0,0,0
1468,733500,466,19,31,9,9,-7,0,1,0,0,0,0,0,0,1,0,0,0
1469,734000,488,19,31,9,8,-7,0,1,0,0,0,0,0,0,1,0,0,0
1470,734500,501,20,31,9,9,-7,0,1,0,0,0,0,0,0,1,0,0,0
1471,735000,503,18,30,9,7,-8,0,1,0,0,0,0,0,0,1,0,0,0
1472,735500,491,18,30,9,6,-8,0,1,0,0,0,0,0,0,1,0,0,0
1473,736000,469,18,31,9,6,-7,0,1,0,0,0,0,0,0,1,0,0,0
1474,736500,434,18,33,9,6,-7,0,1,0,0,0,0,0,0,1,0,0,0
1475,737000,389,18,32,9,6,-7,0,1,0,0,0,0,0,0,1,0,0,0
1476,737500,332,19,31,11,8,-7,0,1,0,0,0,0,0,0,1,0,0,0
1477,738000,290,19,31,9,9,-7,0,1,0,0,0,0,0,0,1,0,0,0
1478,738500,220,18,31,9,7,-8,0,1,0,0,0,0,0,0,1,0,0,0
1479,739000,146,19,31,11,8,-7,0,1,0,0,0,0,0,0,1,0,0,0
1480,739500,69,19,31,12,8,-8,0,1,0,0,0,0,0,0,1,0,0,0
1481,740000,-11,18,31,12,7,-8,0,1,0,0,0,0,0,0,1,0,0,0
1482,740500,-88,19,31,12,8,-7,0,1,0,0,0,0,0,0,1,0,0,0
1483,741000,-162,19,30,12,6,-7,0,1,0,0,0,0,0,0,1,0,0,0
1484,741500,-249,20,31,12,8,-7,0,1,0,0,0,0,0,0,1,0,0,0
1485,742000,-311,20,31,12,8,-7,0,1,0,0,0,0,0,0,1,0,0,0
1486,742500,-369,19,30,14,8,-8,0,1,0,0,0,0,0,0,1,0,0,0
1487,743000,-413,18,31,13,9,-7,0,1,0,0,0,0,0,0,1,0,0,0
1488,743500,-452,18,30,14,7,-7,0,1,0,0,0,0,0,0,1,0,0,0
1489,744000,-474,18,30,14,6,-8,0,1,0,0,0,0,0,0,1,0,0,0
1490,744500,-486,18,31,14,8,-7,0,1,0,0,0,0,0,0,1,0,0,0
1491,745000,-491,19,31,15,8,-7,0,1,0,0,0,0,0,0,1,0,0,0
1492,745500,-474,18,31,14,6,-7,0,1,0,0,0,0,0,0,1,0,0,0
1493,746000,-449,18,32,13,9,-7,0,1,0,0,0,0,0,0,1,0,0,0
1494,746500,-417,18,31,14,7,-7,0,1,0,0,0,0,0,0,1,0,0,0
