1,0,28,18,33,262,9,-6,0,1,0,0,0,0,0,0,0,0,0,0
2,500,28,19,33,193,8,-6,0,1,0,0,0,0,0,0,0,0,0,0
3,1000,30,21,34,115,9,-6,0,1,0,0,0,0,0,0,0,0,0,0
4,1500,30,21,33,38,9,-6,0,1,0,0,0,0,0,0,0,0,0,0
5,2000,30,22,33,-41,9,-6,0,1,0,0,0,0,0,0,0,0,0,0
6,2500,30,19,34,-115,8,-6,0,1,0,0,0,0,0,0,0,0,0,0
7,3000,31,19,34,-200,6,-6,0,1,0,0,0,0,0,0,0,0,0,0
8,3500,30,21,32,-265,9,-7,0,1,0,0,0,0,0,0,0,0,0,0
9,4000,30,22,31,-331,9,-6,0,1,0,0,0,0,0,0,0,0,0,0
10,4500,30,22,33,-383,9,-7,0,1,0,0,0,0,0,0,0,0,0,0
11,5000,28,20,37,-428,8,-7,0,1,0,0,0,0,0,0,0,0,0,0
12,5500,30,22,34,-464,9,-11,0,1,0,0,0,0,0,0,0,0,0,0
13,6000,28,22,32,-480,8,-8,0,1,0,0,0,0,0,0,0,0,0,0
14,6500,30,22,31,-497,9,-7,0,1,0,0,0,0,0,0,0,0,0,0
15,7000,28,21,31,-498,4,-7,0,1,0,0,0,0,0,0,0,0,0,0
16,7500,28,22,34,-481,8,-7,0,1,0,0,0,0,0,0,0,0,0,0
17,8000,25,22,33,-456,9,-6,0,1,0,0,0,0,0,0,0,0,0,0
18,8500,28,20,32,-422,8,-6,0,1,0,0,0,0,0,0,0,0,0,0
19,9000,28,19,31,-371,8,-7,0,1,0,0,0,0,0,0,0,0,0,0
20,9500,30,22,33,-312,9,-6,0,1,0,0,0,0,0,0,0,0,0,0
21,10000,30,21,32,-250,9,-6,0,1,0,0,0,0,0,0,0,0,0,0
22,10500,28,21,31,-181,9,-6,0,1,0,0,0,0,0,0,0,0,0,0
23,11000,28,19,31,-92,8,-7,0,1,0,0,0,0,0,0,0,0,0,0
24,11500,31,19,33,-13,8,-6,0,1,0,0,0,0,0,0,0,0,0,0
25,12000,28,19,32,65,8,-7,0,1,0,0,0,0,0,0,0,0,0,0
26,12500,31,18,31,140,8,-7,0,1,0,0,0,0,0,0,0,0,0,0
27,13000,30,17,35,211,8,-7,0,1,0,0,0,0,0,0,0,0,0,0
28,13500,28,16,32,279,8,-7,0,1,0,0,0,0,0,0,0,0,0,0
29,14000,28,18,31,329,8,-7,0,1,0,0,0,0,0,0,0,0,0,0
30,14500,28,18,31,384,8,-7,0,1,0,0,0,0,0,0,0,0,0,0
31,15000,30,19,33,430,9,-6,0,1,0,0,0,0,0,0,0,0,0,0
32,15500,28,19,32,465,8,-7,0,1,0,0,0,0,0,0,0,0,0,0
33,16000,28,19,33,489,9,-6,0,1,0,0,0,0,0,0,0,0,0,0
34,16500,28,18,32,498,8,-7,0,1,0,0,0,0,0,0,0,0,0,0
35,17000,28,17,31,495,8,-7,0,1,0,0,0,0,0,0,0,0,0,0
36,17500,28,18,31,482,6,-8,0,1,0,0,0,0,0,0,0,0,0,0
37,18000,30,18,31,457,8,-7,0,1,0,0,0,0,0,0,0,0,0,0
38,18500,28,20,33,419,9,-6,0,1,0,0,0,0,0,0,0,0,0,0
39,19000,30,18,32,372,7,-7,0,1,0,0,0,0,0,0,0,0,0,0
40,19500,28,18,31,314,6,-8,0,1,0,0,0,0,0,0,0,0,0,0
41,20000,28,18,33,262,8,-7,0,1,0,0,0,0,0,0,0,0,0,0
42,20500,28,18,32,192,8,-7,0,1,0,0,0,0,0,0,0,0,0,0
43,21000,29,19,32,117,8,-7,0,1,0,0,0,0,0,0,0,0,0,0
44,21500,28,19,31,37,7,-7,0,1,0,0,0,0,0,0,0,0,0,0
45,22000,28,19,31,-42,8,-7,0,1,0,0,0,0,0,0,0,0,0,0
46,22500,30,22,33,-118,9,-7,0,1,0,0,0,0,0,0,0,0,0,0
47,23000,28,21,32,-190,7,-7,0,1,0,0,0,0,0,0,0,0,0,0
48,23500,28,19,31,-270,8,-7,0,1,0,0,0,0,0,0,0,0,0,0
49,24000,28,21,31,-331,8,-7,0,1,0,0,0,0,0,0,0,0,0,0
50,24500,30,22,32,-384,9,-6,0,1,0,0,0,0,0,0,0,0,0,0
51,25000,28,22,31,-431,9,-7,0,1,0,0,0,0,0,0,0,0,0,0
52,25500,30,22,32,-470,9,-7,0,1,0,0,0,0,0,0,0,0,0,0
53,26000,28,21,31,-490,9,-7,0,1,0,0,0,0,0,0,0,0,0,0
54,26500,31,21,34,-500,8,-6,0,1,0,0,0,0,0,0,0,0,0,0
55,27000,28,21,32,-498,8,-7,0,1,0,0,0,0,0,0,0,0,0,0
56,27500,31,22,32,-482,9,-6,0,1,0,0,0,0,0,0,0,0,0,0
57,28000,28,22,31,-456,9,-7,0,1,0,0,0,0,0,0,0,0,0,0
58,28500,31,21,33,-422,8,-6,0,1,0,0,0,0,0,0,0,0,0,0
59,29000,30,22,33,-371,9,-6,0,1,0,0,0,0,0,0,0,0,0,0
60,29500,28,19,32,-312,8,-7,0,1,0,0,0,0,0,0,0,0,0,0
61,30000,30,22,32,-250,9,-6,0,1,0,0,0,0,0,0,0,0,0,0
62,30500,28,22,31,-181,9,-6,0,1,0,0,0,0,0,0,0,0,0,0
63,31000,31,19,33,-92,8,-6,0,1,0,0,0,0,0,0,0,0,0,0
64,31500,30,19,34,-13,8,-6,0,1,0,0,0,0,0,0,0,0,0,0
65,32000,28,19,32,67,8,-7,0,1,0,0,0,0,0,0,0,0,0,0
66,32500,28,20,33,141,8,-6,0,1,0,0,0,0,0,0,0,0,0,0
67,33000,30,18,32,212,9,-7,0,1,0,0,0,0,0,0,0,0,0,0
68,33500,28,16,31,280,8,-7,0,1,0,0,0,0,0,0,0,0,0,0
69,34000,28,18,31,329,8,-7,0,1,0,0,0,0,0,0,0,0,0,0
70,34500,30,18,31,384,8,-8,0,1,0,0,0,0,0,0,0,0,0,0
71,35000,28,18,33,430,9,-7,0,1,0,0,0,0,0,0,0,0,0,0
72,35500,28,19,33,466,9,-6,0,1,0,0,0,0,0,0,0,0,0,0
73,36000,28,19,33,490,9,-7,0,1,0,0,0,0,0,0,0,0,0,0
74,36500,30,19,33,500,9,-6,0,1,0,0,0,0,0,0,0,0,0,0
75,37000,28,19,33,495,9,-6,0,1,0,0,0,0,0,0,0,0,0,0
76,37500,28,19,33,481,9,-7,0,1,0,0,0,0,0,0,0,0,0,0
77,38000,30,19,34,456,9,-6,0,1,0,0,0,0,0,0,0,0,0,0
78,38500,28,18,32,419,8,-6,0,1,0,0,0,0,0,0,0,0,0,0
79,39000,30,20,33,371,9,-6,0,1,0,0,0,0,0,0,0,0,0,0
80,39500,28,18,32,313,8,-7,0,1,0,0,0,0,0,0,0,0,0,0
81,40000,30,16,31,260,6,-7,0,1,0,0,0,0,0,0,0,0,0,0
82,40500,30,17,31,190,6,-8,0,1,0,0,0,0,0,0,0,0,0,0
83,41000,30,21,33,114,9,-7,0,1,0,0,0,0,0,0,0,0,0,0
84,41500,30,19,32,35,8,-7,0,1,0,0,0,0,0,0,0,0,0,0
85,42000,28,21,31,-43,9,-7,0,1,0,0,0,0,0,0,0,0,0,0
86,42500,30,22,33,-119,9,-7,0,1,0,0,0,0,0,0,0,0,0,0
87,43000,28,19,32,-201,8,-7,0,1,0,0,0,0,0,0,0,0,0,0
88,43500,28,21,31,-270,9,-7,0,1,0,0,0,0,0,0,0,0,0,0
89,44000,28,20,31,-331,8,-7,0,1,0,0,0,0,0,0,0,0,0,0
90,44500,30,22,31,-385,8,-7,0,1,0,0,0,0,0,0,0,0,0,0
91,45000,30,23,33,-435,9,-6,0,1,0,0,0,0,0,0,0,0,0,0
92,45500,30,22,33,-470,9,-6,0,1,0,0,0,0,0,0,0,0,0,0
93,46000,28,21,31,-492,8,-7,0,1,0,0,0,0,0,0,0,0,0,0
94,46500,30,23,33,-500,9,-6,0,1,0,0,0,0,0,0,0,0,0,0
95,47000,30,21,32,-498,8,-7,0,1,0,0,0,0,0,0,0,0,0,0
96,47500,28,21,31,-481,8,-7,0,1,0,0,0,0,0,0,0,0,0,0
97,48000,30,23,33,-456,9,-6,0,1,0,0,0,0,0,0,0,0,0,0
98,48500,30,20,32,-422,8,-7,0,1,0,0,0,0,0,0,0,0,0,0
99,49000,28,21,31,-371,9,-7,0,1,0,0,0,0,0,0,0,0,0,0
100,49500,31,19,33,-312,8,-6,0,1,0,0,0,0,0,0,0,0,0,0
101,50000,28,21,32,-250,9,-6,0,1,0,0,0,0,0,0,0,0,0,0
102,50500,28,19,31,-176,8,-7,0,1,0,0,0,0,0,0,0,0,0,0
103,51000,28,21,31,-89,9,-7,0,1,0,0,0,0,0,0,0,0,0,0
104,51500,30,22,33,-10,9,-7,0,1,0,0,0,0,0,0,0,0,0,0
105,52000,28,21,33,68,9,-6,0,1,0,0,0,0,0,0,0,0,0,0
106,52500,28,19,33,143,9,-6,0,1,0,0,0,0,0,0,0,0,0,0
107,53000,28,17,32,215,8,-7,0,1,0,0,0,0,0,0,0,0,0,0
108,53500,30,18,33,281,9,-6,0,1,0,0,0,0,0,0,0,0,0,0
109,54000,30,18,32,329,8,-7,0,1,0,0,0,0,0,0,0,0,0,0
110,54500,28,19,31,385,8,-7,0,1,0,0,0,0,0,0,0,0,0,0
111,55000,30,18,31,432,8,-7,0,1,0,0,0,0,0,0,0,0,0,0
112,55500,30,18,31,467,8,-8,0,1,0,0,0,0,0,0,0,0,0,0
113,56000,30,18,31,491,8,-7,0,1,0,0,0,0,0,0,0,0,0,0
114,56500,28,19,31,499,8,-7,0,1,0,0,0,0,0,0,0,0,0,0
115,57000,28,18,31,495,8,-7,0,1,0,0,0,0,0,0,0,0,0,0
116,57500,30,20,33,481,9,-7,0,1,0,0,0,0,0,0,0,0,0,0
117,58000,28,19,33,456,9,-7,0,1,0,0,0,0,0,0,0,0,0,0
118,58500,30,18,32,419,8,-7,0,1,0,0,0,0,0,0,0,0,0,0
119,59000,30,18,31,368,8,-7,0,1,0,0,0,0,0,0,0,0,0,0
120,59500,28,18,31,313,8,-8,0,1,0,0,0,0,0,0,0,0,0,0
121,60000,30,18,33,260,9,-7,0,1,0,0,0,0,0,0,0,0,0,0
122,60500,28,19,32,189,8,-7,0,1,0,0,0,0,0,0,0,0,0,0
123,61000,28,19,31,112,8,-7,0,1,0,0,0,0,0,0,0,0,0,0
124,61500,30,21,33,33,9,-6,0,1,0,0,0,0,0,0,0,0,0,0
125,62000,28,19,32,-45,8,-7,0,1,0,0,0,0,0,0,0,0,0,0
126,62500,28,20,31,-121,8,-7,0,1,0,0,0,0,0,0,0,0,0,0
127,63000,30,22,33,-202,9,-6,0,1,0,0,0,0,0,0,0,0,0,0
128,63500,30,22,33,-270,9,-6,0,1,0,0,0,0,0,0,0,0,0,0
129,64000,28,19,31,-332,7,-7,0,1,0,0,0,0,0,0,0,0,0,0
130,64500,31,21,33,-392,8,-6,0,1,0,0,0,0,0,0,0,0,0,0
131,65000,28,22,32,-436,9,-7,0,1,0,0,0,0,0,0,0,0,0,0
132,65500,28,20,31,-470,8,-7,0,1,0,0,0,0,0,0,0,0,0,0
133,66000,28,20,31,-497,8,-7,0,1,0,0,0,0,0,0,0,0,0,0
134,66500,30,23,33,-501,9,-7,0,1,0,0,0,0,0,0,0,0,0,0
135,67000,31,21,34,-498,8,-6,0,1,0,0,0,0,0,0,0,0,0,0
136,67500,31,21,34,-482,8,-5,0,1,0,0,0,0,0,0,0,0,0,0
137,68000,30,22,32,-456,9,-6,0,1,0,0,0,0,0,0,0,0,0,0
138,68500,28,21,31,-422,9,-7,0,1,0,0,0,0,0,0,0,0,0,0
139,69000,30,22,33,-371,9,-6,0,1,0,0,0,0,0,0,0,0,0,0
140,69500,30,22,33,-312,9,-6,0,1,0,0,0,0,0,0,0,0,0,0
141,70000,28,19,31,-250,8,-7,0,1,0,0,0,0,0,0,0,0,0,0
142,70500,28,20,31,-175,8,-7,0,1,0,0,0,0,0,0,0,0,0,0
143,71000,30,22,33,-89,9,-6,0,1,0,0,0,0,0,0,0,0,0,0
144,71500,30,21,33,-10,9,-6,0,1,0,0,0,0,0,0,0,0,0,0
145,72000,31,19,32,70,8,-7,0,1,0,0,0,0,0,0,0,0,0,0
146,72500,28,18,33,146,8,-7,0,1,0,0,0,0,0,0,0,0,0,0
147,73000,30,19,34,217,9,-6,0,1,0,0,0,0,0,0,0,0,0,0
148,73500,30,18,34,283,9,-6,0,1,0,0,0,0,0,0,0,0,0,0
149,74000,28,18,32,333,7,-7,0,1,0,0,0,0,0,0,0,0,0,0
150,74500,30,20,33,387,9,-6,0,1,0,0,0,0,0,0,0,0,0,0
151,75000,28,19,34,433,9,-6,0,1,0,0,0,0,0,0,0,0,0,0
152,75500,28,17,32,468,8,-7,0,1,0,0,0,0,0,0,0,0,0,0
153,76000,30,19,33,491,9,-7,0,1,0,0,0,0,0,0,0,0,0,0
154,76500,28,18,32,500,8,-7,0,1,0,0,0,0,0,0,0,0,0,0
155,77000,28,19,33,496,8,-7,0,1,0,0,0,0,0,0,0,0,0,0
156,77500,28,19,33,482,8,-7,0,1,0,0,0,0,0,0,0,0,0,0
157,78000,30,18,31,457,7,-7,0,1,0,0,0,0,0,0,0,0,0,0
158,78500,30,19,33,418,9,-7,0,1,0,0,0,0,0,0,0,0,0,0
159,79000,28,18,32,368,8,-7,0,1,0,0,0,0,0,0,0,0,0,0
160,79500,28,19,31,308,8,-7,0,1,0,0,0,0,0,0,0,0,0,0
161,80000,30,19,33,257,9,-7,0,1,0,0,0,0,0,0,0,0,0,0
162,80500,28,19,32,188,8,-7,0,1,0,0,0,0,0,0,0,0,0,0
163,81000,30,21,33,111,9,-7,0,1,0,0,0,0,0,0,0,0,0,0
164,81500,30,19,32,31,7,-7,0,1,0,0,0,0,0,0,0,0,0,0
165,82000,31,19,34,-47,8,-6,0,1,0,0,0,0,0,0,0,0,0,0
166,82500,31,19,34,-122,8,-6,0,1,0,0,0,0,0,0,0,0,0,0
167,83000,30,19,34,-203,6,-6,0,1,0,0,0,0,0,0,0,0,0,0
168,83500,28,19,32,-271,8,-7,0,1,0,0,0,0,0,0,0,0,0,0
169,84000,28,21,31,-333,9,-7,0,1,0,0,0,0,0,0,0,0,0,0
170,84500,30,22,33,-392,9,-6,0,1,0,0,0,0,0,0,0,0,0,0
171,85000,28,22,33,-436,9,-6,0,1,0,0,0,0,0,0,0,0,0,0
172,85500,28,22,32,-470,8,-7,0,1,0,0,0,0,0,0,0,0,0,0
173,86000,30,22,31,-497,9,-7,0,1,0,0,0,0,0,0,0,0,0,0
174,86500,28,22,31,-501,9,-6,0,1,0,0,0,0,0,0,1,0,0,0
175,87000,31,20,34,-498,8,-6,0,1,0,0,0,0,0,0,1,0,0,0
176,87500,30,21,32,-481,8,-7,0,1,0,0,0,0,0,0,1,0,0,0
177,88000,28,22,31,-456,9,-6,0,1,0,0,0,0,0,0,1,0,0,0
178,88500,28,20,31,-422,8,-7,0,1,0,0,0,0,0,0,1,0,0,0
179,89000,28,22,35,-371,9,-7,0,1,0,0,0,0,0,0,1,0,0,0
180,89500,31,22,33,-311,9,-6,0,1,0,0,0,0,0,0,1,0,0,0
181,90000,28,20,31,-244,9,-7,0,1,0,0,0,0,0,0,1,0,0,0
182,90500,30,19,31,-174,8,-7,0,1,0,0,0,0,0,0,1,0,0,0
183,91000,28,19,31,-86,8,-7,0,1,0,0,0,0,0,0,1,0,0,0
184,91500,28,19,31,-7,8,-7,0,1,0,0,0,0,0,0,1,0,0,0
185,92000,31,21,33,71,9,-6,0,1,0,0,0,0,0,0,1,0,0,0
186,92500,28,19,32,147,9,-7,0,1,0,0,0,0,0,0,1,0,0,0
187,93000,30,19,33,219,9,-7,0,1,0,0,0,0,0,0,1,0,0,0
188,93500,28,16,32,285,8,-7,0,1,0,0,0,0,0,0,1,0,0,0
189,94000,31,21,34,335,9,-6,0,1,0,0,0,0,0,0,1,0,0,0
190,94500,30,20,34,388,9,-6,0,1,0,0,0,0,0,0,1,0,0,0
191,95000,28,19,32,433,8,-6,0,1,0,0,0,0,0,0,1,0,0,0
192,95500,30,18,31,468,7,-7,0,1,0,0,0,0,0,0,1,0,0,0
193,96000,28,19,31,492,8,-7,0,1,0,0,0,0,0,0,1,0,0,0
194,96500,30,20,33,500,9,-6,0,1,0,0,0,0,0,0,1,0,0,0
195,97000,28,19,32,496,8,-7,0,1,0,0,0,0,0,0,1,0,0,0
196,97500,30,18,31,482,6,-8,0,1,0,0,0,0,0,0,1,0,0,0
197,98000,28,19,31,456,8,-7,0,1,0,0,0,0,0,0,1,0,0,0
198,98500,31,18,31,418,8,-8,0,1,0,0,0,0,0,0,1,0,0,0
199,99000,28,18,31,368,7,-7,0,1,0,0,0,0,0,0,1,0,0,0
200,99500,30,18,31,308,7,-7,0,1,0,0,0,0,0,0,1,0,0,0
201,100000,31,16,31,257,8,-8,0,1,0,0,0,0,0,0,1,0,0,0
202,100500,31,18,31,187,6,-7,0,1,0,0,0,0,0,0,1,0,0,0
203,101000,30,19,31,111,8,-7,0,1,0,0,0,0,0,0,1,0,0,0
204,101500,31,19,31,31,8,-7,0,1,0,0,0,0,0,0,1,0,0,0
205,102000,30,19,31,-47,8,-7,0,1,0,0,0,0,0,0,1,0,0,0
206,102500,31,22,33,-122,9,-6,0,1,0,0,0,0,0,0,1,0,0,0
207,103000,30,21,32,-205,9,-7,0,1,0,0,0,0,0,0,1,0,0,0
208,103500,30,21,31,-271,9,-7,0,1,0,0,0,0,0,0,1,0,0,0
209,104000,31,20,31,-333,8,-7,0,1,0,0,0,0,0,0,1,0,0,0
210,104500,30,21,31,-392,9,-7,0,1,0,0,0,0,0,0,1,0,0,0
211,105000,31,20,34,-436,8,-6,0,1,0,0,0,0,0,0,1,0,0,0
212,105500,30,23,33,-470,9,-6,0,1,0,0,0,0,0,0,1,0,0,0
213,106000,31,23,33,-497,9,-6,0,1,0,0,0,0,0,0,1,0,0,0
214,106500,28,22,32,-500,9,-6,0,1,0,0,0,0,0,0,1,0,0,0
215,107000,31,21,33,-498,8,-6,0,1,0,0,0,0,0,0,1,0,0,0
216,107500,28,22,32,-481,9,-6,0,1,0,0,0,0,0,0,1,0,0,0
217,108000,30,21,31,-456,9,-7,0,1,0,0,0,0,0,0,1,0,0,0
218,108500,28,21,31,-415,9,-7,0,1,0,0,0,0,0,0,1,0,0,0
219,109000,28,21,31,-366,9,-7,0,1,0,0,0,0,0,0,1,0,0,0
220,109500,31,20,34,-310,8,-6,0,1,0,0,0,0,0,0,1,0,0,0
221,110000,31,19,34,-243,8,-6,0,1,0,0,0,0,0,0,1,0,0,0
222,110500,30,22,33,-173,9,-6,0,1,0,0,0,0,0,0,1,0,0,0
223,111000,28,19,32,-85,8,-7,0,1,0,0,0,0,0,0,1,0,0,0
224,111500,28,19,31,-4,8,-7,0,1,0,0,0,0,0,0,1,0,0,0
225,112000,30,19,31,74,8,-7,0,1,0,0,0,0,0,0,1,0,0,0
226,112500,30,19,33,148,8,-7,0,1,0,0,0,0,0,0,1,0,0,0
227,113000,28,19,33,220,9,-7,0,1,0,0,0,0,0,0,1,0,0,0
228,113500,28,16,31,287,8,-7,0,1,0,0,0,0,0,0,1,0,0,0
229,114000,30,18,31,335,8,-7,0,1,0,0,0,0,0,0,1,0,0,0
230,114500,30,17,31,389,6,-8,0,1,0,0,0,0,0,0,1,0,0,0
231,115000,28,18,31,433,8,-7,0,1,0,0,0,0,0,0,1,0,0,0
232,115500,28,19,31,468,8,-7,0,1,0,0,0,0,0,0,1,0,0,0
233,116000,30,18,31,492,8,-7,0,1,0,0,0,0,0,0,1,0,0,0
234,116500,28,18,31,500,8,-7,0,1,0,0,0,0,0,0,1,0,0,0
235,117000,28,18,31,496,8,-7,0,1,0,0,0,0,0,0,1,0,0,0
236,117500,28,18,31,481,8,-7,0,1,0,0,0,0,0,0,1,0,0,0
237,118000,28,18,31,454,8,-7,0,1,0,0,0,0,0,0,1,0,0,0
238,118500,30,18,31,417,6,-7,0,1,0,0,0,0,0,0,1,0,0,0
239,119000,30,18,31,368,7,-7,0,1,0,0,0,0,0,0,1,0,0,0
240,119500,28,20,32,308,8,-7,0,1,0,0,0,0,0,0,1,0,0,0
241,120000,30,16,31,256,8,-8,0,1,0,0,0,0,0,0,1,0,0,0
242,120500,28,17,31,186,8,-7,0,1,0,0,0,0,0,0,1,0,0,0
243,121000,28,20,33,109,9,-7,0,1,0,0,0,0,0,0,1,0,0,0
244,121500,28,21,33,28,9,-6,0,1,0,0,0,0,0,0,1,0,0,0
245,122000,28,19,32,-50,8,-7,0,1,0,0,0,0,0,0,1,0,0,0
246,122500,30,22,33,-124,9,-7,0,1,0,0,0,0,0,0,1,0,0,0
247,123000,28,21,32,-209,9,-7,0,1,0,0,0,0,0,0,1,0,0,0
248,123500,28,21,31,-275,8,-7,0,1,0,0,0,0,0,0,1,0,0,0
249,124000,28,20,31,-340,8,-7,0,1,0,0,0,0,0,0,1,0,0,0
250,124500,30,22,33,-392,9,-7,0,1,0,0,0,0,0,0,1,0,0,0
251,125000,31,19,33,-436,8,-6,0,1,0,0,0,0,0,0,1,0,0,0
252,125500,28,21,32,-471,8,-7,0,1,0,0,0,0,0,0,1,0,0,0
253,126000,28,21,31,-497,9,-7,0,1,0,0,0,0,0,0,1,0,0,0
254,126500,28,21,31,-501,8,-7,0,1,0,0,0,0,0,0,1,0,0,0
255,127000,30,22,31,-498,9,-7,0,1,0,0,0,0,0,0,1,0,0,0
256,127500,30,22,32,-482,9,-6,0,1,0,0,0,0,0,0,1,0,0,0
257,128000,28,19,31,-456,8,-7,0,1,0,0,0,0,0,0,1,0,0,0
258,128500,30,22,33,-416,9,-7,0,1,0,0,0,0,0,0,1,0,0,0
259,129000,28,21,32,-370,8,-7,0,1,0,0,0,0,0,0,1,0,0,0
260,129500,28,21,31,-311,9,-7,0,1,0,0,0,0,0,0,1,0,0,0
261,130000,28,19,34,-243,8,-6,0,1,0,0,0,0,0,0,1,0,0,0
262,130500,29,22,33,-162,9,-6,0,1,0,0,0,0,0,0,1,0,0,0
263,131000,28,21,32,-83,9,-6,0,1,0,0,0,0,0,0,1,0,0,0
264,131500,31,19,33,-4,7,-6,0,1,0,0,0,0,0,0,1,0,0,0
265,132000,28,19,32,74,8,-7,0,1,0,0,0,0,0,0,1,0,0,0
266,132500,28,19,31,149,8,-7,0,1,0,0,0,0,0,0,1,0,0,0
267,133000,28,17,31,221,8,-7,0,1,0,0,0,0,0,0,1,0,0,0
268,133500,30,16,31,288,8,-7,0,1,0,0,0,0,0,0,1,0,0,0
269,134000,30,20,33,338,9,-6,0,1,0,0,0,0,0,0,1,0,0,0
270,134500,28,19,32,393,8,-7,0,1,0,0,0,0,0,0,1,0,0,0
271,135000,28,18,31,438,8,-7,0,1,0,0,0,0,0,0,1,0,0,0
272,135500,28,19,33,473,9,-6,0,1,0,0,0,0,0,0,1,0,0,0
273,136000,28,18,32,495,8,-7,0,1,0,0,0,0,0,0,1,0,0,0
274,136500,30,18,31,503,6,-7,0,1,0,0,0,0,0,0,1,0,0,0
275,137000,28,19,33,499,9,-7,0,1,0,0,0,0,0,0,1,0,0,0
276,137500,28,17,32,484,8,-7,0,1,0,0,0,0,0,0,1,0,0,0
277,138000,28,18,31,458,6,-7,0,1,0,0,0,0,0,0,1,0,0,0
278,138500,30,18,31,419,6,-8,0,1,0,0,0,0,0,0,1,0,0,0
279,139000,28,18,31,368,8,-8,0,1,0,0,0,0,0,0,1,0,0,0
280,139500,28,19,33,308,9,-7,0,1,0,0,0,0,0,0,1,0,0,0
281,140000,30,16,31,256,7,-7,0,1,0,0,0,0,0,0,1,0,0,0
282,140500,28,18,31,185,6,-8,0,1,0,0,0,0,0,0,1,0,0,0
283,141000,28,18,31,109,8,-7,0,1,0,0,0,0,0,0,1,0,0,0
284,141500,30,19,31,28,6,-8,0,1,0,0,0,0,0,0,1,0,0,0
285,142000,28,19,31,-50,8,-7,0,1,0,0,0,0,0,0,1,0,0,0
286,142500,30,22,33,-127,9,-7,0,1,0,0,0,0,0,0,1,0,0,0
287,143000,30,19,34,-209,8,-6,0,1,0,0,0,0,0,0,1,0,0,0
288,143500,28,20,32,-279,8,-7,0,1,0,0,0,0,0,0,1,0,0,0
289,144000,28,19,31,-340,8,-7,0,1,0,0,0,0,0,0,1,0,0,0
290,144500,28,20,31,-393,6,-7,0,1,0,0,0,0,0,0,1,0,0,0
291,145000,28,22,31,-438,9,-7,0,1,0,0,0,0,0,0,1,0,0,0
292,145500,31,20,33,-479,8,-6,0,1,0,0,0,0,0,0,1,0,0,0
293,146000,28,20,32,-497,8,-7,0,1,0,0,0,0,0,0,1,0,0,0
294,146500,28,21,31,-506,9,-7,0,1,0,0,0,0,0,0,1,0,0,0
295,147000,28,22,33,-499,9,-6,0,1,0,0,0,0,0,0,1,0,0,0
296,147500,28,21,32,-483,9,-7,0,1,0,0,0,0,0,0,1,0,0,0
297,148000,30,22,33,-456,9,-7,0,1,0,0,0,0,0,0,1,0,0,0
298,148500,31,22,33,-417,9,-6,0,1,0,0,0,0,0,0,1,0,0,0
299,149000,28,21,31,-370,8,-7,0,1,0,0,0,0,0,0,1,0,0,0
300,149500,30,19,33,-311,8,-6,0,1,0,0,0,0,0,0,1,0,0,0
301,150000,28,19,32,-243,8,-6,0,1,0,0,0,0,0,0,1,0,0,0
302,150500,31,19,33,-173,8,-6,0,1,0,0,0,0,0,0,1,0,0,0
303,151000,28,20,31,-83,9,-7,0,1,0,0,0,0,0,0,1,0,0,0
304,151500,28,22,33,-3,9,-6,0,1,0,0,0,0,0,0,1,0,0,0
305,152000,28,19,34,74,9,-7,0,1,0,0,0,0,0,0,1,0,0,0
306,152500,28,18,32,151,8,-7,0,1,0,0,0,0,0,0,1,0,0,0
307,153000,28,19,33,223,9,-6,0,1,0,0,0,0,0,0,1,0,0,0
308,153500,28,16,32,290,8,-7,0,1,0,0,0,0,0,0,1,0,0,0
309,154000,28,18,31,338,9,-7,0,1,0,0,0,0,0,0,1,0,0,0
310,154500,28,18,31,393,7,-7,0,1,0,0,0,0,0,0,1,0,0,0
311,155000,28,18,31,438,6,-8,0,1,0,0,0,0,0,0,1,0,0,0
312,155500,28,18,31,473,8,-7,0,1,0,0,0,0,0,0,1,0,0,0
313,156000,28,20,33,495,9,-7,0,1,0,0,0,0,0,0,1,0,0,0
314,156500,28,18,32,503,8,-7,0,1,0,0,0,0,0,0,1,0,0,0
315,157000,28,19,33,496,9,-6,0,1,0,0,0,0,0,0,1,0,0,0
316,157500,30,19,34,483,9,-6,0,1,0,0,0,0,0,0,1,0,0,0
317,158000,28,19,32,457,8,-7,0,1,0,0,0,0,0,0,1,0,0,0
318,158500,28,18,31,418,8,-7,0,1,0,0,0,0,0,0,1,0,0,0
319,159000,28,19,33,368,9,-7,0,1,0,0,0,0,0,0,1,0,0,0
320,159500,30,18,32,308,8,-7,0,1,0,0,0,0,0,0,1,0,0,0
321,160000,28,16,31,255,8,-7,0,1,0,0,0,0,0,0,1,0,0,0
322,160500,28,18,31,183,6,-7,0,1,0,0,0,0,0,0,1,0,0,0
323,161000,31,21,33,106,9,-6,0,1,0,0,0,0,0,0,1,0,0,0
324,161500,28,20,33,28,9,-7,0,1,0,0,0,0,0,0,1,0,0,0
325,162000,28,19,32,-53,7,-7,0,1,0,0,0,0,0,0,1,0,0,0
326,162500,28,21,31,-128,8,-7,0,1,0,0,0,0,0,0,1,0,0,0
327,163000,30,22,33,-210,9,-7,0,1,0,0,0,0,0,0,1,0,0,0
328,163500,31,19,34,-279,8,-6,0,1,0,0,0,0,0,0,1,0,0,0
329,164000,28,21,32,-340,8,-7,0,1,0,0,0,0,0,0,1,0,0,0
330,164500,30,22,32,-394,9,-7,0,1,0,0,0,0,0,0,1,0,0,0
331,165000,28,20,31,-444,8,-7,0,1,0,0,0,0,0,0,1,0,0,0
332,165500,28,21,31,-479,8,-7,0,1,0,0,0,0,0,0,1,0,0,0
333,166000,28,21,31,-497,8,-7,0,1,0,0,0,0,0,0,1,0,0,0
334,166500,31,23,33,-506,9,-6,0,1,0,0,0,0,0,0,1,0,0,0
335,167000,28,21,32,-498,8,-7,0,1,0,0,0,0,0,0,1,0,0,0
336,167500,30,21,31,-482,9,-7,0,1,0,0,0,0,0,0,1,0,0,0
337,168000,28,21,31,-456,8,-7,0,1,0,0,0,0,0,0,1,0,0,0
338,168500,30,22,31,-417,9,-7,0,1,0,0,0,0,0,0,1,0,0,0
339,169000,28,19,31,-366,8,-7,0,1,0,0,0,0,0,0,1,0,0,0
340,169500,28,20,31,-310,8,-7,0,1,0,0,0,0,0,0,1,0,0,0
341,170000,28,20,31,-242,9,-7,0,1,0,0,0,0,0,0,1,0,0,0
342,170500,30,21,31,-173,9,-6,0,1,0,0,0,0,0,0,1,0,0,0
343,171000,30,22,33,-82,9,-6,0,1,0,0,0,0,0,0,1,0,0,0
344,171500,28,19,32,-1,8,-7,0,1,0,0,0,0,0,0,1,0,0,0
345,172000,28,19,32,77,9,-7,0,1,0,0,0,0,0,0,1,0,0,0
346,172500,28,19,31,152,8,-7,0,1,0,0,0,0,0,0,1,0,0,0
347,173000,28,18,31,224,8,-7,0,1,0,0,0,0,0,0,1,0,0,0
348,173500,30,16,31,290,8,-7,0,1,0,0,0,0,0,0,1,0,0,0
349,174000,28,18,31,338,8,-7,0,1,0,0,0,0,0,0,1,0,0,0
350,174500,28,19,33,393,8,-7,0,1,0,0,0,0,0,0,1,0,0,0
351,175000,28,19,32,439,8,-7,0,1,0,0,0,0,0,0,1,0,0,0
352,175500,28,19,32,474,9,-7,0,1,0,0,0,0,0,0,1,0,0,0
353,176000,28,18,31,495,8,-7,0,1,0,0,0,0,0,0,1,0,0,0
354,176500,30,19,33,502,9,-6,0,1,0,0,0,0,0,0,1,0,0,0
355,177000,28,18,32,498,8,-7,0,1,0,0,0,0,0,0,1,0,0,0
356,177500,28,18,31,483,8,-7,0,1,0,0,0,0,0,0,1,0,0,0
357,178000,28,18,31,456,8,-7,0,1,0,0,0,0,0,0,1,0,0,0
358,178500,30,18,31,417,8,-8,0,1,0,0,0,0,0,0,1,0,0,0
359,179000,28,18,31,366,6,-8,0,1,0,0,0,0,0,0,1,0,0,0
360,179500,28,19,31,306,8,-7,0,1,0,0,0,0,0,0,1,0,0,0
361,180000,28,16,31,254,8,-8,0,1,0,0,0,0,0,0,1,0,0,0
362,180500,28,18,31,183,6,-8,0,1,0,0,0,0,0,0,1,0,0,0
363,181000,30,21,33,105,9,-6,0,1,0,0,0,0,0,0,1,0,0,0
364,181500,30,19,31,25,8,-7,0,1,0,0,0,0,0,0,1,0,0,0
365,182000,30,19,34,-54,6,-7,0,1,0,0,0,0,0,0,1,0,0,0
366,182500,30,19,34,-128,8,-6,0,1,0,0,0,0,0,0,1,0,0,0
367,183000,30,21,33,-210,8,-6,0,1,0,0,0,0,0,0,1,0,0,0
368,183500,28,22,32,-280,9,-7,0,1,0,0,0,0,0,0,1,0,0,0
369,184000,30,22,32,-340,9,-6,0,1,0,0,0,0,0,0,1,0,0,0
370,184500,30,22,33,-395,9,-6,0,1,0,0,0,0,0,0,1,0,0,0
371,185000,28,20,31,-444,8,-7,0,1,0,0,0,0,0,0,1,0,0,0
372,185500,28,22,31,-479,9,-6,0,1,0,0,0,0,0,0,1,0,0,0
373,186000,30,22,33,-497,9,-6,0,1,0,0,0,0,0,0,1,0,0,0
374,186500,28,22,32,-506,9,-7,0,1,0,0,0,0,0,0,1,0,0,0
375,187000,31,21,31,-498,8,-7,0,1,0,0,0,0,0,0,1,0,0,0
376,187500,28,20,31,-482,8,-7,0,1,0,0,0,0,0,0,1,0,0,0
377,188000,31,22,33,-456,9,-6,0,1,0,0,0,0,0,0,1,0,0,0
378,188500,31,19,34,-417,8,-6,0,1,0,0,0,0,0,0,1,0,0,0
379,189000,30,19,32,-364,8,-7,0,1,0,0,0,0,0,0,1,0,0,0
380,189500,31,22,33,-306,9,-7,0,1,0,0,0,0,0,0,1,0,0,0
381,190000,30,22,33,-242,9,-6,0,1,0,0,0,0,0,0,1,0,0,0
382,190500,30,19,34,-168,8,-6,0,1,0,0,0,0,0,0,1,0,0,0
383,191000,31,21,33,-82,9,-6,0,1,0,0,0,0,0,0,1,0,0,0
384,191500,28,21,32,0,9,-7,0,1,0,0,0,0,0,0,1,0,0,0
385,192000,30,19,31,78,8,-7,0,1,0,0,0,0,0,0,1,0,0,0
386,192500,30,19,33,154,8,-7,0,1,0,0,0,0,0,0,1,0,0,0
387,193000,28,18,32,225,8,-7,0,1,0,0,0,0,0,0,1,0,0,0
388,193500,28,16,32,292,9,-7,0,1,0,0,0,0,0,0,1,0,0,0
389,194000,28,18,31,341,8,-7,0,1,0,0,0,0,0,0,1,0,0,0
390,194500,30,18,31,394,8,-8,0,1,0,0,0,0,0,0,1,0,0,0
391,195000,28,18,31,440,8,-7,0,1,0,0,0,0,0,0,1,0,0,0
392,195500,30,19,33,475,9,-6,0,1,0,0,0,0,0,0,1,0,0,0
393,196000,28,18,31,495,8,-7,0,1,0,0,0,0,0,0,1,0,0,0
394,196500,28,18,31,502,6,-8,0,1,0,0,0,0,0,0,1,0,0,0
395,197000,28,19,33,496,8,-7,0,1,0,0,0,0,0,0,1,0,0,0
396,197500,30,19,34,483,9,-6,0,1,0,0,0,0,0,0,1,0,0,0
397,198000,28,19,33,456,9,-6,0,1,0,0,0,0,0,0,1,0,0,0
398,198500,28,19,33,415,9,-7,0,1,0,0,0,0,0,0,1,0,0,0
399,199000,28,18,31,365,7,-7,0,1,0,0,0,0,0,0,1,0,0,0
400,199500,28,18,31,306,7,-7,0,1,0,0,0,0,0,0,1,0,0,0
401,200000,28,17,31,253,8,-7,0,1,0,0,0,0,0,0,1,0,0,0
402,200500,30,20,33,181,9,-7,0,1,0,0,0,0,0,0,1,0,0,0
403,201000,30,19,32,103,8,-7,0,1,0,0,0,0,0,0,1,0,0,0
404,201500,28,19,31,24,8,-8,0,1,0,0,0,0,0,0,1,0,0,0
405,202000,30,21,31,-56,9,-7,0,1,0,0,0,0,0,0,1,0,0,0
406,202500,28,21,31,-131,8,-7,0,1,0,0,0,0,0,0,1,0,0,0
407,203000,28,21,31,-212,9,-7,0,1,0,0,0,0,0,0,1,0,0,0
408,203500,28,21,31,-280,8,-7,0,1,0,0,0,0,0,0,1,0,0,0
409,204000,28,21,31,-341,8,-7,0,1,0,0,0,0,0,0,1,0,0,0
410,204500,30,22,33,-395,9,-6,0,1,0,0,0,0,0,0,1,0,0,0
411,205000,31,21,33,-444,8,-6,0,1,0,0,0,0,0,0,1,0,0,0
412,205500,28,21,32,-479,8,-7,0,1,0,0,0,0,0,0,1,0,0,0
413,206000,30,22,31,-497,9,-7,0,1,0,0,0,0,0,0,1,0,0,0
414,206500,28,21,31,-506,9,-7,0,1,0,0,0,0,0,0,1,0,0,0
415,207000,28,21,31,-498,8,-7,0,1,0,0,0,0,0,0,1,0,0,0
416,207500,30,22,33,-482,9,-6,0,1,0,0,0,0,0,0,1,0,0,0
417,208000,30,21,31,-456,8,-7,0,1,0,0,0,0,0,0,1,0,0,0
418,208500,28,21,31,-414,8,-7,0,1,0,0,0,0,0,0,1,0,0,0
419,209000,30,22,33,-364,9,-6,0,1,0,0,0,0,0,0,1,0,0,0
420,209500,28,21,32,-304,9,-7,0,1,0,0,0,0,0,0,1,0,0,0
421,210000,28,21,31,-241,9,-7,0,1,0,0,0,0,0,0,1,0,0,0
422,210500,30,22,32,-156,9,-7,0,1,0,0,0,0,0,0,1,0,0,0
423,211000,28,19,31,-79,8,-7,0,1,0,0,0,0,0,0,1,0,0,0
424,211500,30,21,33,1,9,-6,0,1,0,0,0,0,0,0,1,0,0,0
425,212000,30,19,32,79,8,-7,0,1,0,0,0,0,0,0,1,0,0,0
426,212500,30,18,31,154,8,-7,0,1,0,0,0,0,0,0,1,0,0,0
427,213000,30,17,31,226,6,-8,0,1,0,0,0,0,0,0,1,0,0,0
428,213500,28,16,33,294,8,-7,0,1,0,0,0,0,0,0,1,0,0,0
429,214000,28,20,34,342,9,-6,0,1,0,0,0,0,0,0,1,0,0,0
430,214500,30,18,32,396,8,-7,0,1,0,0,0,0,0,0,1,0,0,0
431,215000,28,17,31,442,8,-7,0,1,0,0,0,0,0,0,1,0,0,0
432,215500,30,19,33,475,9,-7,0,1,0,0,0,0,0,0,1,0,0,0
433,216000,28,18,32,495,7,-7,0,1,0,0,0,0,0,0,1,0,0,0
434,216500,28,18,31,503,7,-7,0,1,0,0,0,0,0,0,1,0,0,0
435,217000,30,18,31,496,8,-8,0,1,0,0,0,0,0,0,1,0,0,0
436,217500,28,18,31,482,6,-8,0,1,0,0,0,0,0,0,1,0,0,0
437,218000,28,19,33,454,8,-7,0,1,0,0,0,0,0,0,1,0,0,0
438,218500,28,19,33,416,9,-7,0,1,0,0,0,0,0,0,1,0,0,0
439,219000,30,18,31,365,7,-7,0,1,0,0,0,0,0,0,1,0,0,0
440,219500,28,19,31,305,8,-7,0,1,0,0,0,0,0,0,1,0,0,0
441,220000,28,16,31,251,8,-7,0,1,0,0,0,0,0,0,1,0,0,0
442,220500,30,20,33,179,9,-7,0,1,0,0,0,0,0,0,1,0,0,0
443,221000,30,19,31,102,8,-7,0,1,0,0,0,0,0,0,1,0,0,0
444,221500,31,19,31,22,8,-7,0,1,0,0,0,0,0,0,1,0,0,0
445,222000,30,21,33,-56,9,-7,0,1,0,0,0,0,0,0,1,0,0,0
446,222500,30,22,33,-131,9,-7,0,1,0,0,0,0,0,0,1,0,0,0
447,223000,28,22,33,-218,9,-6,0,1,0,0,0,0,0,0,1,0,0,0
448,223500,28,19,32,-281,8,-7,0,1,0,0,0,0,0,0,1,0,0,0
449,224000,30,22,33,-344,9,-7,0,1,0,0,0,0,0,0,1,0,0,0
450,224500,30,21,32,-400,9,-7,0,1,0,0,0,0,0,0,1,0,0,0
451,225000,28,21,31,-444,9,-7,0,1,0,0,0,0,0,0,1,0,0,0
452,225500,28,21,31,-479,9,-7,0,1,0,0,0,0,0,0,1,0,0,0
453,226000,28,21,31,-498,8,-7,0,1,0,0,0,0,0,0,1,0,0,0
454,226500,30,22,32,-506,9,-7,0,1,0,0,0,0,0,0,1,0,0,0
455,227000,30,22,33,-498,9,-6,0,1,0,0,0,0,0,0,1,0,0,0
456,227500,28,22,32,-482,9,-6,0,1,0,0,0,0,0,0,1,0,0,0
457,228000,30,23,31,-456,9,-6,0,1,0,0,0,0,0,0,1,0,0,0
458,228500,30,22,33,-415,9,-6,0,1,0,0,0,0,0,0,1,0,0,0
459,229000,30,22,32,-364,9,-6,0,1,0,0,0,0,0,0,1,0,0,0
460,229500,30,22,33,-304,9,-7,0,1,0,0,0,0,0,0,1,0,0,0
461,230000,30,22,33,-241,9,-6,0,1,0,0,0,0,0,0,1,0,0,0
462,230500,30,20,34,-156,8,-6,0,1,0,0,0,0,0,0,1,0,0,0
463,231000,28,19,32,-78,6,-7,0,1,0,0,0,0,0,0,1,0,0,0
464,231500,28,20,31,3,9,-6,0,1,0,0,0,0,0,0,1,0,0,0
465,232000,28,19,34,81,7,-7,0,1,0,0,0,0,0,0,1,0,0,0
466,232500,29,20,34,155,9,-6,0,1,0,0,0,0,0,0,1,0,0,0
467,233000,28,19,34,227,9,-6,0,1,0,0,0,0,0,0,1,0,0,0
468,233500,28,16,32,294,8,-6,0,1,0,0,0,0,0,0,1,0,0,0
469,234000,28,18,31,344,8,-7,0,1,0,0,0,0,0,0,1,0,0,0
470,234500,28,19,32,396,9,-7,0,1,0,0,0,0,0,0,1,0,0,0
471,235000,28,17,31,442,8,-7,0,1,0,0,0,0,0,0,1,0,0,0
472,235500,28,18,33,475,9,-7,0,1,0,0,0,0,0,0,1,0,0,0
473,236000,28,19,33,495,9,-6,0,1,0,0,0,0,0,0,1,0,0,0
474,236500,28,19,34,503,9,-6,0,1,0,0,0,0,0,0,1,0,0,0
475,237000,28,18,32,496,8,-7,0,1,0,0,0,0,0,0,1,0,0,0
476,237500,28,18,31,481,8,-7,0,1,0,0,0,0,0,0,1,0,0,0
477,238000,28,19,32,454,9,-7,0,1,0,0,0,0,0,0,1,0,0,0
478,238500,28,19,33,415,8,-7,0,1,0,0,0,0,0,0,1,0,0,0
479,239000,30,20,33,364,9,-6,0,1,0,0,0,0,0,0,1,0,0,0
480,239500,28,18,31,304,7,-7,0,1,0,0,0,0,0,0,1,0,0,0
481,240000,30,17,31,250,6,-7,0,1,0,0,0,0,0,0,1,0,0,0
482,240500,28,18,31,179,8,-7,0,1,0,0,0,0,0,0,1,0,0,0
483,241000,28,19,31,101,8,-7,0,1,0,0,0,0,0,0,1,0,0,0
484,241500,28,19,31,21,8,-7,0,1,0,0,0,0,0,0,1,0,0,0
485,242000,30,19,33,-59,8,-6,0,1,0,0,0,0,0,0,1,0,0,0
486,242500,28,20,32,-134,8,-7,0,1,0,0,0,0,0,0,1,0,0,0
487,243000,30,22,33,-218,9,-7,0,1,0,0,0,0,0,0,1,0,0,0
488,243500,28,21,32,-283,9,-7,0,1,0,0,0,0,0,0,1,0,0,0
489,244000,30,22,31,-348,9,-7,0,1,0,0,0,0,0,0,1,0,0,0
490,244500,30,22,33,-401,9,-7,0,1,0,0,0,0,0,0,1,0,0,0
491,245000,28,21,31,-444,8,-7,0,1,0,0,0,0,0,0,1,0,0,0
492,245500,28,21,31,-479,9,-7,0,1,0,0,0,0,0,0,1,0,0,0
493,246000,28,20,31,-498,7,-7,0,1,0,0,0,0,0,0,1,0,0,0
494,246500,31,22,31,-506,8,-7,0,1,0,0,0,0,0,0,1,0,0,0
495,247000,30,22,31,-498,9,-7,0,1,0,0,0,0,0,0,1,0,0,0
496,247500,28,20,31,-482,8,-7,0,1,0,0,0,0,0,0,1,0,0,0
497,248000,30,22,33,-456,9,-6,0,1,0,0,0,0,0,0,1,0,0,0
498,248500,28,19,32,-413,8,-7,0,1,0,0,0,0,0,0,1,0,0,0
499,249000,28,20,31,-362,8,-7,0,1,0,0,0,0,0,0,1,0,0,0
500,249500,28,21,31,-302,9,-7,0,1,0,0,0,0,0,0,1,0,0,0
501,250000,31,19,33,-237,8,-6,0,1,0,0,0,0,0,0,1,0,0,0
502,250500,28,21,31,-153,8,-7,0,1,0,0,0,0,0,0,1,0,0,0
503,251000,30,19,33,-76,8,-6,0,1,0,0,0,0,0,0,1,0,0,0
504,251500,30,19,34,3,8,-6,0,1,0,0,0,0,0,0,1,0,0,0
505,252000,28,19,32,82,8,-7,0,1,0,0,0,0,0,0,1,0,0,0
506,252500,28,19,31,158,9,-6,0,1,0,0,0,0,0,0,1,0,0,0
507,253000,28,18,31,229,8,-6,0,1,0,0,0,0,0,0,1,0,0,0
508,253500,28,16,32,296,8,-7,0,1,0,0,0,0,0,0,1,0,0,0
509,254000,30,18,31,345,8,-7,0,1,0,0,0,0,0,0,1,0,0,0
510,254500,28,18,31,398,8,-7,0,1,0,0,0,0,0,0,1,0,0,0
511,255000,28,20,33,442,9,-6,0,1,0,0,0,0,0,0,1,0,0,0
512,255500,30,19,33,477,9,-7,0,1,0,0,0,0,0,0,1,0,0,0
513,256000,28,19,33,497,9,-7,0,1,0,0,0,0,0,0,1,0,0,0
514,256500,28,19,33,503,9,-6,0,1,0,0,0,0,0,0,1,0,0,0
515,257000,28,18,31,496,8,-7,0,1,0,0,0,0,0,0,1,0,0,0
516,257500,30,19,33,481,9,-6,0,1,0,0,0,0,0,0,1,0,0,0
517,258000,28,19,32,454,9,-7,0,1,0,0,0,0,0,0,1,0,0,0
518,258500,28,20,33,414,9,-7,0,1,0,0,0,0,0,0,1,0,0,0
519,259000,28,18,32,363,7,-7,0,1,0,0,0,0,0,0,1,0,0,0
520,259500,28,19,31,303,8,-7,0,1,0,0,0,0,0,0,1,0,0,0
521,260000,28,19,31,249,9,-7,0,1,0,0,0,0,0,0,1,0,0,0
522,260500,28,19,32,177,9,-7,0,1,0,0,0,0,0,0,1,0,0,0
523,261000,28,19,31,99,7,-7,0,1,0,0,0,0,0,0,1,0,0,0
524,261500,28,20,32,19,8,-7,0,1,0,0,0,0,0,0,1,0,0,0
525,262000,30,22,31,-59,9,-7,0,1,0,0,0,0,0,0,1,0,0,0
526,262500,28,21,31,-134,8,-7,0,1,0,0,0,0,0,0,1,0,0,0
527,263000,28,21,31,-218,8,-7,0,1,0,0,0,0,0,0,1,0,0,0
528,263500,28,21,31,-288,8,-7,0,1,0,0,0,0,0,0,1,0,0,0
529,264000,28,21,31,-348,9,-7,0,1,0,0,0,0,0,0,1,0,0,0
530,264500,30,22,33,-401,9,-7,0,1,0,0,0,0,0,0,1,0,0,0
531,265000,28,21,32,-445,8,-7,0,1,0,0,0,0,0,0,1,0,0,0
532,265500,31,21,34,-479,8,-6,0,1,0,0,0,0,0,0,1,0,0,0
533,266000,28,21,32,-499,8,-7,0,1,0,0,0,0,0,0,1,0,0,0
534,266500,30,22,33,-506,9,-7,0,1,0,0,0,0,0,0,1,0,0,0
535,267000,31,21,34,-498,8,-6,0,1,0,0,0,0,0,0,1,0,0,0
536,267500,30,22,32,-482,9,-6,0,1,0,0,0,0,0,0,1,0,0,0
537,268000,30,22,33,-456,9,-6,0,1,0,0,0,0,0,0,1,0,0,0
538,268500,30,22,33,-413,9,-6,0,1,0,0,0,0,0,0,1,0,0,0
539,269000,28,22,32,-362,9,-6,0,1,0,0,0,0,0,0,1,0,0,0
540,269500,30,22,31,-302,9,-6,0,1,0,0,0,0,0,0,1,0,0,0
541,270000,28,20,31,-235,8,-7,0,1,0,0,0,0,0,0,1,0,0,0
542,270500,28,21,31,-164,8,-7,0,1,0,0,0,0,0,0,1,0,0,0
543,271000,30,19,33,-76,8,-6,0,1,0,0,0,0,0,0,1,0,0,0
544,271500,28,19,32,6,8,-7,0,1,0,0,0,0,0,0,1,0,0,0
545,272000,31,19,31,85,8,-7,0,1,0,0,0,0,0,0,1,0,0,0
546,272500,33,19,33,159,9,-7,0,1,0,0,0,0,0,0,1,0,0,0
547,273000,30,16,32,230,8,-7,0,1,0,0,0,0,0,0,1,0,0,0
548,273500,28,16,31,298,8,-7,0,1,0,0,0,0,0,0,1,0,0,0
549,274000,28,18,31,346,8,-7,0,1,0,0,0,0,0,0,1,0,0,0
550,274500,30,20,33,398,9,-6,0,1,0,0,0,0,0,0,1,0,0,0
551,275000,28,20,34,444,9,-6,0,1,0,0,0,0,0,0,1,0,0,0
552,275500,30,18,32,477,7,-7,0,1,0,0,0,0,0,0,1,0,0,0
553,276000,28,17,31,498,6,-7,0,1,0,0,0,0,0,0,1,0,0,0
554,276500,28,18,31,503,8,-7,0,1,0,0,0,0,0,0,1,0,0,0
555,277000,28,19,31,496,8,-7,0,1,0,0,0,0,0,0,1,0,0,0
556,277500,28,19,33,481,8,-7,0,1,0,0,0,0,0,0,1,0,0,0
557,278000,28,18,32,454,8,-7,0,1,0,0,0,0,0,0,1,0,0,0
558,278500,30,17,31,414,8,-8,0,1,0,0,0,0,0,0,1,0,0,0
559,279000,28,20,33,360,9,-7,0,1,0,0,0,0,0,0,1,0,0,0
560,279500,28,19,33,300,9,-7,0,1,0,0,0,0,0,0,1,0,0,0
561,280000,28,18,32,248,8,-7,0,1,0,0,0,0,0,0,1,0,0,0
562,280500,28,19,32,176,8,-7,0,1,0,0,0,0,0,0,1,0,0,0
563,281000,28,19,31,97,8,-7,0,1,0,0,0,0,0,0,1,0,0,0
564,281500,30,21,33,16,9,-7,0,1,0,0,0,0,0,0,1,0,0,0
565,282000,28,19,33,-62,8,-6,0,1,0,0,0,0,0,0,1,0,0,0
566,282500,28,21,32,-137,8,-7,0,1,0,0,0,0,0,0,1,0,0,0
567,283000,28,19,31,-218,7,-7,0,1,0,0,0,0,0,0,1,0,0,0
568,283500,30,22,33,-288,9,-6,0,1,0,0,0,0,0,0,1,0,0,0
569,284000,28,22,32,-348,9,-7,0,1,0,0,0,0,0,0,1,0,0,0
570,284500,31,20,33,-401,8,-6,0,1,0,0,0,0,0,0,1,0,0,0
571,285000,31,20,33,-446,8,-6,0,1,0,0,0,0,0,0,1,0,0,0
572,285500,28,22,32,-479,9,-7,0,1,0,0,0,0,0,0,1,0,0,0
573,286000,30,22,33,-499,9,-6,0,1,0,0,0,0,0,0,1,0,0,0
574,286500,28,21,32,-506,8,-7,0,1,0,0,0,0,0,0,1,0,0,0
575,287000,28,22,31,-498,9,-7,0,1,0,0,0,0,0,0,1,0,0,0
576,287500,28,21,31,-481,8,-7,0,1,0,0,0,0,0,0,1,0,0,0
577,288000,31,20,33,-456,9,-6,0,1,0,0,0,0,0,0,1,0,0,0
578,288500,28,22,32,-413,9,-6,0,1,0,0,0,0,0,0,1,0,0,0
579,289000,31,20,33,-362,8,-6,0,1,0,0,0,0,0,0,1,0,0,0
580,289500,28,21,31,-302,8,-7,0,1,0,0,0,0,0,0,1,0,0,0
581,290000,31,19,33,-234,8,-6,0,1,0,0,0,0,0,0,1,0,0,0
582,290500,30,22,33,-153,9,-6,0,1,0,0,0,0,0,0,1,0,0,0
583,291000,28,19,32,-72,8,-7,0,1,0,0,0,0,0,0,1,0,0,0
584,291500,28,19,31,9,8,-7,0,1,0,0,0,0,0,0,1,0,0,0
585,292000,28,19,31,87,8,-7,0,1,0,0,0,0,0,0,1,0,0,0
586,292500,28,19,33,162,9,-7,0,1,0,0,0,0,0,0,1,0,0,0
587,293000,30,19,34,232,9,-6,0,1,0,0,0,0,0,0,1,0,0,0
588,293500,28,16,32,300,9,-7,0,1,0,0,0,0,0,0,1,0,0,0
589,294000,28,18,33,347,9,-6,0,1,0,0,0,0,0,0,1,0,0,0
590,294500,30,19,33,398,9,-6,0,1,0,0,0,0,0,0,1,0,0,0
591,295000,28,20,33,444,9,-6,0,1,0,0,0,0,0,0,1,0,0,0
592,295500,28,20,34,477,9,-7,0,1,0,0,0,0,0,0,1,0,0,0
593,296000,28,18,32,498,7,-7,0,1,0,0,0,0,0,0,1,0,0,0
594,296500,28,18,31,504,6,-8,0,1,0,0,0,0,0,0,1,0,0,0
595,297000,28,18,31,496,6,-7,0,1,0,0,0,0,0,0,1,0,0,0
596,297500,30,18,31,479,6,-8,0,1,0,0,0,0,0,0,1,0,0,0
597,298000,28,18,31,453,8,-7,0,1,0,0,0,0,0,0,1,0,0,0
598,298500,28,18,31,411,7,-8,0,1,0,0,0,0,0,0,1,0,0,0
599,299000,28,18,31,360,6,-8,0,1,0,0,0,0,0,0,1,0,0,0
600,299500,30,18,31,300,6,-7,0,1,0,0,0,0,0,0,1,0,0,0
601,300000,28,16,31,246,6,-8,0,1,0,0,0,0,0,0,1,0,0,0
602,300500,30,18,31,173,8,-8,0,1,0,0,0,0,0,0,1,0,0,0
603,301000,30,21,34,95,9,-7,0,1,0,0,0,0,0,0,1,0,0,0
604,301500,28,21,32,16,9,-6,0,1,0,0,0,0,0,0,1,0,0,0
605,302000,30,22,33,-62,9,-6,0,1,0,0,0,0,0,0,1,0,0,0
606,302500,28,19,32,-137,8,-7,0,1,0,0,0,0,0,0,1,0,0,0
607,303000,28,21,31,-219,9,-7,0,1,0,0,0,0,0,0,1,0,0,0
608,303500,30,22,33,-288,9,-7,0,1,0,0,0,0,0,0,1,0,0,0
609,304000,28,19,32,-348,7,-7,0,1,0,0,0,0,0,0,1,0,0,0
610,304500,31,20,33,-402,6,-6,0,1,0,0,0,0,0,0,1,0,0,0
611,305000,28,22,32,-446,9,-7,0,1,0,0,0,0,0,0,1,0,0,0
612,305500,30,22,33,-480,9,-6,0,1,0,0,0,0,0,0,1,0,0,0
613,306000,28,21,32,-499,8,-7,0,1,0,0,0,0,0,0,1,0,0,0
614,306500,28,22,31,-506,9,-6,0,1,0,0,0,0,0,0,1,0,0,0
615,307000,28,21,31,-499,8,-7,0,1,0,0,0,0,0,0,1,0,0,0
616,307500,31,20,34,-481,8,-6,0,1,0,0,0,0,0,0,1,0,0,0
617,308000,30,22,33,-456,9,-6,0,1,0,0,0,0,0,0,1,0,0,0
618,308500,28,21,32,-413,8,-7,0,1,0,0,0,0,0,0,1,0,0,0
619,309000,30,22,32,-362,9,-6,0,1,0,0,0,0,0,0,1,0,0,0
620,309500,30,22,33,-302,9,-6,0,1,0,0,0,0,0,0,1,0,0,0
621,310000,28,21,32,-233,9,-6,0,1,0,0,0,0,0,0,1,0,0,0
622,310500,31,19,33,-150,8,-6,0,1,0,0,0,0,0,0,1,0,0,0
623,311000,31,19,34,-72,8,-6,0,1,0,0,0,0,0,0,1,0,0,0
624,311500,31,19,32,9,8,-7,0,1,0,0,0,0,0,0,1,0,0,0
625,312000,28,19,31,89,9,-7,0,1,0,0,0,0,0,0,1,0,0,0
626,312500,30,19,33,163,9,-6,0,1,0,0,0,0,0,0,1,0,0,0
627,313000,30,17,32,234,8,-7,0,1,0,0,0,0,0,0,1,0,0,0
628,313500,28,16,31,300,9,-7,0,1,0,0,0,0,0,0,1,0,0,0
629,314000,30,18,31,347,8,-7,0,1,0,0,0,0,0,0,1,0,0,0
630,314500,28,18,31,401,8,-7,0,1,0,0,0,0,0,0,1,0,0,0
631,315000,28,18,31,446,8,-7,0,1,0,0,0,0,0,0,1,0,0,0
632,315500,30,19,33,477,9,-6,0,1,0,0,0,0,0,0,1,0,0,0
633,316000,28,19,34,498,9,-6,0,1,0,0,0,0,0,0,1,0,0,0
634,316500,28,18,32,504,8,-7,0,1,0,0,0,0,0,0,1,0,0,0
635,317000,28,19,33,496,8,-7,0,1,0,0,0,0,0,0,1,0,0,0
636,317500,30,18,32,479,8,-8,0,1,0,0,0,0,0,0,1,0,0,0
637,318000,28,19,33,452,9,-7,0,1,0,0,0,0,0,0,1,0,0,0
638,318500,28,19,32,411,8,-7,0,1,0,0,0,0,0,0,1,0,0,0
639,319000,28,18,31,360,8,-8,0,1,0,0,0,0,0,0,1,0,0,0
640,319500,28,19,32,299,9,-7,0,1,0,0,0,0,0,0,1,0,0,0
641,320000,28,19,34,244,9,-7,0,1,0,0,0,0,0,0,1,0,0,0
642,320500,30,18,32,172,8,-7,0,1,0,0,0,0,0,0,1,0,0,0
643,321000,31,18,31,94,6,-8,0,1,0,0,0,0,0,0,1,0,0,0
644,321500,28,19,31,15,8,-7,0,1,0,0,0,0,0,0,1,0,0,0
645,322000,30,21,33,-65,9,-7,0,1,0,0,0,0,0,0,1,0,0,0
646,322500,30,22,33,-140,9,-7,0,1,0,0,0,0,0,0,1,0,0,0
647,323000,28,19,31,-221,8,-7,0,1,0,0,0,0,0,0,1,0,0,0
648,323500,30,22,33,-288,9,-7,0,1,0,0,0,0,0,0,1,0,0,0
649,324000,30,22,33,-349,9,-7,0,1,0,0,0,0,0,0,1,0,0,0
650,324500,31,20,34,-403,8,-6,0,1,0,0,0,0,0,0,1,0,0,0
651,325000,28,21,31,-448,7,-7,0,1,0,0,0,0,0,0,1,0,0,0
652,325500,28,21,31,-479,8,-7,0,1,0,0,0,0,0,0,1,0,0,0
653,326000,28,21,31,-500,8,-7,0,1,0,0,0,0,0,0,1,0,0,0
654,326500,28,21,31,-506,8,-7,0,1,0,0,0,0,0,0,1,0,0,0
655,327000,30,22,31,-499,9,-6,0,1,0,0,0,0,0,0,1,0,0,0
656,327500,30,22,31,-481,9,-6,0,1,0,0,0,0,0,0,1,0,0,0
657,328000,28,22,31,-456,9,-7,0,1,0,0,0,0,0,0,1,0,0,0
658,328500,28,21,31,-413,8,-7,0,1,0,0,0,0,0,0,1,0,0,0
659,329000,30,23,33,-362,9,-6,0,1,0,0,0,0,0,0,1,0,0,0
660,329500,28,22,33,-302,9,-6,0,1,0,0,0,0,0,0,1,0,0,0
661,330000,28,19,33,-233,9,-6,0,1,0,0,0,0,0,0,1,0,0,0
662,330500,28,21,31,-149,9,-7,0,1,0,0,0,0,0,0,1,0,0,0
663,331000,28,19,31,-69,8,-7,0,1,0,0,0,0,0,0,1,0,0,0
664,331500,30,21,33,11,9,-6,0,1,0,0,0,0,0,0,1,0,0,0
665,332000,31,21,33,89,9,-6,0,1,0,0,0,0,0,0,1,0,0,0
666,332500,29,21,34,163,9,-6,0,1,0,0,0,0,0,0,1,0,0,0
667,333000,28,16,32,235,8,-7,0,1,0,0,0,0,0,0,1,0,0,0
668,333500,30,15,31,301,8,-8,0,1,0,0,0,0,0,0,1,0,0,0
669,334000,28,18,31,349,8,-7,0,1,0,0,0,0,0,0,1,0,0,0
670,334500,28,19,32,403,9,-7,0,1,0,0,0,0,0,0,1,0,0,0
671,335000,30,18,31,447,7,-7,0,1,0,0,0,0,0,0,1,0,0,0
672,335500,28,18,31,477,8,-7,0,1,0,0,0,0,0,0,1,0,0,0
673,336000,28,18,31,499,8,-7,0,1,0,0,0,0,0,0,1,0,0,0
674,336500,28,19,33,503,9,-7,0,1,0,0,0,0,0,0,1,0,0,0
675,337000,28,18,32,496,8,-7,0,1,0,0,0,0,0,0,1,0,0,0
676,337500,28,19,33,479,9,-7,0,1,0,0,0,0,0,0,1,0,0,0
677,338000,28,19,32,452,8,-7,0,1,0,0,0,0,0,0,1,0,0,0
678,338500,28,18,31,411,7,-8,0,1,0,0,0,0,0,0,1,0,0,0
679,339000,28,18,31,358,6,-8,0,1,0,0,0,0,0,0,1,0,0,0
680,339500,28,16,31,310,8,-7,0,1,0,0,0,0,0,0,1,0,0,0
681,340000,28,16,31,244,7,-8,0,1,0,0,0,0,0,0,1,0,0,0
682,340500,28,20,33,170,9,-7,0,1,0,0,0,0,0,0,1,0,0,0
683,341000,28,19,32,92,8,-7,0,1,0,0,0,0,0,0,1,0,0,0
684,341500,30,21,33,12,9,-7,0,1,0,0,0,0,0,0,1,0,0,0
685,342000,30,22,33,-66,9,-7,0,1,0,0,0,0,0,0,1,0,0,0
686,342500,30,22,33,-141,9,-6,0,1,0,0,0,0,0,0,1,0,0,0
687,343000,28,19,32,-222,8,-7,0,1,0,0,0,0,0,0,1,0,0,0
688,343500,30,22,33,-290,9,-7,0,1,0,0,0,0,0,0,1,0,0,0
689,344000,28,21,32,-350,8,-7,0,1,0,0,0,0,0,0,1,0,0,0
690,344500,28,21,31,-403,8,-7,0,1,0,0,0,0,0,0,1,0,0,0
691,345000,30,22,31,-447,9,-7,0,1,0,0,0,0,0,0,1,0,0,0
692,345500,30,22,31,-480,9,-7,0,1,0,0,0,0,0,0,1,0,0,0
693,346000,31,21,33,-499,8,-6,0,1,0,0,0,0,0,0,1,0,0,0
694,346500,28,20,32,-506,8,-7,0,1,0,0,0,0,0,0,1,0,0,0
695,347000,28,22,31,-498,9,-7,0,1,0,0,0,0,0,0,1,0,0,0
696,347500,30,22,33,-481,9,-7,0,1,0,0,0,0,0,0,1,0,0,0
697,348000,31,21,34,-456,8,-6,0,1,0,0,0,0,0,0,1,0,0,0
698,348500,31,20,34,-413,8,-6,0,1,0,0,0,0,0,0,1,0,0,0
699,349000,28,20,32,-358,8,-7,0,1,0,0,0,0,0,0,1,0,0,0
700,349500,28,21,31,-297,9,-7,0,1,0,0,0,0,0,0,1,0,0,0
701,350000,31,19,33,-233,8,-6,0,1,0,0,0,0,0,0,1,0,0,0
702,350500,30,20,34,-147,8,-6,0,1,0,0,0,0,0,0,1,0,0,0
703,351000,28,19,32,-67,8,-7,0,1,0,0,0,0,0,0,1,0,0,0
704,351500,28,21,32,13,9,-6,0,1,0,0,0,0,0,0,1,0,0,0
705,352000,28,19,34,90,9,-6,0,1,0,0,0,0,0,0,1,0,0,0
706,352500,28,19,32,166,9,-6,0,1,0,0,0,0,0,0,1,0,0,0
707,353000,30,19,33,237,9,-6,0,1,0,0,0,0,0,0,1,0,0,0
708,353500,28,18,32,291,7,-7,0,1,0,0,0,0,0,0,1,0,0,0
709,354000,28,18,31,351,8,-7,0,1,0,0,0,0,0,0,1,0,0,0
710,354500,30,18,31,405,8,-7,0,1,0,0,0,0,0,0,1,0,0,0
711,355000,28,19,31,449,8,-7,0,1,0,0,0,0,0,0,1,0,0,0
712,355500,30,18,31,482,8,-7,0,1,0,0,0,0,0,0,1,0,0,0
713,356000,28,18,31,500,8,-2,0,1,0,0,0,0,0,0,1,0,0,0
714,356500,28,17,31,506,6,-6,0,1,0,0,0,0,0,0,1,0,0,0
715,357000,28,23,31,500,8,-8,0,1,0,0,0,0,0,0,1,0,0,0
716,357500,28,19,31,482,8,-8,0,1,0,0,0,0,0,0,1,0,0,0
717,358000,28,18,28,453,8,-8,0,1,0,0,0,0,0,0,1,0,0,0
718,358500,22,18,31,411,6,-6,0,1,0,0,0,0,0,0,1,0,0,0
719,359000,30,20,33,356,8,-6,0,1,0,0,0,0,0,0,1,0,0,0
720,359500,30,19,32,298,7,-8,0,1,0,0,0,0,0,0,1,0,0,0
721,360000,28,19,33,243,8,-7,0,1,0,0,0,0,0,0,1,0,0,0
722,360500,28,18,32,170,7,-7,0,1,0,0,0,0,0,0,1,0,0,0
723,361000,30,18,31,91,8,-7,0,1,0,0,0,0,0,0,1,0,0,0
724,361500,30,21,32,10,9,-7,0,1,0,0,0,0,0,0,1,0,0,0
725,362000,28,22,31,-66,9,-7,0,1,0,0,0,0,0,0,1,0,0,0
726,362500,31,20,34,-143,8,-6,0,1,0,0,0,0,0,0,1,0,0,0
727,363000,28,20,32,-226,8,-7,0,1,0,0,0,0,0,0,1,0,0,0
728,363500,28,19,31,-296,8,-7,0,1,0,0,0,0,0,0,1,0,0,0
729,364000,30,22,33,-357,9,-3,0,1,0,0,0,0,0,0,1,0,0,0
730,364500,30,22,32,-409,9,-6,0,1,0,0,0,0,0,0,1,0,0,0
731,365000,28,22,31,-453,9,-7,0,1,0,0,0,0,0,0,1,0,0,0
732,365500,28,21,31,-488,8,-7,0,1,0,0,0,0,0,0,1,0,0,0
733,366000,30,22,33,-506,9,-6,0,1,0,0,0,0,0,0,1,0,0,0
734,366500,28,22,33,-507,9,-4,0,1,0,0,0,0,0,0,1,0,0,0
735,367000,30,23,33,-511,9,-6,0,1,0,0,0,0,0,0,1,0,0,0
736,367500,31,22,33,-483,9,-7,0,1,0,0,0,0,0,0,1,0,0,0
737,368000,28,20,32,-456,6,-7,0,1,0,0,0,0,0,0,1,0,0,0
738,368500,31,20,34,-413,8,-6,0,1,0,0,0,0,0,0,1,0,0,0
739,369000,28,19,32,-358,8,-7,0,1,0,0,0,0,0,0,1,0,0,0
740,369500,28,19,31,-297,8,-7,0,1,0,0,0,0,0,0,1,0,0,0
741,370000,28,19,33,-233,8,-6,0,1,0,0,0,0,0,0,1,0,0,0
742,370500,29,22,33,-147,9,-6,0,1,0,0,0,0,0,0,1,0,0,0
743,371000,28,19,32,-66,9,-7,0,1,0,0,0,0,0,0,1,0,0,0
744,371500,28,20,32,15,9,-7,0,1,0,0,0,0,0,0,1,0,0,0
745,372000,28,19,31,93,8,-7,0,1,0,0,0,0,0,0,1,0,0,0
746,372500,28,19,32,167,9,-6,0,1,0,0,0,0,0,0,1,0,0,0
747,373000,28,17,31,238,8,-7,0,1,0,0,0,0,0,0,1,0,0,0
748,373500,28,16,31,305,8,-7,0,1,0,0,0,0,0,0,1,0,0,0
749,374000,28,20,38,354,9,-6,0,1,0,0,0,0,0,0,1,0,0,0
750,374500,31,18,33,406,8,-11,0,1,0,0,0,0,0,0,1,0,0,0
751,375000,28,18,31,438,8,-8,0,1,0,0,0,0,0,0,1,0,0,0
752,375500,28,24,33,482,8,-6,0,1,0,0,0,0,0,0,1,0,0,0
753,376000,28,19,33,501,6,-7,0,1,0,0,0,0,0,0,1,0,0,0
754,376500,28,18,31,506,8,-7,0,1,0,0,0,0,0,0,1,0,0,0
755,377000,31,19,33,499,8,-7,0,1,0,0,0,0,0,0,1,0,0,0
756,377500,28,18,32,482,8,-7,0,1,0,0,0,0,0,0,1,0,0,0
757,378000,30,18,31,453,7,-8,0,1,0,0,0,0,0,0,1,0,0,0
758,378500,28,17,31,411,8,-8,0,1,0,0,0,0,0,0,1,0,0,0
759,379000,30,20,33,358,9,-7,0,1,0,0,0,0,0,0,1,0,0,0
760,379500,27,19,32,296,8,-7,0,1,0,0,0,0,0,0,1,0,0,0
761,380000,30,17,31,242,7,-8,0,1,0,0,0,0,0,0,1,0,0,0
762,380500,28,19,32,169,8,-7,0,1,0,0,0,0,0,0,1,0,0,0
763,381000,30,19,31,90,8,-7,0,1,0,0,0,0,0,0,1,0,0,0
764,381500,28,20,31,10,9,-7,0,1,0,0,0,0,0,0,1,0,0,0
765,382000,28,20,36,-69,8,-7,0,1,0,0,0,0,0,0,1,0,0,0
766,382500,28,20,32,-143,8,-12,0,1,0,0,0,0,0,0,1,0,0,0
767,383000,28,20,31,-236,8,-9,0,1,0,0,0,0,0,0,1,0,0,0
768,383500,28,21,31,-297,9,-7,0,1,0,0,0,0,0,0,1,0,0,0
769,384000,30,22,31,-357,9,-7,0,1,0,0,0,0,0,0,1,0,0,0
770,384500,28,21,33,-409,8,-7,0,1,0,0,0,0,0,0,1,0,0,0
771,385000,28,21,32,-453,8,-6,0,1,0,0,0,0,0,0,1,0,0,0
772,385500,30,22,33,-488,9,-7,0,1,0,0,0,0,0,0,1,0,0,0
773,386000,28,19,32,-506,7,-7,0,1,0,0,0,0,0,0,1,0,0,0
774,386500,31,20,33,-508,8,-6,0,1,0,0,0,0,0,0,1,0,0,0
775,387000,30,21,31,-500,8,-7,0,1,0,0,0,0,0,0,1,0,0,0
776,387500,30,22,33,-482,9,-6,0,1,0,0,0,0,0,0,1,0,0,0
777,388000,31,21,32,-456,8,-7,0,1,0,0,0,0,0,0,1,0,0,0
778,388500,30,22,33,-413,9,-6,0,1,0,0,0,0,0,0,1,0,0,0
779,389000,28,22,33,-362,9,-6,0,1,0,0,0,0,0,0,1,0,0,0
780,389500,28,19,31,-296,8,-7,0,1,0,0,0,0,0,0,1,0,0,0
781,390000,30,19,36,-228,8,-6,0,1,0,0,0,0,0,0,1,0,0,0
782,390500,30,22,34,-144,9,-11,0,1,0,0,0,0,0,0,1,0,0,0
783,391000,28,19,32,-66,8,-9,0,1,0,0,0,0,0,0,1,0,0,0
784,391500,30,19,31,15,8,-8,0,1,0,0,0,0,0,0,1,0,0,0
785,392000,33,19,35,93,13,-7,0,1,0,0,0,0,0,0,1,0,0,0
786,392500,30,19,37,168,10,-6,0,1,0,0,0,0,0,0,1,0,0,0
787,393000,24,16,32,240,8,-7,0,1,0,0,0,0,0,0,1,0,0,0
788,393500,28,16,32,307,9,-7,0,1,0,0,0,0,0,0,1,0,0,0
789,394000,28,18,34,355,9,-6,0,1,0,0,0,0,0,0,1,0,0,0
790,394500,30,18,32,407,7,-7,0,1,0,0,0,0,0,0,1,0,0,0
791,395000,28,18,31,450,8,-7,0,1,0,0,0,0,0,0,1,0,0,0
792,395500,30,18,31,483,8,-7,0,1,0,0,0,0,0,0,1,0,0,0
793,396000,28,18,31,501,6,-7,0,1,0,0,0,0,0,0,1,0,0,0
794,396500,30,18,31,506,8,-7,0,1,0,0,0,0,0,0,1,0,0,0
795,397000,28,18,31,500,6,-8,0,1,0,0,0,0,0,0,1,0,0,0
796,397500,30,18,31,482,8,-8,0,1,0,0,0,0,0,0,1,0,0,0
797,398000,28,18,31,452,6,-7,0,1,0,0,0,0,0,0,1,0,0,0
798,398500,31,18,31,411,8,-8,0,1,0,0,0,0,0,0,1,0,0,0
799,399000,28,19,32,356,8,-7,0,1,0,0,0,0,0,0,1,0,0,0
800,399500,28,18,31,296,7,-7,0,1,0,0,0,0,0,0,1,0,0,0
801,400000,28,18,31,241,14,-8,0,1,0,0,0,0,0,0,1,0,0,0
802,400500,28,18,31,167,9,-8,0,1,0,0,0,0,0,0,1,0,0,0
803,401000,22,19,31,88,6,-7,0,1,0,0,0,0,0,0,1,0,0,0
804,401500,28,21,31,9,8,-7,0,1,0,0,0,0,0,0,1,0,0,0
805,402000,28,16,31,-70,8,-8,0,1,0,0,0,0,0,0,1,0,0,0
806,402500,28,20,31,-146,9,-7,0,1,0,0,0,0,0,0,1,0,0,0
807,403000,30,22,31,-228,9,-7,0,1,0,0,0,0,0,0,1,0,0,0
808,403500,31,22,32,-296,9,-6,0,1,0,0,0,0,0,0,1,0,0,0
809,404000,28,21,31,-357,7,-7,0,1,0,0,0,0,0,0,1,0,0,0
810,404500,28,22,31,-409,8,-7,0,1,0,0,0,0,0,0,1,0,0,0
811,405000,30,20,34,-453,8,-6,0,1,0,0,0,0,0,0,1,0,0,0
812,405500,31,22,32,-488,9,-6,0,1,0,0,0,0,0,0,1,0,0,0
813,406000,30,22,31,-506,9,-7,0,1,0,0,0,0,0,0,1,0,0,0
814,406500,28,21,31,-508,8,-7,0,1,0,0,0,0,0,0,1,0,0,0
815,407000,30,22,33,-500,9,-6,0,1,0,0,0,0,0,0,1,0,0,0
816,407500,31,21,34,-482,8,-6,0,1,0,0,0,0,0,0,1,0,0,0
817,408000,28,20,31,-456,12,-7,0,1,0,0,0,0,0,0,1,0,0,0
818,408500,28,20,26,-408,9,-7,0,1,0,0,0,0,0,0,1,0,0,0
819,409000,28,20,30,-355,8,-10,0,1,0,0,0,0,0,0,1,0,0,0
820,409500,28,20,31,-294,8,-8,0,1,0,0,0,0,0,0,1,0,0,0
821,410000,30,22,33,-227,9,-6,0,1,0,0,0,0,0,0,1,0,0,0
822,410500,28,21,32,-144,9,-7,0,1,0,0,0,0,0,0,1,0,0,0
823,411000,30,19,31,-66,8,-6,0,1,0,0,0,0,0,0,1,0,0,0
824,411500,31,19,31,17,8,-7,0,1,0,0,0,0,0,0,1,0,0,0
825,412000,30,18,31,95,8,-7,0,1,0,0,0,0,0,0,1,0,0,0
826,412500,28,18,31,170,8,-7,0,1,0,0,0,0,0,0,1,0,0,0
827,413000,30,16,31,241,8,-7,0,1,0,0,0,0,0,0,1,0,0,0
828,413500,28,16,31,308,8,-7,0,1,0,0,0,0,0,0,1,0,0,0
829,414000,31,17,31,355,6,-7,0,1,0,0,0,0,0,0,1,0,0,0
830,414500,28,19,33,407,8,-7,0,1,0,0,0,0,0,0,1,0,0,0
831,415000,28,19,33,450,9,-7,0,1,0,0,0,0,0,0,1,0,0,0
832,415500,30,19,34,483,9,-6,0,1,0,0,0,0,0,0,1,0,0,0
833,416000,28,17,32,503,8,-7,0,1,0,0,0,0,0,0,1,0,0,0
834,416500,28,18,26,507,8,-7,0,1,0,0,0,0,0,0,1,0,0,0
835,417000,28,18,30,499,8,-11,0,1,0,0,0,0,0,0,1,0,0,0
836,417500,28,19,31,479,9,-8,0,1,0,0,0,0,0,0,1,0,0,0
837,418000,28,19,31,451,8,-7,0,1,0,0,0,0,0,0,1,0,0,0
838,418500,28,17,31,410,8,-7,0,1,0,0,0,0,0,0,1,0,0,0
839,419000,28,19,34,357,8,-7,0,1,0,0,0,0,0,0,1,0,0,0
840,419500,33,19,32,295,8,-7,0,1,0,0,0,0,0,0,1,0,0,0
841,420000,30,17,31,236,8,-8,0,1,0,0,0,0,0,0,1,0,0,0
842,420500,28,19,33,165,9,-7,0,1,0,0,0,0,0,0,1,0,0,0
843,421000,28,19,32,87,7,-7,0,1,0,0,0,0,0,0,1,0,0,0
844,421500,28,19,31,6,6,-8,0,1,0,0,0,0,0,0,1,0,0,0
845,422000,30,21,33,-72,9,-7,0,1,0,0,0,0,0,0,1,0,0,0
846,422500,28,19,32,-147,8,-7,0,1,0,0,0,0,0,0,1,0,0,0
847,423000,30,21,31,-229,9,-7,0,1,0,0,0,0,0,0,1,0,0,0
848,423500,28,21,31,-296,8,-7,0,1,0,0,0,0,0,0,1,0,0,0
849,424000,28,20,31,-357,8,-7,0,1,0,0,0,0,0,0,1,0,0,0
850,424500,30,22,36,-410,9,-6,0,1,0,0,0,0,0,0,1,0,0,0
851,425000,30,23,32,-454,9,-6,0,1,0,0,0,0,0,0,1,0,0,0
852,425500,30,22,31,-488,8,-7,0,1,0,0,0,0,0,0,1,0,0,0
853,426000,30,29,31,-506,9,-7,0,1,0,0,0,0,0,0,1,0,0,0
854,426500,30,23,33,-511,13,-7,0,1,0,0,0,0,0,0,1,0,0,0
855,427000,30,21,29,-500,9,-7,0,1,0,0,0,0,0,0,1,0,0,0
856,427500,28,22,31,-481,9,-7,0,1,0,0,0,0,0,0,1,0,0,0
857,428000,30,22,33,-450,9,-7,0,1,0,0,0,0,0,0,1,0,0,0
858,428500,28,24,32,-413,9,-7,0,1,0,0,0,0,0,0,1,0,0,0
859,429000,28,22,31,-355,9,-7,0,1,0,0,0,0,0,0,1,0,0,0
860,429500,30,22,33,-293,9,-6,0,1,0,0,0,0,0,0,1,0,0,0
861,430000,31,21,32,-226,9,-7,0,1,0,0,0,0,0,0,1,0,0,0
862,430500,30,22,33,-144,9,-6,0,1,0,0,0,0,0,0,1,0,0,0
863,431000,28,19,31,-63,8,-7,0,1,0,0,0,0,0,0,1,0,0,0
864,431500,30,21,33,18,9,-6,0,1,0,0,0,0,0,0,1,0,0,0
865,432000,28,21,33,96,7,-7,0,1,0,0,0,0,0,0,1,0,0,0
866,432500,28,18,31,171,8,-7,0,1,0,0,0,0,0,0,1,0,0,0
867,433000,30,16,31,242,8,-2,0,1,0,0,0,0,0,0,1,0,0,0
868,433500,30,17,33,308,9,-5,0,1,0,0,0,0,0,0,1,0,0,0
869,434000,28,24,34,355,9,-6,0,1,0,0,0,0,0,0,1,0,0,0
870,434500,28,19,32,407,14,-7,0,1,0,0,0,0,0,0,1,0,0,0
871,435000,28,17,31,453,9,-8,0,1,0,0,0,0,0,0,1,0,0,0
872,435500,36,19,33,485,9,-6,0,1,0,0,0,0,0,0,1,0,0,0
873,436000,30,19,32,499,8,-7,0,1,0,0,0,0,0,0,1,0,0,0
874,436500,28,17,31,507,8,-8,0,1,0,0,0,0,0,0,1,0,0,0
875,437000,28,18,31,500,8,-7,0,1,0,0,0,0,0,0,1,0,0,0
876,437500,28,17,31,482,7,-8,0,1,0,0,0,0,0,0,1,0,0,0
877,438000,30,18,31,452,8,-8,0,1,0,0,0,0,0,0,1,0,0,0
878,438500,28,19,31,409,8,-7,0,1,0,0,0,0,0,0,1,0,0,0
879,439000,30,18,31,356,8,-8,0,1,0,0,0,0,0,0,1,0,0,0
880,439500,28,20,33,294,9,-7,0,1,0,0,0,0,0,0,1,0,0,0
881,440000,28,18,32,239,8,-7,0,1,0,0,0,0,0,0,1,0,0,0
882,440500,28,19,31,165,8,-7,0,1,0,0,0,0,0,0,1,0,0,0
883,441000,28,21,34,84,9,-6,0,1,0,0,0,0,0,0,1,0,0,0
884,441500,30,19,34,4,8,-6,0,1,0,0,0,0,0,0,1,0,0,0
885,442000,28,19,32,-74,8,-7,0,1,0,0,0,0,0,0,1,0,0,0
886,442500,30,22,33,-149,9,-7,0,1,0,0,0,0,0,0,1,0,0,0
887,443000,28,22,32,-235,9,-7,0,1,0,0,0,0,0,0,1,0,0,0
888,443500,28,21,31,-298,8,-7,0,1,0,0,0,0,0,0,1,0,0,0
889,444000,28,21,31,-358,8,-7,0,1,0,0,0,0,0,0,1,0,0,0
890,444500,30,19,33,-411,8,-7,0,1,0,0,0,0,0,0,1,0,0,0
891,445000,28,22,32,-454,9,-7,0,1,0,0,0,0,0,0,1,0,0,0
892,445500,28,21,31,-488,8,-7,0,1,0,0,0,0,0,0,1,0,0,0
893,446000,28,21,31,-506,8,-7,0,1,0,0,0,0,0,0,1,0,0,0
894,446500,30,23,33,-511,9,-6,0,1,0,0,0,0,0,0,1,0,0,0
895,447000,28,22,32,-500,9,-7,0,1,0,0,0,0,0,0,1,0,0,0
896,447500,28,21,31,-481,8,-7,0,1,0,0,0,0,0,0,1,0,0,0
897,448000,28,22,32,-450,9,-6,0,1,0,0,0,0,0,0,1,0,0,0
898,448500,28,19,31,-407,8,-7,0,1,0,0,0,0,0,0,1,0,0,0
899,449000,30,20,34,-354,8,-6,0,1,0,0,0,0,0,0,1,0,0,0
900,449500,28,21,32,-293,9,-6,0,1,0,0,0,0,0,0,1,0,0,0
901,450000,28,20,31,-225,9,-7,0,1,0,0,0,0,0,0,1,0,0,0
902,450500,28,21,31,-141,9,-7,0,1,0,0,0,0,0,0,1,0,0,0
903,451000,30,22,33,-61,9,-6,0,1,0,0,0,0,0,0,1,0,0,0
904,451500,30,21,34,18,9,-6,0,1,0,0,0,0,0,0,1,0,0,0
905,452000,28,19,32,99,9,-6,0,1,0,0,0,0,0,0,1,0,0,0
906,452500,28,18,31,173,8,-7,0,1,0,0,0,0,0,0,1,0,0,0
907,453000,28,16,31,245,8,-7,0,1,0,0,0,0,0,0,1,0,0,0
908,453500,28,16,33,312,9,-7,0,1,0,0,0,0,0,0,1,0,0,0
909,454000,28,18,32,360,8,-7,0,1,0,0,0,0,0,0,1,0,0,0
910,454500,30,18,31,412,6,-8,0,1,0,0,0,0,0,0,1,0,0,0
911,455000,28,19,33,454,9,-6,0,1,0,0,0,0,0,0,1,0,0,0
912,455500,28,18,32,486,8,-7,0,1,0,0,0,0,0,0,1,0,0,0
913,456000,28,18,31,503,8,-7,0,1,0,0,0,0,0,0,1,0,0,0
914,456500,28,19,33,507,9,-6,0,1,0,0,0,0,0,0,1,0,0,0
915,457000,28,18,32,499,8,-7,0,1,0,0,0,0,0,0,1,0,0,0
916,457500,28,19,33,479,9,-7,0,1,0,0,0,0,0,0,1,0,0,0
917,458000,30,18,32,451,7,-8,0,1,0,0,0,0,0,0,1,0,0,0
918,458500,30,18,31,408,6,-7,0,1,0,0,0,0,0,0,1,0,0,0
919,459000,28,18,31,355,7,-7,0,1,0,0,0,0,0,0,1,0,0,0
920,459500,28,18,31,291,6,-7,0,1,0,0,0,0,0,0,1,0,0,0
921,460000,29,18,33,237,8,-7,0,1,0,0,0,0,0,0,1,0,0,0
922,460500,31,19,32,162,8,-7,0,1,0,0,0,0,0,0,1,0,0,0
923,461000,28,20,33,84,9,-7,0,1,0,0,0,0,0,0,1,0,0,0
924,461500,28,19,32,3,7,-7,0,1,0,0,0,0,0,0,1,0,0,0
925,462000,30,22,31,-76,9,-7,0,1,0,0,0,0,0,0,1,0,0,0
926,462500,28,21,31,-150,8,-7,0,1,0,0,0,0,0,0,1,0,0,0
927,463000,30,22,33,-235,9,-6,0,1,0,0,0,0,0,0,1,0,0,0
928,463500,30,21,32,-299,9,-7,0,1,0,0,0,0,0,0,1,0,0,0
929,464000,30,22,33,-360,9,-6,0,1,0,0,0,0,0,0,1,0,0,0
930,464500,31,20,34,-414,8,-6,0,1,0,0,0,0,0,0,1,0,0,0
931,465000,30,21,32,-456,8,-7,0,1,0,0,0,0,0,0,1,0,0,0
932,465500,31,21,33,-488,6,-6,0,1,0,0,0,0,0,0,1,0,0,0
933,466000,28,21,32,-506,8,-7,0,1,0,0,0,0,0,0,1,0,0,0
934,466500,28,22,31,-509,9,-7,0,1,0,0,0,0,0,0,1,0,0,0
935,467000,31,22,33,-500,9,-6,0,1,0,0,0,0,0,0,1,0,0,0
936,467500,30,22,33,-481,9,-6,0,1,0,0,0,0,0,0,1,0,0,0
937,468000,28,21,31,-450,8,-6,0,1,0,0,0,0,0,0,1,0,0,0
938,468500,28,20,31,-407,8,-7,0,1,0,0,0,0,0,0,1,0,0,0
939,469000,28,19,31,-354,8,-7,0,1,0,0,0,0,0,0,1,0,0,0
940,469500,30,21,31,-293,9,-6,0,1,0,0,0,0,0,0,1,0,0,0
941,470000,28,21,31,-224,9,-6,0,1,0,0,0,0,0,0,1,0,0,0
942,470500,31,19,33,-141,8,-6,0,1,0,0,0,0,0,0,1,0,0,0
943,471000,28,19,32,-60,8,-7,0,1,0,0,0,0,0,0,1,0,0,0
944,471500,28,19,31,21,8,-6,0,1,0,0,0,0,0,0,1,0,0,0
945,472000,31,19,31,99,8,-6,0,1,0,0,0,0,0,0,1,0,0,0
946,472500,28,18,31,175,8,-7,0,1,0,0,0,0,0,0,1,0,0,0
947,473000,28,16,31,246,8,-7,0,1,0,0,0,0,0,0,1,0,0,0
948,473500,30,17,33,312,9,-6,0,1,0,0,0,0,0,0,1,0,0,0
949,474000,28,18,32,361,7,-7,0,1,0,0,0,0,0,0,1,0,0,0
950,474500,28,18,31,412,8,-7,0,1,0,0,0,0,0,0,1,0,0,0
951,475000,28,20,34,455,9,-6,0,1,0,0,0,0,0,0,1,0,0,0
952,475500,28,19,33,486,9,-6,0,1,0,0,0,0,0,0,1,0,0,0
953,476000,28,19,33,503,9,-6,0,1,0,0,0,0,0,0,1,0,0,0
954,476500,28,19,33,508,9,-7,0,1,0,0,0,0,0,0,1,0,0,0
955,477000,28,19,33,500,9,-7,0,1,0,0,0,0,0,0,1,0,0,0
956,477500,30,18,31,482,8,-7,0,1,0,0,0,0,0,0,1,0,0,0
957,478000,30,17,31,450,6,-7,0,1,0,0,0,0,0,0,1,0,0,0
958,478500,30,18,31,408,6,-8,0,1,0,0,0,0,0,0,1,0,0,0
959,479000,28,20,33,351,9,-7,0,1,0,0,0,0,0,0,1,0,0,0
960,479500,28,19,33,291,8,-6,0,1,0,0,0,0,0,0,1,0,0,0
961,480000,30,16,31,235,7,-7,0,1,0,0,0,0,0,0,1,0,0,0
962,480500,30,18,31,161,7,-7,0,1,0,0,0,0,0,0,1,0,0,0
963,481000,28,19,31,82,8,-7,0,1,0,0,0,0,0,0,1,0,0,0
964,481500,28,19,31,0,6,-7,0,1,0,0,0,0,0,0,1,0,0,0
965,482000,28,20,31,-78,8,-7,0,1,0,0,0,0,0,0,1,0,0,0
966,482500,28,21,31,-152,8,-7,0,1,0,0,0,0,0,0,1,0,0,0
967,483000,28,20,31,-235,8,-7,0,1,0,0,0,0,0,0,1,0,0,0
968,483500,30,22,31,-305,9,-7,0,1,0,0,0,0,0,0,1,0,0,0
969,484000,28,22,33,-366,9,-6,0,1,0,0,0,0,0,0,1,0,0,0
970,484500,31,20,34,-418,8,-5,0,1,0,0,0,0,0,0,1,0,0,0
971,485000,28,21,32,-456,8,-7,0,1,0,0,0,0,0,0,1,0,0,0
972,485500,30,22,32,-488,9,-6,0,1,0,0,0,0,0,0,1,0,0,0
973,486000,30,22,31,-506,9,-7,0,1,0,0,0,0,0,0,1,0,0,0
974,486500,30,21,31,-508,8,-7,0,1,0,0,0,0,0,0,1,0,0,0
975,487000,30,22,31,-499,9,-7,0,1,0,0,0,0,0,0,1,0,0,0
976,487500,30,21,33,-481,8,-6,0,1,0,0,0,0,0,0,1,0,0,0
977,488000,28,19,32,-452,8,-6,0,1,0,0,0,0,0,0,1,0,0,0
978,488500,28,21,31,-406,8,-7,0,1,0,0,0,0,0,0,1,0,0,0
979,489000,31,22,32,-353,9,-6,0,1,0,0,0,0,0,0,1,0,0,0
980,489500,28,20,31,-293,8,-7,0,1,0,0,0,0,0,0,1,0,0,0
981,490000,28,19,31,-224,8,-7,0,1,0,0,0,0,0,0,1,0,0,0
982,490500,28,20,31,-138,9,-7,0,1,0,0,0,0,0,0,1,0,0,0
983,491000,31,19,33,-59,8,-6,0,1,0,0,0,0,0,0,1,0,0,0
984,491500,30,21,34,23,9,-6,0,1,0,0,0,0,0,0,1,0,0,0
985,492000,30,21,34,101,9,-6,0,1,0,0,0,0,0,0,1,0,0,0
986,492500,30,20,34,176,9,-6,0,1,0,0,0,0,0,0,1,0,0,0
987,493000,30,16,32,248,7,-7,0,1,0,0,0,0,0,0,1,0,0,0
988,493500,30,18,33,313,9,-6,0,1,0,0,0,0,0,0,1,0,0,0
989,494000,28,19,33,361,9,-6,0,1,0,0,0,0,0,0,1,0,0,0
990,494500,28,19,34,413,9,-6,0,1,0,0,0,0,0,0,1,0,0,0
991,495000,30,18,32,456,7,-7,0,1,0,0,0,0,0,0,1,0,0,0
992,495500,30,18,31,486,6,-8,0,1,0,0,0,0,0,0,1,0,0,0
993,496000,28,19,33,503,9,-6,0,1,0,0,0,0,0,0,1,0,0,0
994,496500,28,19,33,508,8,-6,0,1,0,0,0,0,0,0,1,0,0,0
995,497000,28,18,32,499,8,-7,0,1,0,0,0,0,0,0,1,0,0,0
996,497500,28,20,33,479,9,-7,0,1,0,0,0,0,0,0,1,0,0,0
997,498000,28,19,32,449,8,-7,0,1,0,0,0,0,0,0,1,0,0,0
998,498500,28,18,31,406,8,-7,0,1,0,0,0,0,0,0,1,0,0,0
999,499000,28,19,31,351,8,-7,0,1,0,0,0,0,0,0,1,0,0,0
1000,499500,28,19,33,290,8,-7,0,1,0,0,0,0,0,0,1,0,0,0
1001,500000,28,17,32,234,7,-7,0,1,0,0,0,0,0,0,1,0,0,0
1002,500500,30,20,33,159,9,-7,0,1,0,0,0,0,0,0,1,0,0,0
1003,501000,28,19,32,81,8,-7,0,1,0,0,0,0,0,0,1,0,0,0
1004,501500,28,19,31,0,8,-7,0,1,0,0,0,0,0,0,1,0,0,0
1005,502000,29,21,31,-78,8,-7,0,1,0,0,0,0,0,0,1,0,0,0
1006,502500,30,19,34,-153,7,-6,0,1,0,0,0,0,0,0,1,0,0,0
1007,503000,30,21,32,-236,8,-7,0,1,0,0,0,0,0,0,1,0,0,0
1008,503500,28,22,32,-305,9,-7,0,1,0,0,0,0,0,0,1,0,0,0
1009,504000,30,22,33,-366,9,-6,0,1,0,0,0,0,0,0,1,0,0,0
1010,504500,28,21,32,-418,7,-7,0,1,0,0,0,0,0,0,1,0,0,0
1011,505000,28,21,31,-461,8,-7,0,1,0,0,0,0,0,0,1,0,0,0
1012,505500,30,22,31,-489,9,-6,0,1,0,0,0,0,0,0,1,0,0,0
1013,506000,30,22,31,-506,9,-6,0,1,0,0,0,0,0,0,1,0,0,0
1014,506500,28,21,31,-508,9,-7,0,1,0,0,0,0,0,0,1,0,0,0
1015,507000,30,23,32,-500,9,-6,0,1,0,0,0,0,0,0,1,0,0,0
1016,507500,28,22,31,-481,9,-7,0,1,0,0,0,0,0,0,1,0,0,0
1017,508000,28,22,31,-448,9,-6,0,1,0,0,0,0,0,0,1,0,0,0
1018,508500,28,22,31,-405,9,-7,0,1,0,0,0,0,0,0,1,0,0,0
1019,509000,30,22,31,-353,9,-6,0,1,0,0,0,0,0,0,1,0,0,0
1020,509500,28,20,31,-293,8,-6,0,1,0,0,0,0,0,0,1,0,0,0
1021,510000,28,19,31,-224,8,-7,0,1,0,0,0,0,0,0,1,0,0,0
1022,510500,28,20,31,-136,9,-7,0,1,0,0,0,0,0,0,1,0,0,0
1023,511000,28,21,31,-56,9,-7,0,1,0,0,0,0,0,0,1,0,0,0
1024,511500,31,19,31,24,8,-7,0,1,0,0,0,0,0,0,1,0,0,0
1025,512000,28,19,32,102,8,-5,0,1,0,0,0,0,0,0,1,0,0,0
1026,512500,30,20,34,177,9,-5,0,1,0,0,0,0,0,0,1,0,0,0
1027,513000,30,16,32,249,8,-7,0,1,0,0,0,0,0,0,1,0,0,0
1028,513500,28,20,33,302,9,-6,0,1,0,0,0,0,0,0,1,0,0,0
1029,514000,28,19,33,362,9,-6,0,1,0,0,0,0,0,0,1,0,0,0
1030,514500,28,18,32,414,7,-7,0,1,0,0,0,0,0,0,1,0,0,0
1031,515000,28,18,31,456,8,-7,0,1,0,0,0,0,0,0,1,0,0,0
1032,515500,28,19,33,486,8,-7,0,1,0,0,0,0,0,0,1,0,0,0
1033,516000,30,18,32,503,8,-7,0,1,0,0,0,0,0,0,1,0,0,0
1034,516500,28,18,31,508,8,-8,0,1,0,0,0,0,0,0,1,0,0,0
1035,517000,28,19,33,500,8,-7,0,1,0,0,0,0,0,0,1,0,0,0
1036,517500,28,19,33,479,9,-6,0,1,0,0,0,0,0,0,1,0,0,0
1037,518000,28,18,32,449,8,-7,0,1,0,0,0,0,0,0,1,0,0,0
1038,518500,30,20,33,407,9,-6,0,1,0,0,0,0,0,0,1,0,0,0
1039,519000,28,19,32,351,8,-7,0,1,0,0,0,0,0,0,1,0,0,0
1040,519500,28,16,31,303,8,-7,0,1,0,0,0,0,0,0,1,0,0,0
1041,520000,28,16,31,234,8,-8,0,1,0,0,0,0,0,0,1,0,0,0
1042,520500,30,20,33,159,9,-7,0,1,0,0,0,0,0,0,1,0,0,0
1043,521000,30,19,32,80,7,-7,0,1,0,0,0,0,0,0,1,0,0,0
1044,521500,28,19,31,0,8,-7,0,1,0,0,0,0,0,0,1,0,0,0
1045,522000,30,19,31,-78,9,-7,0,1,0,0,0,0,0,0,1,0,0,0
1046,522500,31,19,33,-154,8,-6,0,1,0,0,0,0,0,0,1,0,0,0
1047,523000,31,19,34,-236,6,-6,0,1,0,0,0,0,0,0,1,0,0,0
1048,523500,28,21,32,-305,8,-7,0,1,0,0,0,0,0,0,1,0,0,0
1049,524000,28,21,31,-366,8,-7,0,1,0,0,0,0,0,0,1,0,0,0
1050,524500,30,22,32,-418,9,-6,0,1,0,0,0,0,0,0,1,0,0,0
1051,525000,28,20,31,-461,8,-7,0,1,0,0,0,0,0,0,1,0,0,0
1052,525500,31,21,33,-489,8,-6,0,1,0,0,0,0,0,0,1,0,0,0
1053,526000,28,20,32,-506,8,-7,0,1,0,0,0,0,0,0,1,0,0,0
1054,526500,30,22,31,-508,9,-6,0,1,0,0,0,0,0,0,1,0,0,0
1055,527000,31,21,33,-500,8,-6,0,1,0,0,0,0,0,0,1,0,0,0
1056,527500,30,22,33,-481,9,-6,0,1,0,0,0,0,0,0,1,0,0,0
1057,528000,28,21,32,-448,8,-7,0,1,0,0,0,0,0,0,1,0,0,0
1058,528500,28,21,31,-405,9,-7,0,1,0,0,0,0,0,0,1,0,0,0
1059,529000,28,20,31,-353,8,-7,0,1,0,0,0,0,0,0,1,0,0,0
1060,529500,28,21,31,-289,8,-7,0,1,0,0,0,0,0,0,1,0,0,0
1061,530000,28,21,31,-220,9,-7,0,1,0,0,0,0,0,0,1,0,0,0
1062,530500,30,22,31,-135,9,-6,0,1,0,0,0,0,0,0,1,0,0,0
1063,531000,28,22,33,-56,9,-6,0,1,0,0,0,0,0,0,1,0,0,0
1064,531500,30,20,33,27,9,-6,0,1,0,0,0,0,0,0,1,0,0,0
1065,532000,28,19,32,104,8,-6,0,1,0,0,0,0,0,0,1,0,0,0
1066,532500,30,20,33,179,9,-6,0,1,0,0,0,0,0,0,1,0,0,0
1067,533000,28,16,32,250,8,-7,0,1,0,0,0,0,0,0,1,0,0,0
1068,533500,30,17,33,315,9,-6,0,1,0,0,0,0,0,0,1,0,0,0
1069,534000,30,18,32,364,8,-7,0,1,0,0,0,0,0,0,1,0,0,0
1070,534500,30,19,34,415,9,-6,0,1,0,0,0,0,0,0,1,0,0,0
1071,535000,28,18,32,458,8,-7,0,1,0,0,0,0,0,0,1,0,0,0
1072,535500,28,19,33,488,9,-6,0,1,0,0,0,0,0,0,1,0,0,0
1073,536000,30,18,32,503,8,-7,0,1,0,0,0,0,0,0,1,0,0,0
1074,536500,28,19,33,506,9,-7,0,1,0,0,0,0,0,0,1,0,0,0
1075,537000,30,19,34,500,9,-6,0,1,0,0,0,0,0,0,1,0,0,0
1076,537500,30,19,34,479,9,-6,0,1,0,0,0,0,0,0,1,0,0,0
1077,538000,30,18,31,450,8,-7,0,1,0,0,0,0,0,0,1,0,0,0
1078,538500,28,19,32,403,9,-7,0,1,0,0,0,0,0,0,1,0,0,0
1079,539000,28,18,31,351,8,-7,0,1,0,0,0,0,0,0,1,0,0,0
1080,539500,28,17,32,302,8,-7,0,1,0,0,0,0,0,0,1,0,0,0
1081,540000,28,16,31,233,8,-7,0,1,0,0,0,0,0,0,1,0,0,0
1082,540500,30,18,31,157,8,-8,0,1,0,0,0,0,0,0,1,0,0,0
1083,541000,28,18,31,78,8,-8,0,1,0,0,0,0,0,0,1,0,0,0
1084,541500,28,19,31,-3,6,-8,0,1,0,0,0,0,0,0,1,0,0,0
1085,542000,30,21,31,-81,8,-7,0,1,0,0,0,0,0,0,1,0,0,0
1086,542500,28,22,31,-156,9,-7,0,1,0,0,0,0,0,0,1,0,0,0
1087,543000,28,21,31,-238,9,-7,0,1,0,0,0,0,0,0,1,0,0,0
1088,543500,28,22,31,-305,9,-7,0,1,0,0,0,0,0,0,1,0,0,0
1089,544000,28,22,31,-366,9,-6,0,1,0,0,0,0,0,0,1,0,0,0
1090,544500,28,21,31,-418,8,-7,0,1,0,0,0,0,0,0,1,0,0,0
1091,545000,28,21,31,-461,9,-7,0,1,0,0,0,0,0,0,1,0,0,0
1092,545500,30,22,33,-490,9,-6,0,1,0,0,0,0,0,0,1,0,0,0
1093,546000,30,22,32,-506,9,-6,0,1,0,0,0,0,0,0,1,0,0,0
1094,546500,30,22,31,-508,9,-7,0,1,0,0,0,0,0,0,1,0,0,0
1095,547000,31,21,33,-500,8,-6,0,1,0,0,0,0,0,0,1,0,0,0
1096,547500,28,21,32,-481,8,-7,0,1,0,0,0,0,0,0,1,0,0,0
1097,548000,30,22,31,-448,9,-7,0,1,0,0,0,0,0,0,1,0,0,0
1098,548500,28,20,31,-405,8,-7,0,1,0,0,0,0,0,0,1,0,0,0
1099,549000,28,19,33,-353,8,-5,0,1,0,0,0,0,0,0,1,0,0,0
1100,549500,30,22,33,-288,9,-6,0,1,0,0,0,0,0,0,1,0,0,0
1101,550000,28,19,32,-218,8,-7,0,1,0,0,0,0,0,0,1,0,0,0
1102,550500,28,20,31,-132,9,-7,0,1,0,0,0,0,0,0,1,0,0,0
1103,551000,28,21,31,-54,9,-7,0,1,0,0,0,0,0,0,1,0,0,0
1104,551500,30,22,33,27,9,-6,0,1,0,0,0,0,0,0,1,0,0,0
1105,552000,28,19,32,106,9,-6,0,1,0,0,0,0,0,0,1,0,0,0
1106,552500,31,19,34,180,9,-7,0,1,0,0,0,0,0,0,1,0,0,0
1107,553000,31,16,32,250,7,-7,0,1,0,0,0,0,0,0,1,0,0,0
1108,553500,30,15,31,316,8,-7,0,1,0,0,0,0,0,0,1,0,0,0
1109,554000,28,18,31,364,6,-7,0,1,0,0,0,0,0,0,1,0,0,0
1110,554500,28,18,31,416,8,-7,0,1,0,0,0,0,0,0,1,0,0,0
1111,555000,28,19,31,458,8,-7,0,1,0,0,0,0,0,0,1,0,0,0
1112,555500,28,19,31,489,8,-7,0,1,0,0,0,0,0,0,1,0,0,0
1113,556000,28,18,31,503,8,-7,0,1,0,0,0,0,0,0,1,0,0,0
1114,556500,30,17,31,507,8,-7,0,1,0,0,0,0,0,0,1,0,0,0
1115,557000,30,18,31,499,8,-8,0,1,0,0,0,0,0,0,1,0,0,0
1116,557500,30,18,31,479,8,-7,0,1,0,0,0,0,0,0,1,0,0,0
1117,558000,30,18,31,450,8,-7,0,1,0,0,0,0,0,0,1,0,0,0
1118,558500,30,19,33,403,9,-6,0,1,0,0,0,0,0,0,1,0,0,0
1119,559000,30,18,32,350,8,-7,0,1,0,0,0,0,0,0,1,0,0,0
1120,559500,30,16,31,300,8,-8,0,1,0,0,0,0,0,0,1,0,0,0
1121,560000,28,16,31,231,8,-8,0,1,0,0,0,0,0,0,1,0,0,0
1122,560500,30,18,31,156,8,-7,0,1,0,0,0,0,0,0,1,0,0,0
1123,561000,28,19,31,78,8,-7,0,1,0,0,0,0,0,0,1,0,0,0
1124,561500,28,19,31,-3,8,-7,0,1,0,0,0,0,0,0,1,0,0,0
1125,562000,30,22,31,-84,9,-7,0,1,0,0,0,0,0,0,1,0,0,0
1126,562500,30,22,33,-159,9,-6,0,1,0,0,0,0,0,0,1,0,0,0
1127,563000,28,19,32,-240,7,-7,0,1,0,0,0,0,0,0,1,0,0,0
1128,563500,28,20,31,-305,6,-7,0,1,0,0,0,0,0,0,1,0,0,0
1129,564000,28,21,31,-366,8,-7,0,1,0,0,0,0,0,0,1,0,0,0
1130,564500,28,22,31,-418,9,-7,0,1,0,0,0,0,0,0,1,0,0,0
1131,565000,30,22,33,-461,9,-6,0,1,0,0,0,0,0,0,1,0,0,0
1132,565500,28,20,32,-490,8,-7,0,1,0,0,0,0,0,0,1,0,0,0
1133,566000,31,21,33,-506,8,-6,0,1,0,0,0,0,0,0,1,0,0,0
1134,566500,31,21,34,-508,8,-5,0,1,0,0,0,0,0,0,1,0,0,0
1135,567000,28,23,33,-500,9,-6,0,1,0,0,0,0,0,0,1,0,0,0
1136,567500,31,21,34,-481,8,-6,0,1,0,0,0,0,0,0,1,0,0,0
1137,568000,28,22,32,-448,9,-6,0,1,0,0,0,0,0,0,1,0,0,0
1138,568500,30,22,33,-405,9,-6,0,1,0,0,0,0,0,0,1,0,0,0
1139,569000,28,20,31,-349,8,-7,0,1,0,0,0,0,0,0,1,0,0,0
1140,569500,30,21,31,-286,9,-7,0,1,0,0,0,0,0,0,1,0,0,0
1141,570000,28,21,31,-216,8,-7,0,1,0,0,0,0,0,0,1,0,0,0
1142,570500,31,19,33,-132,8,-6,0,1,0,0,0,0,0,0,1,0,0,0
1143,571000,28,21,32,-51,9,-6,0,1,0,0,0,0,0,0,1,0,0,0
1144,571500,31,19,31,28,8,-7,0,1,0,0,0,0,0,0,1,0,0,0
1145,572000,30,19,31,107,8,-7,0,1,0,0,0,0,0,0,1,0,0,0
1146,572500,28,19,31,182,8,-7,0,1,0,0,0,0,0,0,1,0,0,0
1147,573000,28,17,31,253,8,-7,0,1,0,0,0,0,0,0,1,0,0,0
1148,573500,28,16,33,319,8,-7,0,1,0,0,0,0,0,0,1,0,0,0
1149,574000,28,18,32,364,8,-7,0,1,0,0,0,0,0,0,1,0,0,0
1150,574500,30,18,31,416,8,-7,0,1,0,0,0,0,0,0,1,0,0,0
1151,575000,28,18,31,459,8,-7,0,1,0,0,0,0,0,0,1,0,0,0
1152,575500,28,18,31,489,6,-7,0,1,0,0,0,0,0,0,1,0,0,0
1153,576000,28,18,31,503,8,-7,0,1,0,0,0,0,0,0,1,0,0,0
1154,576500,28,19,33,507,9,-6,0,1,0,0,0,0,0,0,1,0,0,0
1155,577000,28,19,33,499,9,-6,0,1,0,0,0,0,0,0,1,0,0,0
1156,577500,28,18,32,479,7,-7,0,1,0,0,0,0,0,0,1,0,0,0
1157,578000,28,18,31,445,6,-7,0,1,0,0,0,0,0,0,1,0,0,0
1158,578500,28,18,31,402,8,-7,0,1,0,0,0,0,0,0,1,0,0,0
1159,579000,30,19,31,348,8,-7,0,1,0,0,0,0,0,0,1,0,0,0
1160,579500,28,16,31,299,8,-6,0,1,0,0,0,0,0,0,1,0,0,0
1161,580000,30,18,33,229,9,-6,0,1,0,0,0,0,0,0,1,0,0,0
1162,580500,31,18,32,155,7,-7,0,1,0,0,0,0,0,0,1,0,0,0
1163,581000,30,19,31,75,8,-7,0,1,0,0,0,0,0,0,1,0,0,0
1164,581500,28,21,31,-6,9,-7,0,1,0,0,0,0,0,0,1,0,0,0
1165,582000,31,19,33,-84,8,-6,0,1,0,0,0,0,0,0,1,0,0,0
1166,582500,28,19,32,-159,8,-7,0,1,0,0,0,0,0,0,1,0,0,0
1167,583000,28,19,31,-244,8,-8,0,1,0,0,0,0,0,0,1,0,0,0
1168,583500,28,19,31,-307,8,-7,0,1,0,0,0,0,0,0,1,0,0,0
1169,584000,28,21,31,-366,8,-7,0,1,0,0,0,0,0,0,1,0,0,0
1170,584500,31,20,33,-418,7,-6,0,1,0,0,0,0,0,0,1,0,0,0
1171,585000,28,20,32,-461,8,-7,0,1,0,0,0,0,0,0,1,0,0,0
1172,585500,28,21,31,-490,8,-7,0,1,0,0,0,0,0,0,1,0,0,0
1173,586000,28,21,31,-507,8,-7,0,1,0,0,0,0,0,0,1,0,0,0
1174,586500,30,22,31,-508,9,-7,0,1,0,0,0,0,0,0,1,0,0,0
1175,587000,28,21,33,-498,8,-5,0,1,0,0,0,0,0,0,1,0,0,0
1176,587500,28,22,32,-481,9,-7,0,1,0,0,0,0,0,0,1,0,0,0
1177,588000,28,20,33,-448,8,-6,0,1,0,0,0,0,0,0,1,0,0,0
1178,588500,31,20,33,-405,8,-5,0,1,0,0,0,0,0,0,1,0,0,0
1179,589000,28,20,32,-347,8,-7,0,1,0,0,0,0,0,0,1,0,0,0
1180,589500,28,21,31,-285,8,-7,0,1,0,0,0,0,0,0,1,0,0,0
1181,590000,28,21,31,-216,9,-7,0,1,0,0,0,0,0,0,1,0,0,0
1182,590500,28,20,31,-131,8,-7,0,1,0,0,0,0,0,0,1,0,0,0
1183,591000,28,19,31,-51,8,-7,0,1,0,0,0,0,0,0,1,0,0,0
1184,591500,28,19,31,30,8,-7,0,1,0,0,0,0,0,0,1,0,0,0
1185,592000,28,19,31,108,6,-7,0,1,0,0,0,0,0,0,1,0,0,0
1186,592500,28,19,31,183,8,-6,0,1,0,0,0,0,0,0,1,0,0,0
1187,593000,30,18,33,254,9,-6,0,1,0,0,0,0,0,0,1,0,0,0
1188,593500,30,15,31,319,8,-7,0,1,0,0,0,0,0,0,1,0,0,0
1189,594000,28,18,31,364,9,-7,0,1,0,0,0,0,0,0,1,0,0,0
1190,594500,30,18,31,418,8,-7,0,1,0,0,0,0,0,0,1,0,0,0
1191,595000,28,17,31,459,6,-7,0,1,0,0,0,0,0,0,1,0,0,0
1192,595500,28,19,33,490,9,-6,0,1,0,0,0,0,0,0,1,0,0,0
1193,596000,28,19,34,503,9,-6,0,1,0,0,0,0,0,0,1,0,0,0
1194,596500,28,19,34,507,9,-6,0,1,0,0,0,0,0,0,1,0,0,0
1195,597000,28,17,32,496,7,-7,0,1,0,0,0,0,0,0,1,0,0,0
1196,597500,28,20,33,479,8,-7,0,1,0,0,0,0,0,0,1,0,0,0
1197,598000,28,19,32,445,9,-6,0,1,0,0,0,0,0,0,1,0,0,0
1198,598500,28,19,32,402,9,-6,0,1,0,0,0,0,0,0,1,0,0,0
1199,599000,28,18,31,347,7,-7,0,1,0,0,0,0,0,0,1,0,0,0
1200,599500,28,19,33,282,8,-7,0,1,0,0,0,0,0,0,1,0,0,0
1201,600000,28,17,31,228,7,-7,0,1,0,0,0,0,0,0,1,0,0,0
1202,600500,29,20,33,152,9,-6,0,1,0,0,0,0,0,0,1,0,0,0
1203,601000,28,19,32,73,7,-7,0,1,0,0,0,0,0,0,1,0,0,0
1204,601500,30,19,33,-9,7,-6,0,1,0,0,0,0,0,0,1,0,0,0
1205,602000,28,20,32,-84,8,-7,0,1,0,0,0,0,0,0,1,0,0,0
1206,602500,28,21,31,-159,9,-7,0,1,0,0,0,0,0,0,1,0,0,0
1207,603000,31,19,33,-244,7,-6,0,1,0,0,0,0,0,0,1,0,0,0
1208,603500,31,19,34,-309,8,-6,0,1,0,0,0,0,0,0,1,0,0,0
1209,604000,31,20,34,-367,8,-6,0,1,0,0,0,0,0,0,1,0,0,0
1210,604500,28,22,32,-418,9,-6,0,1,0,0,0,0,0,0,1,0,0,0
1211,605000,31,22,33,-461,9,-6,0,1,0,0,0,0,0,0,1,0,0,0
1212,605500,28,21,32,-491,8,-6,0,1,0,0,0,0,0,0,1,0,0,0
1213,606000,28,21,31,-506,9,-7,0,1,0,0,0,0,0,0,1,0,0,0
1214,606500,28,22,31,-508,9,-6,0,1,0,0,0,0,0,0,1,0,0,0
1215,607000,28,21,31,-498,9,-6,0,1,0,0,0,0,0,0,1,0,0,0
1216,607500,31,20,33,-481,8,-6,0,1,0,0,0,0,0,0,1,0,0,0
1217,608000,30,22,33,-448,9,-6,0,1,0,0,0,0,0,0,1,0,0,0
1218,608500,28,20,31,-400,8,-7,0,1,0,0,0,0,0,0,1,0,0,0
1219,609000,28,19,31,-345,8,-7,0,1,0,0,0,0,0,0,1,0,0,0
1220,609500,28,22,31,-285,9,-7,0,1,0,0,0,0,0,0,1,0,0,0
1221,610000,30,22,33,-216,9,-6,0,1,0,0,0,0,0,0,1,0,0,0
1222,610500,28,20,32,-128,9,-7,0,1,0,0,0,0,0,0,1,0,0,0
1223,611000,30,22,33,-48,9,-6,0,1,0,0,0,0,0,0,1,0,0,0
1224,611500,28,19,32,34,9,-6,0,1,0,0,0,0,0,0,1,0,0,0
1225,612000,28,19,31,111,8,-7,0,1,0,0,0,0,0,0,1,0,0,0
1226,612500,28,18,31,186,8,-7,0,1,0,0,0,0,0,0,1,0,0,0
1227,613000,28,19,33,255,9,-6,0,1,0,0,0,0,0,0,1,0,0,0
1228,613500,28,16,32,321,9,-6,0,1,0,0,0,0,0,0,1,0,0,0
1229,614000,30,18,31,367,8,-7,0,1,0,0,0,0,0,0,1,0,0,0
1230,614500,28,20,33,418,9,-6,0,1,0,0,0,0,0,0,1,0,0,0
1231,615000,28,18,32,459,7,-7,0,1,0,0,0,0,0,0,1,0,0,0
1232,615500,28,19,33,489,8,-7,0,1,0,0,0,0,0,0,1,0,0,0
1233,616000,28,19,34,503,9,-6,0,1,0,0,0,0,0,0,1,0,0,0
1234,616500,28,18,32,507,7,-7,0,1,0,0,0,0,0,0,1,0,0,0
1235,617000,28,19,33,496,9,-6,0,1,0,0,0,0,0,0,1,0,0,0
1236,617500,28,19,34,477,9,-6,0,1,0,0,0,0,0,0,1,0,0,0
1237,618000,28,18,32,445,8,-7,0,1,0,0,0,0,0,0,1,0,0,0
1238,618500,28,19,32,400,8,-6,0,1,0,0,0,0,0,0,1,0,0,0
1239,619000,30,21,33,343,9,-6,0,1,0,0,0,0,0,0,1,0,0,0
1240,619500,28,20,34,282,9,-6,0,1,0,0,0,0,0,0,1,0,0,0
1241,620000,28,17,32,226,8,-7,0,1,0,0,0,0,0,0,1,0,0,0
1242,620500,28,19,31,151,8,-7,0,1,0,0,0,0,0,0,1,0,0,0
1243,621000,30,21,34,71,9,-6,0,1,0,0,0,0,0,0,1,0,0,0
1244,621500,28,19,32,-9,8,-7,0,1,0,0,0,0,0,0,1,0,0,0
1245,622000,30,22,33,-88,9,-6,0,1,0,0,0,0,0,0,1,0,0,0
1246,622500,30,22,33,-163,9,-6,0,1,0,0,0,0,0,0,1,0,0,0
1247,623000,28,19,32,-244,8,-7,0,1,0,0,0,0,0,0,1,0,0,0
1248,623500,28,20,31,-313,8,-7,0,1,0,0,0,0,0,0,1,0,0,0
1249,624000,28,19,31,-369,8,-7,0,1,0,0,0,0,0,0,1,0,0,0
1250,624500,30,22,33,-422,9,-6,0,1,0,0,0,0,0,0,1,0,0,0
1251,625000,28,23,32,-462,9,-6,0,1,0,0,0,0,0,0,1,0,0,0
1252,625500,30,23,33,-496,9,-6,0,1,0,0,0,0,0,0,1,0,0,0
1253,626000,28,22,33,-507,9,-6,0,1,0,0,0,0,0,0,1,0,0,0
1254,626500,30,23,33,-508,9,-6,0,1,0,0,0,0,0,0,1,0,0,0
1255,627000,28,21,32,-498,8,-7,0,1,0,0,0,0,0,0,1,0,0,0
1256,627500,28,21,31,-481,8,-7,0,1,0,0,0,0,0,0,1,0,0,0
1257,628000,28,21,31,-448,8,-7,0,1,0,0,0,0,0,0,1,0,0,0
1258,628500,30,22,32,-399,9,-6,0,1,0,0,0,0,0,0,1,0,0,0
1259,629000,30,22,33,-345,9,-5,0,1,0,0,0,0,0,0,1,0,0,0
1260,629500,28,21,31,-285,9,-7,0,1,0,0,0,0,0,0,1,0,0,0
1261,630000,30,22,33,-216,9,-7,0,1,0,0,0,0,0,0,1,0,0,0
1262,630500,28,20,32,-126,9,-7,0,1,0,0,0,0,0,0,1,0,0,0
1263,631000,28,19,31,-47,8,-7,0,1,0,0,0,0,0,0,1,0,0,0
1264,631500,28,19,31,34,8,-7,0,1,0,0,0,0,0,0,1,0,0,0
1265,632000,28,18,34,112,9,-6,0,1,0,0,0,0,0,0,1,0,0,0
1266,632500,28,18,32,187,9,-7,0,1,0,0,0,0,0,0,1,0,0,0
1267,633000,30,16,31,257,7,-7,0,1,0,0,0,0,0,0,1,0,0,0
1268,633500,30,18,31,311,7,-7,0,1,0,0,0,0,0,0,1,0,0,0
1269,634000,30,18,31,369,8,-7,0,1,0,0,0,0,0,0,1,0,0,0
1270,634500,28,18,31,419,8,-7,0,1,0,0,0,0,0,0,1,0,0,0
1271,635000,30,18,31,459,8,-7,0,1,0,0,0,0,0,0,1,0,0,0
1272,635500,28,20,33,490,9,-6,0,1,0,0,0,0,0,0,1,0,0,0
1273,636000,28,18,32,503,8,-7,0,1,0,0,0,0,0,0,1,0,0,0
1274,636500,28,18,31,504,8,-7,0,1,0,0,0,0,0,0,1,0,0,0
1275,637000,30,18,31,496,6,-7,0,1,0,0,0,0,0,0,1,0,0,0
1276,637500,28,18,31,477,6,-7,0,1,0,0,0,0,0,0,1,0,0,0
1277,638000,28,18,31,445,6,-7,0,1,0,0,0,0,0,0,1,0,0,0
1278,638500,30,18,31,399,6,-8,0,1,0,0,0,0,0,0,1,0,0,0
1279,639000,30,18,31,343,6,-7,0,1,0,0,0,0,0,0,1,0,0,0
1280,639500,29,18,33,293,9,-7,0,1,0,0,0,0,0,0,1,0,0,0
1281,640000,28,18,32,224,8,-7,0,1,0,0,0,0,0,0,1,0,0,0
1282,640500,28,19,31,149,8,-7,0,1,0,0,0,0,0,0,1,0,0,0
1283,641000,28,19,31,69,7,-7,0,1,0,0,0,0,0,0,1,0,0,0
1284,641500,28,19,31,-12,6,-7,0,1,0,0,0,0,0,0,1,0,0,0
1285,642000,28,19,31,-90,8,-7,0,1,0,0,0,0,0,0,1,0,0,0
1286,642500,31,20,33,-165,8,-6,0,1,0,0,0,0,0,0,1,0,0,0
1287,643000,28,19,32,-245,8,-7,0,1,0,0,0,0,0,0,1,0,0,0
1288,643500,30,22,33,-313,9,-6,0,1,0,0,0,0,0,0,1,0,0,0
1289,644000,30,22,32,-374,9,-6,0,1,0,0,0,0,0,0,1,0,0,0
1290,644500,31,21,33,-421,8,-6,0,1,0,0,0,0,0,0,1,0,0,0
1291,645000,28,21,32,-463,8,-7,0,1,0,0,0,0,0,0,1,0,0,0
1292,645500,30,22,33,-496,9,-6,0,1,0,0,0,0,0,0,1,0,0,0
1293,646000,31,22,32,-507,9,-6,0,1,0,0,0,0,0,0,1,0,0,0
1294,646500,28,20,31,-508,9,-7,0,1,0,0,0,0,0,0,1,0,0,0
1295,647000,28,20,31,-498,8,-7,0,1,0,0,0,0,0,0,1,0,0,0
1296,647500,28,21,31,-481,8,-7,0,1,0,0,0,0,0,0,1,0,0,0
1297,648000,28,22,31,-448,9,-6,0,1,0,0,0,0,0,0,1,0,0,0
1298,648500,31,20,33,-398,8,-6,0,1,0,0,0,0,0,0,1,0,0,0
1299,649000,28,22,32,-345,9,-6,0,1,0,0,0,0,0,0,1,0,0,0
1300,649500,28,21,31,-281,9,-7,0,1,0,0,0,0,0,0,1,0,0,0
1301,650000,30,22,33,-211,9,-6,0,1,0,0,0,0,0,0,1,0,0,0
1302,650500,30,19,33,-125,8,-6,0,1,0,0,0,0,0,0,1,0,0,0
1303,651000,28,19,32,-44,8,-7,0,1,0,0,0,0,0,0,1,0,0,0
1304,651500,28,20,33,37,9,-7,0,1,0,0,0,0,0,0,1,0,0,0
1305,652000,28,19,32,114,9,-7,0,1,0,0,0,0,0,0,1,0,0,0
1306,652500,28,19,31,189,9,-6,0,1,0,0,0,0,0,0,1,0,0,0
1307,653000,30,19,33,258,9,-6,0,1,0,0,0,0,0,0,1,0,0,0
1308,653500,28,19,33,311,9,-6,0,1,0,0,0,0,0,0,1,0,0,0
1309,654000,28,19,34,370,9,-6,0,1,0,0,0,0,0,0,1,0,0,0
1310,654500,28,18,32,420,8,-7,0,1,0,0,0,0,0,0,1,0,0,0
1311,655000,30,19,33,462,9,-6,0,1,0,0,0,0,0,0,1,0,0,0
1312,655500,28,18,32,490,8,-7,0,1,0,0,0,0,0,0,1,0,0,0
1313,656000,28,18,31,506,8,-7,0,1,0,0,0,0,0,0,1,0,0,0
1314,656500,28,17,31,504,6,-8,0,1,0,0,0,0,0,0,1,0,0,0
1315,657000,28,17,31,496,6,-7,0,1,0,0,0,0,0,0,1,0,0,0
1316,657500,30,17,31,476,8,-8,0,1,0,0,0,0,0,0,1,0,0,0
1317,658000,28,18,31,444,8,-7,0,1,0,0,0,0,0,0,1,0,0,0
1318,658500,28,19,31,399,8,-7,0,1,0,0,0,0,0,0,1,0,0,0
1319,659000,30,18,31,343,8,-8,0,1,0,0,0,0,0,0,1,0,0,0
1320,659500,28,19,31,280,8,-7,0,1,0,0,0,0,0,0,1,0,0,0
1321,660000,28,17,31,223,8,-7,0,1,0,0,0,0,0,0,1,0,0,0
1322,660500,28,18,31,147,6,-7,0,1,0,0,0,0,0,0,1,0,0,0
1323,661000,31,19,31,67,7,-7,0,1,0,0,0,0,0,0,1,0,0,0
1324,661500,30,21,32,-13,9,-7,0,1,0,0,0,0,0,0,1,0,0,0
1325,662000,28,19,31,-91,8,-7,0,1,0,0,0,0,0,0,1,0,0,0
1326,662500,30,22,33,-166,9,-6,0,1,0,0,0,0,0,0,1,0,0,0
1327,663000,30,22,33,-247,9,-6,0,1,0,0,0,0,0,0,1,0,0,0
1328,663500,30,22,33,-313,9,-6,0,1,0,0,0,0,0,0,1,0,0,0
1329,664000,28,22,33,-374,9,-6,0,1,0,0,0,0,0,0,1,0,0,0
1330,664500,28,22,31,-427,9,-7,0,1,0,0,0,0,0,0,1,0,0,0
1331,665000,30,22,31,-463,9,-6,0,1,0,0,0,0,0,0,1,0,0,0
1332,665500,28,21,31,-496,14,-7,0,1,0,0,0,0,0,0,1,0,0,0
1333,666000,28,22,31,-507,9,-7,0,1,0,0,0,0,0,0,1,0,0,0
1334,666500,24,21,31,-507,8,-5,0,1,0,0,0,0,0,0,1,0,0,0
1335,667000,28,20,31,-498,8,-7,0,1,0,0,0,0,0,0,1,0,0,0
1336,667500,31,24,33,-476,8,-6,0,1,0,0,0,0,0,0,1,0,0,0
1337,668000,31,21,33,-442,9,-6,0,1,0,0,0,0,0,0,1,0,0,0
1338,668500,31,21,33,-396,8,-6,0,1,0,0,0,0,0,0,1,0,0,0
1339,669000,31,21,34,-345,8,-6,0,1,0,0,0,0,0,0,1,0,0,0
1340,669500,28,21,32,-278,8,-7,0,1,0,0,0,0,0,0,1,0,0,0
1341,670000,28,19,31,-208,8,-7,0,1,0,0,0,0,0,0,1,0,0,0
1342,670500,28,21,31,-122,9,-7,0,1,0,0,0,0,0,0,1,0,0,0
1343,671000,30,22,33,-44,9,-6,0,1,0,0,0,0,0,0,1,0,0,0
1344,671500,28,21,33,39,9,-6,0,1,0,0,0,0,0,0,1,0,0,0
1345,672000,28,20,34,115,8,-6,0,1,0,0,0,0,0,0,1,0,0,0
1346,672500,28,19,32,189,8,-7,0,1,0,0,0,0,0,0,1,0,0,0
1347,673000,28,17,31,260,8,-7,0,1,0,0,0,0,0,0,1,0,0,0
1348,673500,28,16,31,325,4,-6,0,1,0,0,0,0,0,0,1,0,0,0
1349,674000,28,18,31,372,6,-7,0,1,0,0,0,0,0,0,1,0,0,0
1350,674500,28,18,31,421,8,-7,0,1,0,0,0,0,0,0,1,0,0,0
1351,675000,28,19,33,450,8,-6,0,1,0,0,0,0,0,0,1,0,0,0
1352,675500,28,18,32,490,8,-7,0,1,0,0,0,0,0,0,1,0,0,0
1353,676000,28,18,31,503,9,-7,0,1,0,0,0,0,0,0,1,0,0,0
1354,676500,28,19,31,506,9,-6,0,1,0,0,0,0,0,0,1,0,0,0
1355,677000,28,18,31,496,8,-7,0,1,0,0,0,0,0,0,1,0,0,0
1356,677500,28,19,31,475,8,-7,0,1,0,0,0,0,0,0,1,0,0,0
1357,678000,31,17,31,443,8,-7,0,1,0,0,0,0,0,0,1,0,0,0
1358,678500,28,20,33,398,9,-6,0,1,0,0,0,0,0,0,1,0,0,0
1359,679000,28,19,31,341,8,-7,0,1,0,0,0,0,0,0,1,0,0,0
1360,679500,30,18,31,279,8,-8,0,1,0,0,0,0,0,0,1,0,0,0
1361,680000,28,18,31,220,8,-7,0,1,0,0,0,0,0,0,1,0,0,0
1362,680500,28,19,31,146,8,-7,0,1,0,0,0,0,0,0,1,0,0,0
1363,681000,28,19,31,66,8,-7,0,1,0,0,0,0,0,0,1,0,0,0
1364,681500,28,19,31,-15,8,-7,0,1,0,0,0,0,0,0,1,0,0,0
1365,682000,30,21,33,-93,9,-6,0,1,0,0,0,0,0,0,1,0,0,0
1366,682500,29,22,32,-168,9,-7,0,1,0,0,0,0,0,0,1,0,0,0
1367,683000,28,20,31,-252,7,-7,0,1,0,0,0,0,0,0,1,0,0,0
1368,683500,28,21,31,-315,8,-7,0,1,0,0,0,0,0,0,1,0,0,0
1369,684000,28,21,31,-375,8,-7,0,1,0,0,0,0,0,0,1,0,0,0
1370,684500,30,22,33,-427,9,-6,0,1,0,0,0,0,0,0,1,0,0,0
1371,685000,30,22,32,-470,9,-7,0,1,0,0,0,0,0,0,1,0,0,0
1372,685500,28,21,31,-497,8,-7,0,1,0,0,0,0,0,0,1,0,0,0
1373,686000,28,21,31,-509,8,-7,0,1,0,0,0,0,0,0,1,0,0,0
1374,686500,28,21,31,-515,8,-7,0,1,0,0,0,0,0,0,1,0,0,0
1375,687000,28,21,31,-499,8,-7,0,1,0,0,0,0,0,0,1,0,0,0
1376,687500,28,21,31,-481,9,-7,0,1,0,0,0,0,0,0,1,0,0,0
1377,688000,30,22,31,-448,9,-6,0,1,0,0,0,0,0,0,1,0,0,0
1378,688500,28,20,31,-397,8,-7,0,1,0,0,0,0,0,0,1,0,0,0
1379,689000,28,19,31,-345,8,-7,0,1,0,0,0,0,0,0,1,0,0,0
1380,689500,28,21,31,-277,9,-6,0,1,0,0,0,0,0,0,1,0,0,0
1381,690000,30,22,33,-208,9,-6,0,1,0,0,0,0,0,0,1,0,0,0
1382,690500,28,22,33,-122,9,-6,0,1,0,0,0,0,0,0,1,0,0,0
1383,691000,30,19,34,-41,8,-6,0,1,0,0,0,0,0,0,1,0,0,0
1384,691500,28,19,32,40,8,-7,0,1,0,0,0,0,0,0,1,0,0,0
1385,692000,30,18,31,117,8,-7,0,1,0,0,0,0,0,0,1,0,0,0
1386,692500,28,18,31,192,8,-7,0,1,0,0,0,0,0,0,1,0,0,0
1387,693000,28,16,31,262,8,-7,0,1,0,0,0,0,0,0,1,0,0,0
1388,693500,28,15,31,327,7,-7,0,1,0,0,0,0,0,0,1,0,0,0
1389,694000,28,20,33,373,9,-7,0,1,0,0,0,0,0,0,1,0,0,0
1390,694500,28,19,33,424,9,-6,0,1,0,0,0,0,0,0,1,0,0,0
1391,695000,28,17,32,465,7,-7,0,1,0,0,0,0,0,0,1,0,0,0
1392,695500,30,18,31,494,7,-7,0,1,0,0,0,0,0,0,1,0,0,0
1393,696000,28,18,31,509,8,-7,0,1,0,0,0,0,0,0,1,0,0,0
1394,696500,30,17,31,509,6,-8,0,1,0,0,0,0,0,0,1,0,0,0
1395,697000,30,17,31,499,6,-7,0,1,0,0,0,0,0,0,1,0,0,0
1396,697500,30,18,31,478,6,-7,0,1,0,0,0,0,0,0,1,0,0,0
1397,698000,28,19,33,444,9,-7,0,1,0,0,0,0,0,0,1,0,0,0
1398,698500,28,20,34,398,9,-6,0,1,0,0,0,0,0,0,1,0,0,0
1399,699000,28,19,33,341,9,-7,0,1,0,0,0,0,0,0,1,0,0,0
1400,699500,28,18,31,279,7,-7,0,1,0,0,0,0,0,0,1,0,0,0
1401,700000,28,17,31,220,6,-8,0,1,0,0,0,0,0,0,1,0,0,0
1402,700500,30,18,31,143,6,-7,0,1,0,0,0,0,0,0,1,0,0,0
1403,701000,28,20,31,66,8,-7,0,1,0,0,0,0,0,0,1,0,0,0
1404,701500,30,21,32,-16,9,-6,0,1,0,0,0,0,0,0,1,0,0,0
1405,702000,28,19,33,-94,8,-6,0,1,0,0,0,0,0,0,1,0,0,0
1406,702500,28,21,32,-168,8,-7,0,1,0,0,0,0,0,0,1,0,0,0
1407,703000,30,22,32,-252,9,-6,0,1,0,0,0,0,0,0,1,0,0,0
1408,703500,28,21,31,-315,9,-6,0,1,0,0,0,0,0,0,1,0,0,0
1409,704000,30,20,33,-374,8,-6,0,1,0,0,0,0,0,0,1,0,0,0
1410,704500,28,22,32,-427,9,-6,0,1,0,0,0,0,0,0,1,0,0,0
1411,705000,31,21,33,-470,8,-6,0,1,0,0,0,0,0,0,1,0,0,0
1412,705500,30,22,32,-497,9,-6,0,1,0,0,0,0,0,0,1,0,0,0
1413,706000,28,21,31,-509,9,-7,0,1,0,0,0,0,0,0,1,0,0,0
1414,706500,31,22,32,-511,9,-6,0,1,0,0,0,0,0,0,1,0,0,0
1415,707000,28,21,31,-499,8,-6,0,1,0,0,0,0,0,0,1,0,0,0
1416,707500,28,21,31,-481,9,-7,0,1,0,0,0,0,0,0,1,0,0,0
1417,708000,30,22,32,-448,9,-6,0,1,0,0,0,0,0,0,1,0,0,0
1418,708500,28,20,31,-396,8,-7,0,1,0,0,0,0,0,0,1,0,0,0
1419,709000,31,19,33,-341,8,-6,0,1,0,0,0,0,0,0,1,0,0,0
1420,709500,30,22,33,-276,9,-6,0,1,0,0,0,0,0,0,1,0,0,0
1421,710000,28,22,33,-207,9,-6,0,1,0,0,0,0,0,0,1,0,0,0
1422,710500,30,21,31,-119,9,-7,0,1,0,0,0,0,0,0,1,0,0,0
1423,711000,29,21,31,-38,9,-7,0,1,0,0,0,0,0,0,1,0,0,0
1424,711500,28,21,33,43,9,-6,0,1,0,0,0,0,0,0,1,0,0,0
1425,712000,28,19,34,120,8,-7,0,1,0,0,0,0,0,0,1,0,0,0
1426,712500,30,19,34,193,9,-6,0,1,0,0,0,0,0,0,1,0,0,0
1427,713000,30,16,32,263,7,-7,0,1,0,0,0,0,0,0,1,0,0,0
1428,713500,30,20,33,317,9,-6,0,1,0,0,0,0,0,0,1,0,0,0
1429,714000,28,18,32,372,8,-7,0,1,0,0,0,0,0,0,1,0,0,0
1430,714500,28,18,31,424,7,-7,0,1,0,0,0,0,0,0,1,0,0,0
1431,715000,28,18,31,466,8,-7,0,1,0,0,0,0,0,0,1,0,0,0
1432,715500,28,18,31,494,8,-7,0,1,0,0,0,0,0,0,1,0,0,0
1433,716000,28,19,33,508,8,-7,0,1,0,0,0,0,0,0,1,0,0,0
1434,716500,28,18,32,509,8,-7,0,1,0,0,0,0,0,0,1,0,0,0
1435,717000,28,18,31,499,8,-7,0,1,0,0,0,0,0,0,1,0,0,0
1436,717500,28,18,31,478,8,-7,0,1,0,0,0,0,0,0,1,0,0,0
1437,718000,28,19,33,444,9,-6,0,1,0,0,0,0,0,0,1,0,0,0
1438,718500,28,19,33,397,8,-7,0,1,0,0,0,0,0,0,1,0,0,0
1439,719000,28,18,31,341,6,-7,0,1,0,0,0,0,0,0,1,0,0,0
1440,719500,28,19,33,274,8,-6,0,1,0,0,0,0,0,0,1,0,0,0
1441,720000,30,17,32,218,7,-7,0,1,0,0,0,0,0,0,1,0,0,0
1442,720500,28,19,31,143,8,-7,0,1,0,0,0,0,0,0,1,0,0,0
1443,721000,28,19,31,63,8,-7,0,1,0,0,0,0,0,0,1,0,0,0
1444,721500,28,19,31,-18,8,-8,0,1,0,0,0,0,0,0,1,0,0,0
1445,722000,30,22,33,-96,9,-7,0,1,0,0,0,0,0,0,1,0,0,0
1446,722500,28,21,32,-183,9,-7,0,1,0,0,0,0,0,0,1,0,0,0
1447,723000,30,22,33,-253,9,-7,0,1,0,0,0,0,0,0,1,0,0,0
1448,723500,30,19,34,-322,8,-6,0,1,0,0,0,0,0,0,1,0,0,0
1449,724000,28,21,32,-376,9,-7,0,1,0,0,0,0,0,0,1,0,0,0
1450,724500,30,22,31,-427,9,-7,0,1,0,0,0,0,0,0,1,0,0,0
1451,725000,30,22,31,-470,9,-6,0,1,0,0,0,0,0,0,1,0,0,0
1452,725500,31,21,33,-497,8,-6,0,1,0,0,0,0,0,0,1,0,0,0
1453,726000,31,21,33,-515,8,-6,0,1,0,0,0,0,0,0,1,0,0,0
1454,726500,31,22,33,-511,9,-6,0,1,0,0,0,0,0,0,1,0,0,0
1455,727000,31,21,34,-499,8,-6,0,1,0,0,0,0,0,0,1,0,0,0
1456,727500,28,22,32,-481,9,-6,0,1,0,0,0,0,0,0,1,0,0,0
1457,728000,28,22,32,-442,9,-6,0,1,0,0,0,0,0,0,1,0,0,0
1458,728500,28,21,31,-396,8,-7,0,1,0,0,0,0,0,0,1,0,0,0
1459,729000,31,19,33,-340,8,-6,0,1,0,0,0,0,0,0,1,0,0,0
1460,729500,30,21,32,-276,8,-7,0,1,0,0,0,0,0,0,1,0,0,0
1461,730000,30,22,33,-207,9,-6,0,1,0,0,0,0,0,0,1,0,0,0
1462,730500,31,22,32,-119,9,-6,0,1,0,0,0,0,0,0,1,0,0,0
1463,731000,28,19,33,-38,7,-6,0,1,0,0,0,0,0,0,1,0,0,0
1464,731500,28,19,31,43,8,-7,0,1,0,0,0,0,0,0,1,0,0,0
1465,732000,30,19,31,120,8,-7,0,1,0,0,0,0,0,0,1,0,0,0
1466,732500,30,18,31,195,8,-7,0,1,0,0,0,0,0,0,1,0,0,0
1467,733000,28,17,31,266,8,-6,0,1,0,0,0,0,0,0,1,0,0,0
1468,733500,28,18,31,319,8,-7,0,1,0,0,0,0,0,0,1,0,0,0
1469,734000,28,19,31,376,8,-7,0,1,0,0,0,0,0,0,1,0,0,0
1470,734500,28,18,31,427,8,-7,0,1,0,0,0,0,0,0,1,0,0,0
1471,735000,28,18,31,467,8,-7,0,1,0,0,0,0,0,0,1,0,0,0
1472,735500,28,17,31,494,6,-7,0,1,0,0,0,0,0,0,1,0,0,0
1473,736000,28,18,31,509,7,-7,0,1,0,0,0,0,0,0,1,0,0,0
1474,736500,28,19,33,509,9,-7,0,1,0,0,0,0,0,0,1,0,0,0
1475,737000,28,18,33,499,8,-7,0,1,0,0,0,0,0,0,1,0,0,0
1476,737500,28,17,31,478,7,-8,0,1,0,0,0,0,0,0,1,0,0,0
1477,738000,28,20,33,444,9,-7,0,1,0,0,0,0,0,0,1,0,0,0
1478,738500,28,19,32,394,8,-7,0,1,0,0,0,0,0,0,1,0,0,0
1479,739000,30,18,31,339,8,-8,0,1,0,0,0,0,0,0,1,0,0,0
1480,739500,28,16,31,289,8,-7,0,1,0,0,0,0,0,0,1,0,0,0
1481,740000,28,18,31,219,8,-7,0,1,0,0,0,0,0,0,1,0,0,0
1482,740500,28,19,31,142,8,-7,0,1,0,0,0,0,0,0,1,0,0,0
1483,741000,28,19,31,62,8,-7,0,1,0,0,0,0,0,0,1,0,0,0
1484,741500,28,20,31,-18,8,-7,0,1,0,0,0,0,0,0,1,0,0,0
1485,742000,30,22,33,-97,9,-7,0,1,0,0,0,0,0,0,1,0,0,0
1486,742500,30,22,33,-183,9,-7,0,1,0,0,0,0,0,0,1,0,0,0
1487,743000,28,19,32,-254,8,-7,0,1,0,0,0,0,0,0,1,0,0,0
1488,743500,30,22,33,-322,9,-6,0,1,0,0,0,0,0,0,1,0,0,0
1489,744000,30,22,33,-378,9,-6,0,1,0,0,0,0,0,0,1,0,0,0
1490,744500,28,20,31,-428,8,-7,0,1,0,0,0,0,0,0,1,0,0,0
1491,745000,30,22,33,-470,9,-6,0,1,0,0,0,0,0,0,1,0,0,0
1492,745500,28,20,32,-497,8,-7,0,1,0,0,0,0,0,0,1,0,0,0
1493,746000,30,23,33,-515,9,-6,0,1,0,0,0,0,0,0,1,0,0,0
1494,746500,28,21,32,-515,8,-7,0,1,0,0,0,0,0,0,1,0,0,0
