1,0,0,0,0,0,0,0,0,0,0,0,0
2,2000,0,-20,0,0,0,0,0,0,0,0,0
3,4000,0,-20,0,0,0,0,0,0,0,0,0
4,6000,0,0,0,0,0,0,0,0,0,0,0
5,8000,-20,0,0,0,0,0,0,0,0,0,0
6,10000,0,0,0,0,0,0,0,0,0,0,0
7,12000,0,0,0,0,0,0,0,0,0,0,0
8,14000,0,0,-20,0,0,0,0,0,0,0,0
9,16000,0,0,0,0,0,0,0,0,0,0,0
10,18000,0,0,0,0,0,0,0,0,0,0,0
11,20000,0,-20,0,0,0,0,0,0,0,0,0
12,22000,0,0,0,0,0,0,0,0,0,0,0
13,24000,0,0,0,0,0,0,0,0,0,0,0
14,26000,0,0,0,0,0,0,0,0,0,0,0
15,28000,0,0,0,0,0,0,0,0,0,0,0
16,30000,-20,0,0,0,0,0,0,0,0,0,0
17,32000,0,0,0,0,0,0,0,0,0,0,0
18,34000,0,0,0,0,0,0,0,0,0,0,0
19,36000,0,0,-20,0,0,0,0,0,0,0,0
20,38000,0,0,0,0,0,0,0,0,0,0,0
21,40000,0,-20,0,0,0,0,0,0,0,0,0
22,42000,0,-20,0,0,0,0,0,0,0,0,0
23,44000,0,0,0,0,0,0,0,0,0,0,0
24,46000,0,0,0,0,0,0,0,0,0,0,0
25,48000,-20,0,0,0,0,0,0,0,0,0,0
26,50000,0,0,0,0,0,0,0,0,0,0,0
27,52000,-20,0,0,0,0,0,0,0,0,0,0
28,54000,0,0,-20,0,0,0,0,0,0,0,0
29,56000,0,0,0,0,0,0,0,0,0,0,0
30,58000,0,0,0,0,0,0,0,0,0,0,0
31,60000,0,-20,0,0,0,0,0,0,0,0,0
32,62000,0,-20,0,0,0,0,0,0,0,0,0
33,64000,0,0,0,0,0,0,0,0,0,0,0
34,66000,-20,0,0,0,0,0,0,0,0,0,0
35,68000,-20,0,0,0,0,0,0,0,0,0,0
36,70000,0,0,0,0,0,0,0,0,0,0,0
37,72000,0,0,0,0,0,0,0,0,0,0,0
38,74000,0,0,0,0,0,0,0,0,0,0,0
39,76000,0,0,-20,0,0,0,0,0,0,0,0
40,78000,0,0,0,0,0,0,0,0,0,0,0
41,80000,0,0,0,0,0,0,0,0,0,0,0
42,82000,0,-20,0,0,0,0,0,0,0,0,0
43,84000,0,0,0,0,0,0,0,0,0,0,0
44,86000,0,0,0,0,0,0,0,0,0,0,0
45,88000,0,0,0,0,0,0,0,0,0,0,0
46,90000,0,0,0,0,0,0,0,0,0,0,0
47,92000,0,0,0,0,0,0,0,0,0,0,0
48,94000,0,0,-20,0,0,0,0,0,0,0,0
49,96000,0,0,0,0,0,0,0,0,0,0,0
50,98000,0,0,0,0,0,0,0,0,0,0,0
51,100000,0,-20,0,0,0,0,0,0,0,0,0
52,102000,0,-20,0,0,0,0,0,0,0,0,0
53,104000,0,0,0,0,0,0,0,0,0,0,0
54,106000,0,0,0,0,0,0,0,0,0,0,0
55,108000,-20,0,0,0,0,0,0,0,0,0,0
56,110000,0,0,0,0,0,0,0,0,0,0,0
57,112000,0,0,0,0,0,0,0,0,0,0,0
58,114000,0,0,-20,0,0,0,0,0,0,0,0
59,116000,0,0,0,0,0,0,0,0,0,0,0
60,118000,0,0,0,0,0,0,0,0,0,0,0
61,120000,0,0,0,0,0,0,0,0,0,0,0
62,122000,0,0,0,0,0,0,0,0,0,0,0
63,124000,0,0,0,0,0,0,0,0,0,0,0
64,126000,0,0,0,0,0,0,0,0,0,0,0
65,128000,-20,0,0,0,0,0,0,0,0,0,0
66,130000,-20,0,0,0,0,0,0,0,0,0,0
67,132000,0,0,0,0,0,0,0,0,0,0,0
68,134000,0,0,0,0,0,0,0,0,0,0,0
69,136000,0,0,0,0,0,0,0,0,0,0,0
70,138000,0,0,0,0,0,0,0,0,0,0,0
71,140000,0,0,0,0,0,0,0,0,0,0,0
72,142000,0,-20,0,0,0,0,0,0,0,0,0
73,144000,0,0,0,0,0,0,0,0,0,0,0
74,146000,0,0,0,0,0,0,0,0,0,0,0
75,148000,-20,0,0,0,0,0,0,0,0,0,0
76,150000,-20,0,0,0,0,0,0,0,0,0,0
77,152000,0,0,0,0,0,0,0,0,0,0,0
78,154000,0,0,-20,0,0,0,0,0,0,0,0
79,156000,0,0,-20,0,0,0,0,0,0,0,0
80,158000,0,0,0,0,0,0,0,0,0,0,0
81,160000,0,-20,0,0,0,0,0,0,0,0,0
82,162000,0,-20,0,0,0,0,0,0,0,0,0
83,164000,0,0,0,0,0,0,0,0,0,0,0
84,166000,-20,0,0,0,0,0,0,0,0,0,0
85,168000,0,0,0,0,0,0,0,0,0,0,0
86,170000,-20,0,0,0,0,0,0,0,0,0,0
87,172000,0,0,0,0,0,0,0,0,0,0,0
88,174000,0,0,-20,0,0,0,0,0,0,0,0
89,176000,0,0,-20,0,0,0,0,0,0,0,0
90,178000,0,0,0,0,0,0,0,0,0,0,0
91,180000,0,-20,0,0,0,0,0,0,0,0,0
92,182000,0,-20,0,0,0,0,0,0,0,0,0
93,184000,0,-20,0,0,0,0,0,0,0,0,0
94,186000,0,0,0,0,0,0,0,0,0,0,0
95,188000,0,0,0,0,0,0,0,0,0,0,0
96,190000,-20,0,0,0,0,0,0,0,0,0,0
97,192000,0,0,0,0,0,0,0,0,0,0,0
98,194000,0,0,0,0,0,0,0,0,0,0,0
99,196000,0,0,-20,0,0,0,0,0,0,0,0
100,198000,0,0,0,0,0,0,0,0,0,0,0
101,200000,0,0,0,0,0,0,0,0,0,0,0
102,202000,0,-20,0,0,0,0,0,0,0,0,0
103,204000,0,-20,0,0,0,0,0,0,0,0,0
104,206000,0,0,0,0,0,0,0,0,0,0,0
105,208000,0,0,0,0,0,0,0,0,0,0,0
106,210000,-20,0,0,0,0,0,0,0,0,0,0
107,212000,0,0,0,0,0,0,0,0,0,0,0
108,214000,0,0,-20,0,0,0,0,0,0,0,0
109,216000,0,0,-20,0,0,0,0,0,0,0,0
110,218000,0,0,0,0,0,0,0,0,0,0,0
111,220000,0,0,0,0,0,0,0,0,0,0,0
112,222000,0,-20,0,0,0,0,0,0,0,0,0
113,224000,0,-20,0,0,0,0,0,0,0,0,0
114,226000,-20,0,0,0,0,0,0,0,0,0,0
115,228000,0,0,0,0,0,0,0,0,0,0,0
116,230000,-20,0,0,0,0,0,0,0,0,0,0
117,232000,0,0,0,0,0,0,0,0,0,0,0
118,234000,0,0,0,0,0,0,0,0,0,0,0
119,236000,0,0,0,0,0,0,0,0,0,0,0
120,238000,0,0,0,0,0,0,0,0,0,0,0
121,240000,0,-20,0,0,0,0,0,0,0,0,0
122,242000,0,-20,0,0,0,0,0,0,0,0,0
123,244000,0,0,0,0,0,0,0,0,0,0,0
124,246000,0,0,0,0,0,0,0,0,0,0,0
125,248000,0,0,0,0,0,0,0,0,0,0,0
126,250000,0,0,0,0,0,0,0,0,0,0,0
127,252000,0,0,0,0,0,0,0,0,0,0,0
128,254000,0,0,-20,0,0,0,0,0,0,0,0
129,256000,0,0,-20,0,0,0,0,0,0,0,0
130,258000,0,0,0,0,0,0,0,0,0,0,0
131,260000,0,0,0,0,0,0,0,0,0,0,0
132,262000,0,-20,0,0,0,0,0,0,0,0,0
133,264000,0,0,0,0,0,0,0,0,0,0,0
134,266000,0,0,0,0,0,0,0,0,0,0,0
135,268000,-20,0,0,0,0,0,0,0,0,0,0
136,270000,-20,0,0,0,0,0,0,0,0,0,0
137,272000,0,0,0,0,0,0,0,0,0,0,0
138,274000,0,0,-20,0,0,0,0,0,0,0,0
139,276000,0,0,-20,0,0,0,0,0,0,0,0
140,278000,0,0,0,0,0,0,0,0,0,0,0
141,280000,0,-20,0,0,0,0,0,0,0,0,0
142,282000,0,0,0,0,0,0,0,0,0,0,0
143,284000,0,0,0,0,0,0,0,0,0,0,0
144,286000,0,0,0,0,0,0,0,0,0,0,0
145,288000,-20,0,0,0,0,0,0,0,0,0,0
146,290000,-20,0,0,0,0,0,0,0,0,0,0
147,292000,0,0,0,0,0,0,0,0,0,0,0
148,294000,0,0,0,0,0,0,0,0,0,0,0
149,296000,0,0,-20,0,0,0,0,0,0,0,0
150,298000,0,0,0,0,0,0,0,0,0,0,0
151,300000,0,-20,0,0,0,0,0,0,0,0,0
152,302000,0,-20,0,0,0,0,0,0,0,0,0
153,304000,0,0,0,0,0,0,0,0,0,0,0
154,306000,-20,0,0,0,0,0,0,0,0,0,0
155,308000,-20,0,0,0,0,0,0,0,0,0,0
156,310000,-20,0,0,0,0,0,0,0,0,0,0
157,312000,0,0,0,0,0,0,0,0,0,0,0
158,314000,0,0,-20,0,0,0,0,0,0,0,0
159,316000,0,0,0,0,0,0,0,0,0,0,0
160,318000,0,0,0,0,0,0,0,0,0,0,0
161,320000,0,-20,0,0,0,0,0,0,0,0,0
162,322000,0,-20,0,0,0,0,0,0,0,0,0
163,324000,0,0,0,0,0,0,0,0,0,0,0
164,326000,0,0,0,0,0,0,0,0,0,0,0
165,328000,0,0,0,0,0,0,0,0,0,0,0
166,330000,0,0,0,0,0,0,0,0,0,0,0
167,332000,0,0,0,0,0,0,0,0,0,0,0
168,334000,0,0,0,0,0,0,0,0,0,0,0
169,336000,0,0,0,0,0,0,0,0,0,0,0
170,338000,0,0,0,0,0,0,0,0,0,0,0
171,340000,0,-20,0,0,0,0,0,0,0,0,0
172,342000,0,-20,0,0,0,0,0,0,0,0,0
173,344000,0,0,0,0,0,0,0,0,0,0,0
174,346000,0,0,0,0,0,0,0,0,0,0,0
175,348000,-20,0,0,0,0,0,0,0,0,0,0
176,350000,-20,0,0,0,0,0,0,0,0,0,0
177,352000,0,0,0,0,0,0,0,0,0,0,0
178,354000,0,0,-20,0,0,0,0,0,0,0,0
179,356000,0,0,0,0,0,0,0,0,0,0,0
180,358000,0,0,0,0,0,0,0,0,0,0,0
181,360000,0,-20,0,0,0,0,0,0,0,0,0
182,362000,0,0,0,0,0,0,0,0,0,0,0
183,364000,0,-20,0,0,0,0,0,0,0,0,0
184,366000,0,0,0,0,0,0,0,0,0,0,0
185,368000,-20,0,0,0,0,0,0,0,0,0,0
186,370000,-20,0,0,0,0,0,0,0,0,0,0
187,372000,0,0,0,0,0,0,0,0,0,0,0
188,374000,0,0,0,0,0,0,0,0,0,0,0
189,376000,0,0,0,0,0,0,0,0,0,0,0
190,378000,0,-20,0,0,0,0,0,0,0,0,0
191,380000,0,0,0,0,0,0,0,0,0,0,0
192,382000,0,-20,0,0,0,0,0,0,0,0,0
193,384000,0,-20,0,0,0,0,0,0,0,0,0
194,386000,0,0,0,0,0,0,0,0,0,0,0
195,388000,-20,0,0,0,0,0,0,0,0,0,0
196,390000,-20,0,0,0,0,0,0,0,0,0,0
197,392000,0,0,0,0,0,0,0,0,0,0,0
198,394000,0,0,0,0,0,0,0,0,0,0,0
199,396000,0,0,-20,0,0,0,0,0,0,0,0
200,398000,0,0,0,0,0,0,0,0,0,0,0
201,400000,0,0,0,0,0,0,0,0,0,0,0
202,402000,0,0,0,0,0,0,0,0,0,0,0
203,404000,0,0,0,0,0,0,0,0,0,0,0
204,406000,0,0,0,0,0,0,0,0,0,0,0
205,408000,-20,0,0,0,0,0,0,0,0,0,0
206,410000,0,0,0,0,0,0,0,0,0,0,0
207,412000,0,0,0,0,0,0,0,0,0,0,0
208,414000,0,0,0,0,0,0,0,0,0,0,0
209,416000,0,0,-20,0,0,0,0,0,0,0,0
210,418000,0,0,0,0,0,0,0,0,0,0,0
211,420000,0,-20,0,0,0,0,0,0,0,0,0
212,422000,0,-20,0,0,0,0,0,0,0,0,0
213,424000,0,0,0,0,0,0,0,0,0,0,0
214,426000,0,0,0,0,0,0,0,0,0,0,0
215,428000,0,0,0,0,0,0,0,0,0,0,0
216,430000,0,0,0,0,0,0,0,0,0,0,0
217,432000,0,0,-20,0,0,0,0,0,0,0,0
218,434000,0,0,-20,0,0,0,0,0,0,0,0
219,436000,0,-20,-20,0,0,0,0,0,0,0,0
220,438000,0,0,0,0,0,0,0,0,0,0,0
221,440000,0,0,0,0,0,0,0,0,0,0,0
222,442000,0,0,0,0,0,0,0,0,0,0,0
223,444000,0,0,0,0,0,0,0,0,0,0,0
224,446000,0,0,0,0,0,0,0,0,0,0,0
225,448000,-20,0,0,0,0,0,0,0,0,0,0
226,450000,-20,0,0,0,0,0,0,0,0,0,0
227,452000,-20,0,0,0,0,0,0,0,0,0,0
228,454000,0,0,-20,0,0,0,0,0,0,0,0
229,456000,0,0,-20,0,0,0,0,0,0,0,0
230,458000,0,0,0,0,0,0,0,0,0,0,0
231,460000,0,0,0,0,0,0,0,0,0,0,0
232,462000,0,-20,0,0,0,0,0,0,0,0,0
233,464000,0,0,0,0,0,0,0,0,0,0,0
234,466000,-20,0,0,0,0,0,0,0,0,0,0
235,468000,0,0,0,0,0,0,0,0,0,0,0
236,470000,0,0,0,0,0,0,0,0,0,0,0
237,472000,0,0,-20,0,0,0,0,0,0,0,0
238,474000,0,0,-20,0,0,0,0,0,0,0,0
239,476000,0,0,-20,0,0,0,0,0,0,0,0
240,478000,0,0,0,0,0,0,0,0,0,0,0
241,480000,0,-20,0,0,0,0,0,0,0,0,0
242,482000,0,0,0,0,0,0,0,0,0,0,0
243,484000,0,0,0,0,0,0,0,0,0,0,0
244,486000,0,0,0,0,0,0,0,0,0,0,0
245,488000,-20,0,0,0,0,0,0,0,0,0,0
246,490000,-20,0,0,0,0,0,0,0,0,0,0
247,492000,0,60,-100,0,0,0,0,0,0,0,0
248,494000,0,280,-320,0,0,0,0,0,0,0,0
249,496000,100,340,-540,0,0,0,0,0,0,0,0
250,498000,300,220,-600,0,0,0,0,0,0,0,0
251,500000,500,0,-520,0,0,0,0,0,0,0,0
252,502000,580,-280,-280,0,0,0,0,0,0,0,0
253,504000,480,-460,0,0,0,0,0,0,0,0,0
254,506000,240,-480,280,0,0,0,0,0,0,0,0
255,508000,-60,-340,420,0,0,0,0,0,0,0,0
256,510000,-320,-80,380,0,0,0,0,0,0,0,0
257,512000,-440,200,180,0,0,0,0,0,0,0,0
258,514000,-400,400,-60,0,0,0,0,0,0,0,0
259,516000,-180,440,-340,0,0,0,0,0,0,0,0
260,518000,80,280,-440,0,0,0,0,0,0,0,0
261,520000,320,20,-400,0,0,0,0,0,0,0,0
262,522000,420,-240,-160,0,0,0,0,0,0,0,0
263,524000,360,-420,100,0,0,0,0,0,0,0,0
264,526000,140,-460,340,0,0,0,0,0,0,0,0
265,528000,-140,-320,460,0,0,0,0,0,0,0,0
266,530000,-380,-40,400,0,0,0,0,0,0,0,0
267,532000,-480,220,200,0,0,0,0,0,0,0,0
268,534000,-440,420,-60,0,0,0,0,0,0,0,0
269,536000,-220,440,-320,0,0,0,0,0,0,0,0
270,538000,60,300,-440,0,0,0,0,0,0,0,0
271,540000,300,40,-380,0,0,0,0,0,0,0,0
272,542000,400,-240,-160,0,0,0,0,0,0,0,0
273,544000,340,-440,100,0,0,0,0,0,0,0,0
274,546000,120,-460,340,0,0,0,0,0,0,0,0
275,548000,-120,-300,460,0,0,0,0,0,0,0,0
276,550000,-380,-40,400,0,0,0,0,0,0,0,0
277,552000,-500,220,200,0,0,0,0,0,0,0,0
278,554000,-420,420,-60,0,0,0,0,0,0,0,0
279,556000,-220,440,-320,0,0,0,0,0,0,0,0
280,558000,60,300,-420,0,0,0,0,0,0,0,0
281,560000,300,20,-380,0,0,0,0,0,0,0,0
282,562000,400,-220,-160,0,0,0,0,0,0,0,0
283,564000,340,-420,100,0,0,0,0,0,0,0,0
284,566000,120,-460,340,0,0,0,0,0,0,0,0
285,568000,-140,-320,480,0,0,0,0,0,0,0,0
286,570000,-380,-60,420,0,0,0,0,0,0,0,0
287,572000,-480,200,220,0,0,0,0,0,0,0,0
288,574000,-440,400,-60,0,0,0,0,0,0,0,0
289,576000,-200,440,-300,0,0,0,0,0,0,0,0
290,578000,60,300,-440,0,0,0,0,0,0,0,0
291,580000,300,20,-400,0,0,0,0,0,0,0,0
292,582000,420,-220,-180,0,0,0,0,0,0,0,0
293,584000,360,-420,80,0,0,0,0,0,0,0,0
294,586000,140,-440,320,0,0,0,0,0,0,0,0
295,588000,-120,-320,460,0,0,0,0,0,0,0,0
296,590000,-380,-40,400,0,0,0,0,0,0,0,0
297,592000,-480,220,200,0,0,0,0,0,0,0,0
298,594000,-440,400,-60,0,0,0,0,0,0,0,0
299,596000,-200,420,-320,0,0,0,0,0,0,0,0
300,598000,80,280,-440,0,0,0,0,0,0,0,0
301,600000,320,20,-400,0,0,0,0,0,0,0,0
302,602000,420,-220,-180,0,0,0,0,0,0,0,0
303,604000,380,-420,80,0,0,0,0,0,0,0,0
304,606000,160,-460,320,0,0,0,0,0,0,0,0
305,608000,-100,-320,460,0,0,0,0,0,0,0,0
306,610000,-360,-40,400,0,0,0,0,0,0,0,0
307,612000,-460,200,200,0,0,0,0,0,0,0,0
308,614000,-400,400,-60,0,0,0,0,0,0,0,0
309,616000,-200,420,-340,0,0,0,0,0,0,0,0
310,618000,80,280,-460,0,0,0,0,0,0,0,0
311,620000,320,20,-400,0,0,0,0,0,0,0,0
312,622000,420,-240,-200,0,0,0,0,0,0,0,0
313,624000,360,-420,80,0,0,0,0,0,0,0,0
314,626000,140,-440,320,0,0,0,0,0,0,0,0
315,628000,-120,-300,440,0,0,0,0,0,0,0,0
316,630000,-380,-40,400,0,0,0,0,0,0,0,0
317,632000,-480,200,200,0,0,0,0,0,0,0,0
318,634000,-420,400,-80,0,0,0,0,0,0,0,0
319,636000,-200,440,-340,0,0,0,0,0,0,0,0
320,638000,80,300,-440,0,0,0,0,0,0,0,0
321,640000,320,40,-420,0,0,0,0,0,0,0,0
322,642000,420,-220,-200,0,0,0,0,0,0,0,0
323,644000,380,-440,80,0,0,0,0,0,0,0,0
324,646000,160,-440,320,0,0,0,0,0,0,0,0
325,648000,-120,-300,440,0,0,0,0,0,0,0,0
326,650000,-360,-40,400,0,0,0,0,0,0,0,0
327,652000,-480,220,180,0,0,0,0,0,0,0,0
328,654000,-420,400,-80,0,0,0,0,0,0,0,0
329,656000,-180,440,-320,0,0,0,0,0,0,0,0
330,658000,80,280,-460,0,0,0,0,0,0,0,0
331,660000,320,20,-400,0,0,0,0,0,0,0,0
332,662000,420,-220,-200,0,0,0,0,0,0,0,0
333,664000,360,-420,60,0,0,0,0,0,0,0,0
334,666000,140,-460,320,0,0,0,0,0,0,0,0
335,668000,-120,-300,440,0,0,0,0,0,0,0,0
336,670000,-360,-40,400,0,0,0,0,0,0,0,0
337,672000,-480,200,180,0,0,0,0,0,0,0,0
338,674000,-400,400,-80,0,0,0,0,0,0,0,0
339,676000,-180,440,-340,0,0,0,0,0,0,0,0
340,678000,80,300,-460,0,0,0,0,0,0,0,0
341,680000,320,60,-420,0,0,0,0,0,0,0,0
342,682000,420,-200,-220,0,0,0,0,0,0,0,0
343,684000,360,-420,60,0,0,0,0,0,0,0,0
344,686000,160,-460,320,0,0,0,0,0,0,0,0
345,688000,-120,-340,440,0,0,0,0,0,0,0,0
346,690000,-360,-80,400,0,0,0,0,0,0,0,0
347,692000,-460,180,200,0,0,0,0,0,0,0,0
348,694000,-400,380,-80,0,0,0,0,0,0,0,0
349,696000,-180,420,-340,0,0,0,0,0,0,0,0
350,698000,80,300,-480,0,0,0,0,0,0,0,0
351,700000,340,40,-420,0,0,0,0,0,0,0,0
352,702000,440,-220,-220,0,0,0,0,0,0,0,0
353,704000,380,-420,40,0,0,0,0,0,0,0,0
354,706000,180,-480,300,0,0,0,0,0,0,0,0
355,708000,-80,-340,440,0,0,0,0,0,0,0,0
356,710000,-340,-80,400,0,0,0,0,0,0,0,0
357,712000,-460,180,200,0,0,0,0,0,0,0,0
358,714000,-400,400,-60,0,0,0,0,0,0,0,0
359,716000,-200,440,-320,0,0,0,0,0,0,0,0
360,718000,80,300,-460,0,0,0,0,0,0,0,0
361,720000,320,40,-420,0,0,0,0,0,0,0,0
362,722000,440,-220,-220,0,0,0,0,0,0,0,0
363,724000,380,-420,40,0,0,0,0,0,0,0,0
364,726000,180,-480,320,0,0,0,0,0,0,0,0
365,728000,-100,-340,440,0,0,0,0,0,0,0,0
366,730000,-340,-80,400,0,0,0,0,0,0,0,0
367,732000,-460,200,200,0,0,0,0,0,0,0,0
368,734000,-400,400,-60,0,0,0,0,0,0,0,0
369,736000,-200,440,-320,0,0,0,0,0,0,0,0
370,738000,60,300,-460,0,0,0,0,0,0,0,0
371,740000,300,60,-420,0,0,0,0,0,0,0,0
372,742000,420,-220,-200,0,0,0,0,0,0,0,0
373,744000,380,-420,60,0,0,0,0,0,0,0,0
374,746000,180,-480,300,0,0,0,0,0,0,0,0
375,748000,-80,-340,440,0,0,0,0,0,0,0,0
376,750000,-340,-60,400,0,0,0,0,0,0,0,0
377,752000,-460,200,200,0,0,0,0,0,0,0,0
378,754000,-420,400,-60,0,0,0,0,0,0,0,0
379,756000,-200,440,-320,0,0,0,0,0,0,0,0
380,758000,60,300,-460,0,0,0,0,0,0,0,0
381,760000,320,60,-420,0,0,0,0,0,0,0,0
382,762000,420,-220,-200,0,0,0,0,0,0,0,0
383,764000,360,-420,60,0,0,0,0,0,0,0,0
384,766000,160,-460,320,0,0,0,0,0,0,0,0
385,768000,-100,-340,440,0,0,0,0,0,0,0,0
386,770000,-340,-80,400,0,0,0,0,0,0,0,0
387,772000,-460,200,200,0,0,0,0,0,0,0,0
388,774000,-420,400,-80,0,0,0,0,0,0,0,0
389,776000,-200,440,-320,0,0,0,0,0,0,0,0
390,778000,60,320,-460,0,0,0,0,0,0,0,0
391,780000,320,60,-420,0,0,0,0,0,0,0,0
392,782000,440,-220,-220,0,0,0,0,0,0,0,0
393,784000,380,-420,60,0,0,0,0,0,0,0,0
394,786000,180,-460,300,0,0,0,0,0,0,0,0
395,788000,-80,-340,440,0,0,0,0,0,0,0,0
396,790000,-340,-60,400,0,0,0,0,0,0,0,0
397,792000,-460,200,200,0,0,0,0,0,0,0,0
398,794000,-400,400,-80,0,0,0,0,0,0,0,0
399,796000,-200,440,-320,0,0,0,0,0,0,0,0
400,798000,60,320,-460,0,0,0,0,0,0,0,0
401,800000,300,40,-420,0,0,0,0,0,0,0,0
402,802000,420,-220,-220,0,0,0,0,0,0,0,0
403,804000,380,-420,60,0,0,0,0,0,0,0,0
404,806000,180,-460,320,0,0,0,0,0,0,0,0
405,808000,-100,-320,440,0,0,0,0,0,0,0,0
406,810000,-340,-80,400,0,0,0,0,0,0,0,0
407,812000,-460,180,200,0,0,0,0,0,0,0,0
408,814000,-420,380,-60,0,0,0,0,0,0,0,0
409,816000,-200,440,-320,0,0,0,0,0,0,0,0
410,818000,60,300,-460,0,0,0,0,0,0,0,0
411,820000,320,60,-420,0,0,0,0,0,0,0,0
412,822000,440,-220,-220,0,0,0,0,0,0,0,0
413,824000,380,-420,60,0,0,0,0,0,0,0,0
414,826000,180,-480,320,0,0,0,0,0,0,0,0
415,828000,-80,-340,440,0,0,0,0,0,0,0,0
416,830000,-340,-80,400,0,0,0,0,0,0,0,0
417,832000,-460,180,200,0,0,0,0,0,0,0,0
418,834000,-400,400,-60,0,0,0,0,0,0,0,0
419,836000,-200,440,-320,0,0,0,0,0,0,0,0
420,838000,60,320,-460,0,0,0,0,0,0,0,0
421,840000,320,40,-420,0,0,0,0,0,0,0,0
422,842000,420,-220,-220,0,0,0,0,0,0,0,0
423,844000,380,-420,60,0,0,0,0,0,0,0,0
424,846000,180,-460,300,0,0,0,0,0,0,0,0
425,848000,-80,-340,440,0,0,0,0,0,0,0,0
426,850000,-320,-60,400,0,0,0,0,0,0,0,0
427,852000,-460,200,200,0,0,0,0,0,0,0,0
428,854000,-420,400,-60,0,0,0,0,0,0,0,0
429,856000,-200,440,-320,0,0,0,0,0,0,0,0
430,858000,60,300,-440,0,0,0,0,0,0,0,0
431,860000,320,60,-420,0,0,0,0,0,0,0,0
432,862000,440,-220,-220,0,0,0,0,0,0,0,0
433,864000,380,-420,40,0,0,0,0,0,0,0,0
434,866000,180,-460,300,0,0,0,0,0,0,0,0
435,868000,-80,-340,440,0,0,0,0,0,0,0,0
436,870000,-340,-80,400,0,0,0,0,0,0,0,0
437,872000,-460,180,200,0,0,0,0,0,0,0,0
438,874000,-420,400,-60,0,0,0,0,0,0,0,0
439,876000,-200,440,-320,0,0,0,0,0,0,0,0
440,878000,60,320,-460,0,0,0,0,0,0,0,0
441,880000,320,60,-420,0,0,0,0,0,0,0,0
442,882000,420,-220,-220,0,0,0,0,0,0,0,0
443,884000,380,-420,40,0,0,0,0,0,0,0,0
444,886000,180,-460,300,0,0,0,0,0,0,0,0
445,888000,-80,-340,440,0,0,0,0,0,0,0,0
446,890000,-360,-80,380,0,0,0,0,0,0,0,0
447,892000,-460,180,200,0,0,0,0,0,0,0,0
448,894000,-420,400,-60,0,0,0,0,0,0,0,0
449,896000,-200,440,-320,0,0,0,0,0,0,0,0
450,898000,60,320,-440,0,0,0,0,0,0,0,0
451,900000,300,60,-420,0,0,0,0,0,0,0,0
452,902000,440,-220,-220,0,0,0,0,0,0,0,0
453,904000,380,-420,40,0,0,0,0,0,0,0,0
454,906000,180,-460,300,0,0,0,0,0,0,0,0
455,908000,-80,-340,440,0,0,0,0,0,0,0,0
456,910000,-320,-80,400,0,0,0,0,0,0,0,0
457,912000,-460,200,200,0,0,0,0,0,0,0,0
458,914000,-420,400,-60,0,0,0,0,0,0,0,0
459,916000,-200,440,-340,0,0,0,0,0,0,0,0
460,918000,60,320,-460,0,0,0,0,0,0,0,0
461,920000,300,40,-420,0,0,0,0,0,0,0,0
462,922000,420,-220,-200,0,0,0,0,0,0,0,0
463,924000,380,-420,40,0,0,0,0,0,0,0,0
464,926000,180,-460,300,0,0,0,0,0,0,0,0
465,928000,-100,-320,440,0,0,0,0,0,0,0,0
466,930000,-320,-80,400,0,0,0,0,0,0,0,0
467,932000,-460,180,200,0,0,0,0,0,0,0,0
468,934000,-420,400,-60,0,0,0,0,0,0,0,0
469,936000,-200,440,-320,0,0,0,0,0,0,0,0
470,938000,60,320,-460,0,0,0,0,0,0,0,0
471,940000,300,60,-420,0,0,0,0,0,0,0,0
472,942000,420,-220,-220,0,0,0,0,0,0,0,0
473,944000,400,-420,40,0,0,0,0,0,0,0,0
474,946000,180,-460,300,0,0,0,0,0,0,0,0
475,948000,-80,-340,440,0,0,0,0,0,0,0,0
476,950000,-320,-80,400,0,0,0,0,0,0,0,0
477,952000,-460,180,200,0,0,0,0,0,0,0,0
478,954000,-400,380,-60,0,0,0,0,0,0,0,0
479,956000,-200,440,-320,0,0,0,0,0,0,0,0
480,958000,60,300,-460,0,0,0,0,0,0,0,0
481,960000,300,60,-420,0,0,0,0,0,0,0,0
482,962000,440,-200,-220,0,0,0,0,0,0,0,0
483,964000,380,-400,40,0,0,0,0,0,0,0,0
484,966000,180,-460,300,0,0,0,0,0,0,0,0
485,968000,-80,-320,420,0,0,0,0,0,0,0,0
486,970000,-340,-80,400,0,0,0,0,0,0,0,0
487,972000,-460,180,200,0,0,0,0,0,0,0,0
488,974000,-420,400,-60,0,0,0,0,0,0,0,0
489,976000,-220,440,-320,0,0,0,0,0,0,0,0
490,978000,60,300,-460,0,0,0,0,0,0,0,0
491,980000,320,60,-420,0,0,0,0,0,0,0,0
492,982000,420,-200,-220,0,0,0,0,0,0,0,0
493,984000,380,-420,40,0,0,0,0,0,0,0,0
494,986000,180,-460,300,0,0,0,0,0,0,0,0
495,988000,-80,-340,420,0,0,0,0,0,0,0,0
496,990000,-340,-80,400,0,0,0,0,0,0,0,0
497,992000,-440,180,200,0,0,0,0,0,0,0,0
498,994000,-400,400,-60,0,0,0,0,0,0,0,0
499,996000,-220,440,-320,0,0,0,0,0,0,0,0
500,998000,60,320,-460,0,0,0,0,0,0,0,0
501,1000000,320,60,-420,0,0,0,0,0,0,0,0
502,1002000,420,-200,-220,0,0,0,0,0,0,0,0
503,1004000,380,-420,40,0,0,0,0,0,0,0,0
504,1006000,180,-460,300,0,0,0,0,0,0,0,0
505,1008000,-60,-340,440,0,0,0,0,0,0,0,0
506,1010000,-340,-80,400,0,0,0,0,0,0,0,0
507,1012000,-460,180,200,0,0,0,0,0,0,0,0
508,1014000,-420,400,-60,0,0,0,0,0,0,0,0
509,1016000,-200,440,-320,0,0,0,0,0,0,0,0
510,1018000,60,320,-460,0,0,0,0,0,0,0,0
511,1020000,300,60,-400,0,0,0,0,0,0,0,0
512,1022000,440,-200,-240,0,0,0,0,0,0,0,0
513,1024000,380,-420,40,0,0,0,0,0,0,0,0
514,1026000,180,-460,300,0,0,0,0,0,0,0,0
515,1028000,-80,-340,440,0,0,0,0,0,0,0,0
516,1030000,-320,-80,400,0,0,0,0,0,0,0,0
517,1032000,-460,180,200,0,0,0,0,0,0,0,0
518,1034000,-420,400,-60,0,0,0,0,0,0,0,0
519,1036000,-200,440,-320,0,0,0,0,0,0,0,0
520,1038000,60,320,-440,0,0,0,0,0,0,0,0
521,1040000,320,60,-420,0,0,0,0,0,0,0,0
522,1042000,420,-200,-220,0,0,0,0,0,0,0,0
523,1044000,380,-400,40,0,0,0,0,0,0,0,0
524,1046000,180,-460,300,0,0,0,0,0,0,0,0
525,1048000,-80,-340,440,0,0,0,0,0,0,0,0
526,1050000,-340,-80,400,0,0,0,0,0,0,0,0
527,1052000,-460,180,200,0,0,0,0,0,0,0,0
528,1054000,-420,380,-60,0,0,0,0,0,0,0,0
529,1056000,-200,440,-320,0,0,0,0,0,0,0,0
530,1058000,40,320,-440,0,0,0,0,0,0,0,0
531,1060000,300,60,-420,0,0,0,0,0,0,0,0
532,1062000,440,-200,-220,0,0,0,0,0,0,0,0
533,1064000,380,-420,40,0,0,0,0,0,0,0,0
534,1066000,180,-460,300,0,0,0,0,0,0,0,0
535,1068000,-80,-340,440,0,0,0,0,0,0,0,0
536,1070000,-320,-80,400,0,0,0,0,0,0,0,0
537,1072000,-440,180,200,0,0,0,0,0,0,0,0
538,1074000,-400,380,-40,0,0,0,0,0,0,0,0
539,1076000,-220,440,-320,0,0,0,0,0,0,0,0
540,1078000,60,320,-460,0,0,0,0,0,0,0,0
541,1080000,300,60,-420,0,0,0,0,0,0,0,0
542,1082000,420,-200,-220,0,0,0,0,0,0,0,0
543,1084000,380,-420,40,0,0,0,0,0,0,0,0
544,1086000,180,-460,300,0,0,0,0,0,0,0,0
545,1088000,-80,-340,440,0,0,0,0,0,0,0,0
546,1090000,-320,-80,400,0,0,0,0,0,0,0,0
547,1092000,-460,180,220,0,0,0,0,0,0,0,0
548,1094000,-400,380,-60,0,0,0,0,0,0,0,0
549,1096000,-220,440,-320,0,0,0,0,0,0,0,0
550,1098000,60,320,-460,0,0,0,0,0,0,0,0
551,1100000,300,60,-420,0,0,0,0,0,0,0,0
552,1102000,440,-200,-240,0,0,0,0,0,0,0,0
553,1104000,380,-420,40,0,0,0,0,0,0,0,0
554,1106000,200,-460,300,0,0,0,0,0,0,0,0
555,1108000,-80,-340,420,0,0,0,0,0,0,0,0
556,1110000,-320,-100,400,0,0,0,0,0,0,0,0
557,1112000,-460,180,200,0,0,0,0,0,0,0,0
558,1114000,-440,380,-60,0,0,0,0,0,0,0,0
559,1116000,-220,440,-320,0,0,0,0,0,0,0,0
560,1118000,60,320,-460,0,0,0,0,0,0,0,0
561,1120000,300,60,-420,0,0,0,0,0,0,0,0
562,1122000,420,-180,-240,0,0,0,0,0,0,0,0
563,1124000,400,-400,20,0,0,0,0,0,0,0,0
564,1126000,200,-460,300,0,0,0,0,0,0,0,0
565,1128000,-80,-340,420,0,0,0,0,0,0,0,0
566,1130000,-320,-80,400,0,0,0,0,0,0,0,0
567,1132000,-460,180,200,0,0,0,0,0,0,0,0
568,1134000,-420,380,-40,0,0,0,0,0,0,0,0
569,1136000,-220,440,-320,0,0,0,0,0,0,0,0
570,1138000,60,320,-440,0,0,0,0,0,0,0,0
571,1140000,300,60,-420,0,0,0,0,0,0,0,0
572,1142000,420,-200,-240,0,0,0,0,0,0,0,0
573,1144000,400,-400,20,0,0,0,0,0,0,0,0
574,1146000,200,-460,300,0,0,0,0,0,0,0,0
575,1148000,-80,-340,420,0,0,0,0,0,0,0,0
576,1150000,-340,-80,400,0,0,0,0,0,0,0,0
577,1152000,-460,180,200,0,0,0,0,0,0,0,0
578,1154000,-420,380,-40,0,0,0,0,0,0,0,0
579,1156000,-220,440,-300,0,0,0,0,0,0,0,0
580,1158000,40,320,-460,0,0,0,0,0,0,0,0
581,1160000,300,60,-420,0,0,0,0,0,0,0,0
582,1162000,440,-200,-240,0,0,0,0,0,0,0,0
583,1164000,400,-420,40,0,0,0,0,0,0,0,0
584,1166000,180,-460,280,0,0,0,0,0,0,0,0
585,1168000,-60,-340,420,0,0,0,0,0,0,0,0
586,1170000,-340,-100,400,0,0,0,0,0,0,0,0
587,1172000,-440,180,200,0,0,0,0,0,0,0,0
588,1174000,-420,380,-40,0,0,0,0,0,0,0,0
589,1176000,-220,440,-300,0,0,0,0,0,0,0,0
590,1178000,40,320,-440,0,0,0,0,0,0,0,0
591,1180000,300,60,-420,0,0,0,0,0,0,0,0
592,1182000,440,-200,-240,0,0,0,0,0,0,0,0
593,1184000,380,-420,20,0,0,0,0,0,0,0,0
594,1186000,200,-460,280,0,0,0,0,0,0,0,0
595,1188000,-60,-360,380,0,0,0,0,0,0,0,0
596,1190000,-60,-240,240,0,0,0,0,0,0,0,0
597,1192000,-60,0,0,0,0,0,0,0,0,0,0
598,1194000,-40,40,-20,0,0,0,0,0,0,0,0
599,1196000,-40,40,-20,0,0,0,0,0,0,0,0
600,1198000,0,0,-20,0,0,0,0,0,0,0,0
601,1200000,0,0,-20,0,0,0,0,0,0,0,0
602,1202000,0,0,0,0,0,0,0,0,0,0,0
603,1204000,-20,0,0,0,0,0,0,0,0,0,0
604,1206000,-20,0,0,0,0,0,0,0,0,0,0
605,1208000,-20,0,0,0,0,0,0,0,0,0,0
606,1210000,-20,0,0,0,0,0,0,0,0,0,0
607,1212000,-60,20,0,0,0,0,0,0,0,0,0
608,1214000,-40,20,-20,0,0,0,0,0,0,0,0
609,1216000,-20,20,-20,0,0,0,0,0,0,0,0
610,1218000,0,0,-20,0,0,0,0,0,0,0,0
611,1220000,0,0,-20,0,0,0,0,0,0,0,0
612,1222000,0,0,0,0,0,0,0,0,0,0,0
613,1224000,0,0,0,0,0,0,0,0,0,0,0
614,1226000,-20,0,0,0,0,0,0,0,0,0,0
615,1228000,-20,0,0,0,0,0,0,0,0,0,0
616,1230000,-20,0,0,0,0,0,0,0,0,0,0
617,1232000,-40,0,0,0,0,0,0,0,0,0,0
618,1234000,-20,20,-20,0,0,0,0,0,0,0,0
619,1236000,-20,20,-20,0,0,0,0,0,0,0,0
620,1238000,0,0,-20,0,0,0,0,0,0,0,0
621,1240000,0,0,-20,0,0,0,0,0,0,0,0
622,1242000,0,0,0,0,0,0,0,0,0,0,0
623,1244000,0,0,0,0,0,0,0,0,0,0,0
624,1246000,0,0,0,0,0,0,0,0,0,0,0
625,1248000,-20,0,0,0,0,0,0,0,0,0,0
626,1250000,-20,0,0,0,0,0,0,0,0,0,0
627,1252000,-40,0,0,0,0,0,0,0,0,0,0
628,1254000,-20,0,-20,0,0,0,0,0,0,0,0
629,1256000,-20,0,-20,0,0,0,0,0,0,0,0
630,1258000,0,0,-20,0,0,0,0,0,0,0,0
631,1260000,0,0,-20,0,0,0,0,0,0,0,0
632,1262000,0,0,0,0,0,0,0,0,0,0,0
633,1264000,0,0,0,0,0,0,0,0,0,0,0
634,1266000,0,0,0,0,0,0,0,0,0,0,0
635,1268000,-20,0,0,0,0,0,0,0,0,0,0
636,1270000,-20,0,0,0,0,0,0,0,0,0,0
637,1272000,-40,0,0,0,0,0,0,0,0,0,0
638,1274000,-20,0,-20,0,0,0,0,0,0,0,0
639,1276000,-20,20,-20,0,0,0,0,0,0,0,0
640,1278000,0,0,-20,0,0,0,0,0,0,0,0
641,1280000,0,0,-20,0,0,0,0,0,0,0,0
642,1282000,0,0,0,0,0,0,0,0,0,0,0
643,1284000,0,0,0,0,0,0,0,0,0,0,0
644,1286000,0,0,0,0,0,0,0,0,0,0,0
645,1288000,0,0,0,0,0,0,0,0,0,0,0
646,1290000,-20,0,0,0,0,0,0,0,0,0,0
647,1292000,-20,0,0,0,0,0,0,0,0,0,0
648,1294000,0,0,-20,0,0,0,0,0,0,0,0
649,1296000,0,0,-40,0,0,0,0,0,0,0,0
650,1298000,0,0,-20,0,0,0,0,0,0,0,0
651,1300000,0,0,0,0,0,0,0,0,0,0,0
652,1302000,0,-20,0,0,0,0,0,0,0,0,0
653,1304000,0,-20,0,0,0,0,0,0,0,0,0
654,1306000,0,0,0,0,0,0,0,0,0,0,0
655,1308000,0,0,0,0,0,0,0,0,0,0,0
656,1310000,-20,0,0,0,0,0,0,0,0,0,0
657,1312000,-40,0,0,0,0,0,0,0,0,0,0
658,1314000,0,0,-20,0,0,0,0,0,0,0,0
659,1316000,0,0,-20,0,0,0,0,0,0,0,0
660,1318000,0,0,-20,0,0,0,0,0,0,0,0
661,1320000,0,0,0,0,0,0,0,0,0,0,0
662,1322000,0,-20,0,0,0,0,0,0,0,0,0
663,1324000,0,-20,0,0,0,0,0,0,0,0,0
664,1326000,0,0,0,0,0,0,0,0,0,0,0
665,1328000,-20,0,0,0,0,0,0,0,0,0,0
666,1330000,-20,0,0,0,0,0,0,0,0,0,0
667,1332000,-20,0,0,0,0,0,0,0,0,0,0
668,1334000,-20,0,-20,0,0,0,0,0,0,0,0
669,1336000,0,0,-20,0,0,0,0,0,0,0,0
670,1338000,0,0,-20,0,0,0,0,0,0,0,0
671,1340000,0,-20,-20,0,0,0,0,0,0,0,0
672,1342000,0,-20,0,0,0,0,0,0,0,0,0
673,1344000,0,-20,0,0,0,0,0,0,0,0,0
674,1346000,0,-20,0,0,0,0,0,0,0,0,0
675,1348000,-20,0,0,0,0,0,0,0,0,0,0
676,1350000,-20,0,0,0,0,0,0,0,0,0,0
677,1352000,-40,0,0,0,0,0,0,0,0,0,0
678,1354000,0,0,-20,0,0,0,0,0,0,0,0
679,1356000,0,0,-40,0,0,0,0,0,0,0,0
680,1358000,0,0,-20,0,0,0,0,0,0,0,0
681,1360000,0,0,-20,0,0,0,0,0,0,0,0
682,1362000,0,-20,0,0,0,0,0,0,0,0,0
683,1364000,0,-20,0,0,0,0,0,0,0,0,0
684,1366000,0,0,0,0,0,0,0,0,0,0,0
685,1368000,0,0,0,0,0,0,0,0,0,0,0
686,1370000,0,0,0,0,0,0,0,0,0,0,0
687,1372000,-20,0,0,0,0,0,0,0,0,0,0
688,1374000,0,0,-20,0,0,0,0,0,0,0,0
689,1376000,0,0,-20,0,0,0,0,0,0,0,0
690,1378000,0,0,-20,0,0,0,0,0,0,0,0
691,1380000,20,-20,-20,0,0,0,0,0,0,0,0
692,1382000,0,-20,0,0,0,0,0,0,0,0,0
693,1384000,0,-20,0,0,0,0,0,0,0,0,0
694,1386000,0,0,0,0,0,0,0,0,0,0,0
695,1388000,-20,0,0,0,0,0,0,0,0,0,0
696,1390000,-20,0,0,0,0,0,0,0,0,0,0
697,1392000,-20,0,0,0,0,0,0,0,0,0,0
698,1394000,0,0,0,0,0,0,0,0,0,0,0
699,1396000,0,0,-20,0,0,0,0,0,0,0,0
700,1398000,0,0,-20,0,0,0,0,0,0,0,0
701,1400000,0,-20,0,0,0,0,0,0,0,0,0
702,1402000,0,-20,0,0,0,0,0,0,0,0,0
703,1404000,0,-20,0,0,0,0,0,0,0,0,0
704,1406000,0,-20,0,0,0,0,0,0,0,0,0
705,1408000,-20,0,0,0,0,0,0,0,0,0,0
706,1410000,0,0,0,0,0,0,0,0,0,0,0
707,1412000,-20,0,0,0,0,0,0,0,0,0,0
708,1414000,0,0,-20,0,0,0,0,0,0,0,0
709,1416000,0,0,-20,0,0,0,0,0,0,0,0
710,1418000,0,0,-20,0,0,0,0,0,0,0,0
711,1420000,0,0,0,0,0,0,0,0,0,0,0
712,1422000,0,-20,0,0,0,0,0,0,0,0,0
713,1424000,0,-20,0,0,0,0,0,0,0,0,0
714,1426000,0,0,0,0,0,0,0,0,0,0,0
715,1428000,0,0,0,0,0,0,0,0,0,0,0
716,1430000,-20,0,0,0,0,0,0,0,0,0,0
717,1432000,-20,0,0,0,0,0,0,0,0,0,0
718,1434000,0,0,-20,0,0,0,0,0,0,0,0
719,1436000,0,0,-20,0,0,0,0,0,0,0,0
720,1438000,0,0,-20,0,0,0,0,0,0,0,0
721,1440000,0,0,0,0,0,0,0,0,0,0,0
722,1442000,0,-20,0,0,0,0,0,0,0,0,0
723,1444000,0,-20,0,0,0,0,0,0,0,0,0
724,1446000,0,0,0,0,0,0,0,0,0,0,0
725,1448000,0,0,0,0,0,0,0,0,0,0,0
726,1450000,-20,0,0,0,0,0,0,0,0,0,0
727,1452000,-20,0,0,0,0,0,0,0,0,0,0
728,1454000,0,0,-20,0,0,0,0,0,0,0,0
729,1456000,0,0,-20,0,0,0,0,0,0,0,0
730,1458000,0,0,-20,0,0,0,0,0,0,0,0
731,1460000,0,-20,0,0,0,0,0,0,0,0,0
732,1462000,0,-20,0,0,0,0,0,0,0,0,0
733,1464000,0,-20,0,0,0,0,0,0,0,0,0
734,1466000,0,0,0,0,0,0,0,0,0,0,0
735,1468000,0,0,0,0,0,0,0,0,0,0,0
736,1470000,-20,0,0,0,0,0,0,0,0,0,0
737,1472000,-20,0,0,0,0,0,0,0,0,0,0
738,1474000,0,0,0,0,0,0,0,0,0,0,0
739,1476000,0,0,-20,0,0,0,0,0,0,0,0
740,1478000,0,0,-20,0,0,0,0,0,0,0,0
741,1480000,0,-20,0,0,0,0,0,0,0,0,0
742,1482000,0,-20,0,0,0,0,0,0,0,0,0
743,1484000,0,0,0,0,0,0,0,0,0,0,0
744,1486000,0,0,0,0,0,0,0,0,0,0,0
745,1488000,-20,0,0,0,0,0,0,0,0,0,0
746,1490000,-20,0,0,0,0,0,0,0,0,0,0
747,1492000,-20,0,0,0,0,0,0,0,0,0,0
748,1494000,0,0,-20,0,0,0,0,0,0,0,0
749,1496000,0,0,-20,0,0,0,0,0,0,0,0
750,1498000,0,0,0,0,0,0,0,0,0,0,0
751,1500000,0,0,0,0,0,0,0,0,0,0,0
752,1502000,0,-20,0,0,0,0,0,0,0,0,0
753,1504000,0,-20,0,0,0,0,0,0,0,0,0
754,1506000,0,-20,0,0,0,0,0,0,0,0,0
755,1508000,-20,0,0,0,0,0,0,0,0,0,0
756,1510000,-20,0,0,0,0,0,0,0,0,0,0
757,1512000,-20,0,0,0,0,0,0,0,0,0,0
758,1514000,0,0,-20,0,0,0,0,0,0,0,0
759,1516000,0,0,-20,0,0,0,0,0,0,0,0
760,1518000,0,0,-20,0,0,0,0,0,0,0,0
761,1520000,0,-20,0,0,0,0,0,0,0,0,0
762,1522000,0,-20,0,0,0,0,0,0,0,0,0
763,1524000,0,-20,0,0,0,0,0,0,0,0,0
764,1526000,0,-20,0,0,0,0,0,0,0,0,0
765,1528000,0,0,0,0,0,0,0,0,0,0,0
766,1530000,0,0,0,0,0,0,0,0,0,0,0
767,1532000,-20,0,0,0,0,0,0,0,0,0,0
768,1534000,0,0,-20,0,0,0,0,0,0,0,0
769,1536000,0,0,-20,0,0,0,0,0,0,0,0
770,1538000,0,0,-20,0,0,0,0,0,0,0,0
771,1540000,0,-20,0,0,0,0,0,0,0,0,0
772,1542000,0,-20,0,0,0,0,0,0,0,0,0
773,1544000,0,-20,0,0,0,0,0,0,0,0,0
774,1546000,0,0,0,0,0,0,0,0,0,0,0
775,1548000,0,0,0,0,0,0,0,0,0,0,0
776,1550000,0,0,0,0,0,0,0,0,0,0,0
777,1552000,-20,0,0,0,0,0,0,0,0,0,0
778,1554000,0,0,-20,0,0,0,0,0,0,0,0
779,1556000,0,0,-20,0,0,0,0,0,0,0,0
780,1558000,0,0,-20,0,0,0,0,0,0,0,0
781,1560000,0,-20,0,0,0,0,0,0,0,0,0
782,1562000,0,-20,0,0,0,0,0,0,0,0,0
783,1564000,0,-20,0,0,0,0,0,0,0,0,0
784,1566000,0,0,0,0,0,0,0,0,0,0,0
785,1568000,-20,0,0,0,0,0,0,0,0,0,0
786,1570000,-20,0,0,0,0,0,0,0,0,0,0
787,1572000,-20,0,0,0,0,0,0,0,0,0,0
788,1574000,0,0,-20,0,0,0,0,0,0,0,0
789,1576000,0,0,-20,0,0,0,0,0,0,0,0
790,1578000,0,0,0,0,0,0,0,0,0,0,0
791,1580000,0,-20,0,0,0,0,0,0,0,0,0
792,1582000,0,-20,0,0,0,0,0,0,0,0,0
793,1584000,0,-20,0,0,0,0,0,0,0,0,0
794,1586000,0,0,0,0,0,0,0,0,0,0,0
795,1588000,-20,0,0,0,0,0,0,0,0,0,0
796,1590000,-20,0,0,0,0,0,0,0,0,0,0
797,1592000,-20,0,0,0,0,0,0,0,0,0,0
798,1594000,0,0,-20,0,0,0,0,0,0,0,0
799,1596000,0,0,-20,0,0,0,0,0,0,0,0
800,1598000,0,0,-20,0,0,0,0,0,0,0,0
801,1600000,0,0,0,0,0,0,0,0,0,0,0
802,1602000,0,-20,0,0,0,0,0,0,0,0,0
803,1604000,0,0,0,0,0,0,0,0,0,0,0
804,1606000,0,0,0,0,0,0,0,0,0,0,0
805,1608000,-20,0,0,0,0,0,0,0,0,0,0
806,1610000,-20,0,0,0,0,0,0,0,0,0,0
807,1612000,-20,0,0,0,0,0,0,0,0,0,0
808,1614000,0,0,-20,0,0,0,0,0,0,0,0
809,1616000,0,0,-20,0,0,0,0,0,0,0,0
810,1618000,0,0,0,0,0,0,0,0,0,0,0
811,1620000,0,0,0,0,0,0,0,0,0,0,0
812,1622000,0,-20,0,0,0,0,0,0,0,0,0
813,1624000,0,-20,0,0,0,0,0,0,0,0,0
814,1626000,0,0,0,0,0,0,0,0,0,0,0
815,1628000,0,0,0,0,0,0,0,0,0,0,0
816,1630000,-20,0,0,0,0,0,0,0,0,0,0
817,1632000,-20,0,0,0,0,0,0,0,0,0,0
818,1634000,0,0,0,0,0,0,0,0,0,0,0
819,1636000,0,0,0,0,0,0,0,0,0,0,0
820,1638000,0,0,-20,0,0,0,0,0,0,0,0
821,1640000,0,0,0,0,0,0,0,0,0,0,0
822,1642000,0,-20,0,0,0,0,0,0,0,0,0
823,1644000,0,-20,0,0,0,0,0,0,0,0,0
824,1646000,0,-20,0,0,0,0,0,0,0,0,0
825,1648000,0,0,0,0,0,0,0,0,0,0,0
826,1650000,-20,0,0,0,0,0,0,0,0,0,0
827,1652000,0,0,0,0,0,0,0,0,0,0,0
828,1654000,0,0,-20,0,0,0,0,0,0,0,0
829,1656000,0,0,-20,0,0,0,0,0,0,0,0
830,1658000,0,0,0,0,0,0,0,0,0,0,0
831,1660000,0,0,0,0,0,0,0,0,0,0,0
832,1662000,0,-20,0,0,0,0,0,0,0,0,0
833,1664000,0,-20,0,0,0,0,0,0,0,0,0
834,1666000,0,0,0,0,0,0,0,0,0,0,0
835,1668000,-20,0,0,0,0,0,0,0,0,0,0
836,1670000,-20,0,0,0,0,0,0,0,0,0,0
837,1672000,-20,0,0,0,0,0,0,0,0,0,0
838,1674000,0,0,-20,0,0,0,0,0,0,0,0
839,1676000,0,0,-20,0,0,0,0,0,0,0,0
840,1678000,0,0,-20,0,0,0,0,0,0,0,0
841,1680000,0,0,0,0,0,0,0,0,0,0,0
842,1682000,0,-20,0,0,0,0,0,0,0,0,0
843,1684000,0,-20,0,0,0,0,0,0,0,0,0
844,1686000,0,0,0,0,0,0,0,0,0,0,0
845,1688000,-20,0,0,0,0,0,0,0,0,0,0
846,1690000,-20,0,0,0,0,0,0,0,0,0,0
847,1692000,0,0,0,0,0,0,0,0,0,0,0
848,1694000,0,0,-20,0,0,0,0,0,0,0,0
849,1696000,0,0,-20,0,0,0,0,0,0,0,0
850,1698000,0,0,-20,0,0,0,0,0,0,0,0
851,1700000,0,-20,0,0,0,0,0,0,0,0,0
852,1702000,0,-20,0,0,0,0,0,0,0,0,0
853,1704000,0,-20,0,0,0,0,0,0,0,0,0
854,1706000,0,0,0,0,0,0,0,0,0,0,0
855,1708000,-20,0,0,0,0,0,0,0,0,0,0
856,1710000,-20,0,0,0,0,0,0,0,0,0,0
857,1712000,-20,0,0,0,0,0,0,0,0,0,0
858,1714000,0,0,0,0,0,0,0,0,0,0,0
859,1716000,0,0,-20,0,0,0,0,0,0,0,0
860,1718000,0,0,-20,0,0,0,0,0,0,0,0
861,1720000,0,-20,0,0,0,0,0,0,0,0,0
862,1722000,0,-20,0,0,0,0,0,0,0,0,0
863,1724000,0,-20,0,0,0,0,0,0,0,0,0
864,1726000,0,0,0,0,0,0,0,0,0,0,0
865,1728000,0,0,0,0,0,0,0,0,0,0,0
866,1730000,-20,0,0,0,0,0,0,0,0,0,0
867,1732000,-20,0,0,0,0,0,0,0,0,0,0
868,1734000,0,0,-20,0,0,0,0,0,0,0,0
869,1736000,0,0,-20,0,0,0,0,0,0,0,0
870,1738000,0,0,0,0,0,0,0,0,0,0,0
871,1740000,0,0,-20,0,0,0,0,0,0,0,0
872,1742000,0,-20,0,0,0,0,0,0,0,0,0
873,1744000,0,-20,0,0,0,0,0,0,0,0,0
874,1746000,0,-20,0,0,0,0,0,0,0,0,0
875,1748000,-20,0,0,0,0,0,0,0,0,0,0
876,1750000,-20,0,0,0,0,0,0,0,0,0,0
877,1752000,0,0,0,0,0,0,0,0,0,0,0
878,1754000,0,0,0,0,0,0,0,0,0,0,0
879,1756000,0,0,-20,0,0,0,0,0,0,0,0
880,1758000,0,0,-20,0,0,0,0,0,0,0,0
881,1760000,0,0,0,0,0,0,0,0,0,0,0
882,1762000,0,-20,0,0,0,0,0,0,0,0,0
883,1764000,0,0,0,0,0,0,0,0,0,0,0
884,1766000,0,0,0,0,0,0,0,0,0,0,0
885,1768000,0,0,0,0,0,0,0,0,0,0,0
886,1770000,-20,0,0,0,0,0,0,0,0,0,0
887,1772000,0,0,0,0,0,0,0,0,0,0,0
888,1774000,0,0,-20,0,0,0,0,0,0,0,0
889,1776000,0,0,0,0,0,0,0,0,0,0,0
890,1778000,0,0,-20,0,0,0,0,0,0,0,0
891,1780000,0,0,0,0,0,0,0,0,0,0,0
892,1782000,0,0,0,0,0,0,0,0,0,0,0
893,1784000,0,-20,0,0,0,0,0,0,0,0,0
894,1786000,0,-20,0,0,0,0,0,0,0,0,0
895,1788000,-20,0,0,0,0,0,0,0,0,0,0
896,1790000,-20,0,0,0,0,0,0,0,0,0,0
897,1792000,-20,0,0,0,0,0,0,0,0,0,0
898,1794000,0,0,-20,0,0,0,0,0,0,0,0
899,1796000,0,0,-20,0,0,0,0,0,0,0,0
900,1798000,0,0,-20,0,0,0,0,0,0,0,0
901,1800000,0,0,0,0,0,0,0,0,0,0,0
902,1802000,0,-20,0,0,0,0,0,0,0,0,0
903,1804000,0,0,0,0,0,0,0,0,0,0,0
904,1806000,0,0,0,0,0,0,0,0,0,0,0
905,1808000,-20,0,0,0,0,0,0,0,0,0,0
906,1810000,-20,0,0,0,0,0,0,0,0,0,0
907,1812000,-20,0,0,0,0,0,0,0,0,0,0
908,1814000,0,0,0,0,0,0,0,0,0,0,0
909,1816000,0,0,-20,0,0,0,0,0,0,0,0
910,1818000,0,0,-20,0,0,0,0,0,0,0,0
911,1820000,0,0,0,0,0,0,0,0,0,0,0
912,1822000,0,-20,0,0,0,0,0,0,0,0,0
913,1824000,0,-20,0,0,0,0,0,0,0,0,0
914,1826000,0,0,0,0,0,0,0,0,0,0,0
915,1828000,-20,0,0,0,0,0,0,0,0,0,0
916,1830000,-20,0,0,0,0,0,0,0,0,0,0
917,1832000,-20,0,0,0,0,0,0,0,0,0,0
918,1834000,0,0,-20,0,0,0,0,0,0,0,0
919,1836000,0,0,-20,0,0,0,0,0,0,0,0
920,1838000,0,0,-20,0,0,0,0,0,0,0,0
921,1840000,0,0,0,0,0,0,0,0,0,0,0
922,1842000,0,-20,0,0,0,0,0,0,0,0,0
923,1844000,0,-20,0,0,0,0,0,0,0,0,0
924,1846000,0,0,0,0,0,0,0,0,0,0,0
925,1848000,-20,0,0,0,0,0,0,0,0,0,0
926,1850000,0,0,0,0,0,0,0,0,0,0,0
927,1852000,-20,0,0,0,0,0,0,0,0,0,0
928,1854000,0,0,-20,0,0,0,0,0,0,0,0
929,1856000,0,0,-20,0,0,0,0,0,0,0,0
930,1858000,0,0,-20,0,0,0,0,0,0,0,0
931,1860000,0,0,0,0,0,0,0,0,0,0,0
932,1862000,0,0,0,0,0,0,0,0,0,0,0
933,1864000,0,-20,0,0,0,0,0,0,0,0,0
934,1866000,0,0,0,0,0,0,0,0,0,0,0
935,1868000,-20,0,0,0,0,0,0,0,0,0,0
936,1870000,-20,0,0,0,0,0,0,0,0,0,0
937,1872000,-20,0,0,0,0,0,0,0,0,0,0
938,1874000,0,0,0,0,0,0,0,0,0,0,0
939,1876000,0,0,0,0,0,0,0,0,0,0,0
940,1878000,0,0,0,0,0,0,0,0,0,0,0
941,1880000,0,-20,0,0,0,0,0,0,0,0,0
942,1882000,0,-20,0,0,0,0,0,0,0,0,0
943,1884000,0,-20,0,0,0,0,0,0,0,0,0
944,1886000,0,0,0,0,0,0,0,0,0,0,0
945,1888000,0,0,0,0,0,0,0,0,0,0,0
946,1890000,-20,0,0,0,0,0,0,0,0,0,0
947,1892000,0,0,0,0,0,0,0,0,0,0,0
948,1894000,0,0,-20,0,0,0,0,0,0,0,0
949,1896000,0,0,-20,0,0,0,0,0,0,0,0
950,1898000,0,0,0,0,0,0,0,0,0,0,0
951,1900000,0,-20,0,0,0,0,0,0,0,0,0
952,1902000,0,-20,0,0,0,0,0,0,0,0,0
953,1904000,0,0,0,0,0,0,0,0,0,0,0
954,1906000,0,0,0,0,0,0,0,0,0,0,0
955,1908000,0,0,0,0,0,0,0,0,0,0,0
956,1910000,0,0,0,0,0,0,0,0,0,0,0
957,1912000,-20,0,0,0,0,0,0,0,0,0,0
958,1914000,0,0,0,0,0,0,0,0,0,0,0
959,1916000,0,0,-20,0,0,0,0,0,0,0,0
960,1918000,0,0,-20,0,0,0,0,0,0,0,0
961,1920000,0,0,0,0,0,0,0,0,0,0,0
962,1922000,0,-20,0,0,0,0,0,0,0,0,0
963,1924000,0,-20,0,0,0,0,0,0,0,0,0
964,1926000,0,0,0,0,0,0,0,0,0,0,0
965,1928000,-20,0,0,0,0,0,0,0,0,0,0
966,1930000,-20,0,0,0,0,0,0,0,0,0,0
967,1932000,-20,0,0,0,0,0,0,0,0,0,0
968,1934000,0,0,-20,0,0,0,0,0,0,0,0
969,1936000,0,0,-20,0,0,0,0,0,0,0,0
970,1938000,0,0,0,0,0,0,0,0,0,0,0
971,1940000,0,0,0,0,0,0,0,0,0,0,0
972,1942000,0,-20,0,0,0,0,0,0,0,0,0
973,1944000,0,-20,0,0,0,0,0,0,0,0,0
974,1946000,0,0,0,0,0,0,0,0,0,0,0
975,1948000,-20,0,0,0,0,0,0,0,0,0,0
976,1950000,0,0,0,0,0,0,0,0,0,0,0
977,1952000,-20,0,0,0,0,0,0,0,0,0,0
978,1954000,0,0,-20,0,0,0,0,0,0,0,0
979,1956000,0,0,-20,0,0,0,0,0,0,0,0
980,1958000,0,0,-20,0,0,0,0,0,0,0,0
981,1960000,0,0,0,0,0,0,0,0,0,0,0
982,1962000,0,-20,0,0,0,0,0,0,0,0,0
983,1964000,0,0,0,0,0,0,0,0,0,0,0
984,1966000,0,-20,0,0,0,0,0,0,0,0,0
985,1968000,-20,0,0,0,0,0,0,0,0,0,0
986,1970000,-20,0,0,0,0,0,0,0,0,0,0
987,1972000,-20,0,0,0,0,0,0,0,0,0,0
988,1974000,0,0,-20,0,0,0,0,0,0,0,0
989,1976000,0,0,-20,0,0,0,0,0,0,0,0
990,1978000,0,0,-20,0,0,0,0,0,0,0,0
991,1980000,0,0,0,0,0,0,0,0,0,0,0
992,1982000,0,-20,0,0,0,0,0,0,0,0,0
993,1984000,0,-20,0,0,0,0,0,0,0,0,0
994,1986000,0,0,0,0,0,0,0,0,0,0,0
995,1988000,-20,0,0,0,0,0,0,0,0,0,0
996,1990000,0,0,0,0,0,0,0,0,0,0,0
997,1992000,0,0,0,0,0,0,0,0,0,0,0
998,1994000,0,0,0,0,0,0,0,0,0,0,0
999,1996000,0,0,-20,0,0,0,0,0,0,0,0
1000,1998000,0,0,-20,0,0,0,0,0,0,0,0
1001,2000000,0,0,0,0,0,0,0,0,0,0,0
1002,2002000,0,-20,0,0,0,0,0,0,0,0,0
1003,2004000,0,-20,0,0,0,0,0,0,0,0,0
1004,2006000,0,0,0,0,0,0,0,0,0,0,0
1005,2008000,0,0,0,0,0,0,0,0,0,0,0
1006,2010000,-20,0,0,0,0,0,0,0,0,0,0
1007,2012000,0,0,0,0,0,0,0,0,0,0,0
1008,2014000,0,0,-20,0,0,0,0,0,0,0,0
1009,2016000,0,0,-20,0,0,0,0,0,0,0,0
1010,2018000,0,0,0,0,0,0,0,0,0,0,0
1011,2020000,0,0,0,0,0,0,0,0,0,0,0
1012,2022000,0,-20,0,0,0,0,0,0,0,0,0
1013,2024000,0,-20,0,0,0,0,0,0,0,0,0
1014,2026000,0,0,0,0,0,0,0,0,0,0,0
1015,2028000,-20,0,0,0,0,0,0,0,0,0,0
1016,2030000,0,0,0,0,0,0,0,0,0,0,0
1017,2032000,0,0,0,0,0,0,0,0,0,0,0
1018,2034000,0,0,0,0,0,0,0,0,0,0,0
1019,2036000,0,0,-20,0,0,0,0,0,0,0,0
1020,2038000,0,0,0,0,0,0,0,0,0,0,0
1021,2040000,0,0,0,0,0,0,0,0,0,0,0
1022,2042000,0,-20,0,0,0,0,0,0,0,0,0
1023,2044000,0,0,0,0,0,0,0,0,0,0,0
1024,2046000,0,0,0,0,0,0,0,0,0,0,0
1025,2048000,-20,0,0,0,0,0,0,0,0,0,0
1026,2050000,-20,0,0,0,0,0,0,0,0,0,0
1027,2052000,-20,0,0,0,0,0,0,0,0,0,0
1028,2054000,0,0,0,0,0,0,0,0,0,0,0
1029,2056000,0,0,-20,0,0,0,0,0,0,0,0
1030,2058000,0,0,-20,0,0,0,0,0,0,0,0
1031,2060000,0,0,0,0,0,0,0,0,0,0,0
1032,2062000,0,-20,0,0,0,0,0,0,0,0,0
1033,2064000,0,0,0,0,0,0,0,0,0,0,0
1034,2066000,0,0,0,0,0,0,0,0,0,0,0
1035,2068000,0,0,0,0,0,0,0,0,0,0,0
1036,2070000,-20,0,0,0,0,0,0,0,0,0,0
1037,2072000,-20,0,0,0,0,0,0,0,0,0,0
1038,2074000,0,0,-20,0,0,0,0,0,0,0,0
1039,2076000,0,0,-20,0,0,0,0,0,0,0,0
1040,2078000,0,0,-20,0,0,0,0,0,0,0,0
1041,2080000,0,0,0,0,0,0,0,0,0,0,0
1042,2082000,0,0,0,0,0,0,0,0,0,0,0
1043,2084000,0,0,0,0,0,0,0,0,0,0,0
1044,2086000,0,0,0,0,0,0,0,0,0,0,0
1045,2088000,-20,0,0,0,0,0,0,0,0,0,0
1046,2090000,-20,0,0,0,0,0,0,0,0,0,0
1047,2092000,-20,0,0,0,0,0,0,0,0,0,0
1048,2094000,0,0,0,0,0,0,0,0,0,0,0
1049,2096000,0,0,-20,0,0,0,0,0,0,0,0
1050,2098000,0,0,0,0,0,0,0,0,0,0,0
1051,2100000,0,-20,0,0,0,0,0,0,0,0,0
1052,2102000,0,-20,0,0,0,0,0,0,0,0,0
1053,2104000,0,-20,0,0,0,0,0,0,0,0,0
1054,2106000,0,0,0,0,0,0,0,0,0,0,0
1055,2108000,-20,0,0,0,0,0,0,0,0,0,0
1056,2110000,-20,0,0,0,0,0,0,0,0,0,0
1057,2112000,-20,0,0,0,0,0,0,0,0,0,0
1058,2114000,0,0,-20,0,0,0,0,0,0,0,0
1059,2116000,0,0,-20,0,0,0,0,0,0,0,0
1060,2118000,0,0,-20,0,0,0,0,0,0,0,0
1061,2120000,0,0,0,0,0,0,0,0,0,0,0
1062,2122000,0,-20,0,0,0,0,0,0,0,0,0
1063,2124000,0,-20,0,0,0,0,0,0,0,0,0
1064,2126000,0,0,0,0,0,0,0,0,0,0,0
1065,2128000,0,0,0,0,0,0,0,0,0,0,0
1066,2130000,-20,0,0,0,0,0,0,0,0,0,0
1067,2132000,0,0,0,0,0,0,0,0,0,0,0
1068,2134000,0,0,-20,0,0,0,0,0,0,0,0
1069,2136000,0,0,-20,0,0,0,0,0,0,0,0
1070,2138000,0,0,-20,0,0,0,0,0,0,0,0
1071,2140000,0,-20,-20,0,0,0,0,0,0,0,0
1072,2142000,0,-20,0,0,0,0,0,0,0,0,0
1073,2144000,0,-20,0,0,0,0,0,0,0,0,0
1074,2146000,0,0,0,0,0,0,0,0,0,0,0
1075,2148000,-20,0,0,0,0,0,0,0,0,0,0
1076,2150000,-20,0,0,0,0,0,0,0,0,0,0
1077,2152000,-20,0,0,0,0,0,0,0,0,0,0
1078,2154000,0,0,0,0,0,0,0,0,0,0,0
1079,2156000,0,0,-20,0,0,0,0,0,0,0,0
1080,2158000,0,0,-20,0,0,0,0,0,0,0,0
1081,2160000,0,0,0,0,0,0,0,0,0,0,0
1082,2162000,0,0,0,0,0,0,0,0,0,0,0
1083,2164000,0,-20,0,0,0,0,0,0,0,0,0
1084,2166000,0,0,0,0,0,0,0,0,0,0,0
1085,2168000,-20,0,0,0,0,0,0,0,0,0,0
1086,2170000,-20,0,0,0,0,0,0,0,0,0,0
1087,2172000,0,0,0,0,0,0,0,0,0,0,0
1088,2174000,0,0,-20,0,0,0,0,0,0,0,0
1089,2176000,0,0,-20,0,0,0,0,0,0,0,0
1090,2178000,0,0,-20,0,0,0,0,0,0,0,0
1091,2180000,0,0,0,0,0,0,0,0,0,0,0
1092,2182000,0,-20,0,0,0,0,0,0,0,0,0
1093,2184000,0,-20,0,0,0,0,0,0,0,0,0
1094,2186000,0,0,0,0,0,0,0,0,0,0,0
1095,2188000,-20,0,0,0,0,0,0,0,0,0,0
1096,2190000,-20,0,0,0,0,0,0,0,0,0,0
1097,2192000,0,0,0,0,0,0,0,0,0,0,0
1098,2194000,0,0,-20,0,0,0,0,0,0,0,0
1099,2196000,0,0,-20,0,0,0,0,0,0,0,0
1100,2198000,0,0,0,0,0,0,0,0,0,0,0
1101,2200000,0,0,0,0,0,0,0,0,0,0,0
1102,2202000,0,-20,0,0,0,0,0,0,0,0,0
1103,2204000,0,0,0,0,0,0,0,0,0,0,0
1104,2206000,0,0,0,0,0,0,0,0,0,0,0
1105,2208000,-20,0,0,0,0,0,0,0,0,0,0
1106,2210000,-20,0,0,0,0,0,0,0,0,0,0
1107,2212000,-20,0,0,0,0,0,0,0,0,0,0
1108,2214000,0,0,-20,0,0,0,0,0,0,0,0
1109,2216000,0,0,-20,0,0,0,0,0,0,0,0
1110,2218000,0,0,-20,0,0,0,0,0,0,0,0
1111,2220000,0,0,0,0,0,0,0,0,0,0,0
1112,2222000,0,-20,0,0,0,0,0,0,0,0,0
1113,2224000,0,-20,0,0,0,0,0,0,0,0,0
1114,2226000,0,-20,0,0,0,0,0,0,0,0,0
1115,2228000,-20,0,0,0,0,0,0,0,0,0,0
1116,2230000,-20,0,0,0,0,0,0,0,0,0,0
1117,2232000,-20,0,0,0,0,0,0,0,0,0,0
1118,2234000,0,0,-20,0,0,0,0,0,0,0,0
1119,2236000,0,0,-20,0,0,0,0,0,0,0,0
1120,2238000,0,0,0,0,0,0,0,0,0,0,0
1121,2240000,0,-20,0,0,0,0,0,0,0,0,0
1122,2242000,0,-20,0,0,0,0,0,0,0,0,0
1123,2244000,0,-20,0,0,0,0,0,0,0,0,0
1124,2246000,0,-20,0,0,0,0,0,0,0,0,0
1125,2248000,-20,0,0,0,0,0,0,0,0,0,0
1126,2250000,-20,0,0,0,0,0,0,0,0,0,0
1127,2252000,-20,0,0,0,0,0,0,0,0,0,0
1128,2254000,0,0,-20,0,0,0,0,0,0,0,0
1129,2256000,0,0,-20,0,0,0,0,0,0,0,0
1130,2258000,0,0,-20,0,0,0,0,0,0,0,0
1131,2260000,0,0,0,0,0,0,0,0,0,0,0
1132,2262000,0,-20,0,0,0,0,0,0,0,0,0
1133,2264000,0,0,0,0,0,0,0,0,0,0,0
1134,2266000,0,0,0,0,0,0,0,0,0,0,0
1135,2268000,-20,0,0,0,0,0,0,0,0,0,0
1136,2270000,-20,0,0,0,0,0,0,0,0,0,0
1137,2272000,-20,0,0,0,0,0,0,0,0,0,0
1138,2274000,0,0,0,0,0,0,0,0,0,0,0
1139,2276000,0,0,-20,0,0,0,0,0,0,0,0
1140,2278000,0,0,-20,0,0,0,0,0,0,0,0
1141,2280000,0,0,0,0,0,0,0,0,0,0,0
1142,2282000,0,-20,0,0,0,0,0,0,0,0,0
1143,2284000,0,-20,0,0,0,0,0,0,0,0,0
1144,2286000,0,0,0,0,0,0,0,0,0,0,0
1145,2288000,0,0,0,0,0,0,0,0,0,0,0
1146,2290000,-20,0,0,0,0,0,0,0,0,0,0
1147,2292000,-20,0,0,0,0,0,0,0,0,0,0
1148,2294000,0,0,0,0,0,0,0,0,0,0,0
1149,2296000,0,0,0,0,0,0,0,0,0,0,0
1150,2298000,0,0,-20,0,0,0,0,0,0,0,0
1151,2300000,0,0,0,0,0,0,0,0,0,0,0
1152,2302000,0,-20,0,0,0,0,0,0,0,0,0
1153,2304000,0,-20,0,0,0,0,0,0,0,0,0
1154,2306000,0,-20,0,0,0,0,0,0,0,0,0
1155,2308000,0,0,0,0,0,0,0,0,0,0,0
1156,2310000,-20,0,0,0,0,0,0,0,0,0,0
1157,2312000,-20,0,0,0,0,0,0,0,0,0,0
1158,2314000,0,0,0,0,0,0,0,0,0,0,0
1159,2316000,0,0,-20,0,0,0,0,0,0,0,0
1160,2318000,0,0,-20,0,0,0,0,0,0,0,0
1161,2320000,0,0,0,0,0,0,0,0,0,0,0
1162,2322000,0,0,0,0,0,0,0,0,0,0,0
1163,2324000,0,-20,0,0,0,0,0,0,0,0,0
1164,2326000,0,-20,0,0,0,0,0,0,0,0,0
1165,2328000,-20,0,0,0,0,0,0,0,0,0,0
1166,2330000,-20,0,0,0,0,0,0,0,0,0,0
1167,2332000,0,0,0,0,0,0,0,0,0,0,0
1168,2334000,0,0,-20,0,0,0,0,0,0,0,0
1169,2336000,0,0,-20,0,0,0,0,0,0,0,0
1170,2338000,0,0,-20,0,0,0,0,0,0,0,0
1171,2340000,0,-20,-20,0,0,0,0,0,0,0,0
1172,2342000,0,-20,0,0,0,0,0,0,0,0,0
1173,2344000,0,-20,0,0,0,0,0,0,0,0,0
1174,2346000,0,0,0,0,0,0,0,0,0,0,0
1175,2348000,-20,0,0,0,0,0,0,0,0,0,0
1176,2350000,-20,0,0,0,0,0,0,0,0,0,0
1177,2352000,-20,0,0,0,0,0,0,0,0,0,0
1178,2354000,0,0,0,0,0,0,0,0,0,0,0
1179,2356000,0,0,-20,0,0,0,0,0,0,0,0
1180,2358000,0,0,-20,0,0,0,0,0,0,0,0
1181,2360000,0,0,-20,0,0,0,0,0,0,0,0
1182,2362000,0,-20,0,0,0,0,0,0,0,0,0
1183,2364000,0,-20,0,0,0,0,0,0,0,0,0
1184,2366000,0,0,0,0,0,0,0,0,0,0,0
1185,2368000,-20,0,0,0,0,0,0,0,0,0,0
1186,2370000,0,0,0,0,0,0,0,0,0,0,0
1187,2372000,-20,0,0,0,0,0,0,0,0,0,0
1188,2374000,0,0,-20,0,0,0,0,0,0,0,0
1189,2376000,0,0,-20,0,0,0,0,0,0,0,0
1190,2378000,0,0,-20,0,0,0,0,0,0,0,0
1191,2380000,0,-20,0,0,0,0,0,0,0,0,0
1192,2382000,0,-20,0,0,0,0,0,0,0,0,0
1193,2384000,0,-20,0,0,0,0,0,0,0,0,0
1194,2386000,0,0,0,0,0,0,0,0,0,0,0
1195,2388000,-20,0,0,0,0,0,0,0,0,0,0
1196,2390000,-20,0,0,0,0,0,0,0,0,0,0
1197,2392000,-20,0,0,0,0,0,0,0,0,0,0
1198,2394000,0,0,0,0,0,0,0,0,0,0,0
1199,2396000,0,0,0,0,0,0,0,0,0,0,0
1200,2398000,0,0,-20,0,0,0,0,0,0,0,0
1201,2400000,0,-20,0,0,0,0,0,0,0,0,0
1202,2402000,0,-20,0,0,0,0,0,0,0,0,0
1203,2404000,0,-20,0,0,0,0,0,0,0,0,0
1204,2406000,0,0,0,0,0,0,0,0,0,0,0
1205,2408000,0,0,0,0,0,0,0,0,0,0,0
1206,2410000,-20,0,0,0,0,0,0,0,0,0,0
1207,2412000,-20,0,0,0,0,0,0,0,0,0,0
1208,2414000,0,0,0,0,0,0,0,0,0,0,0
1209,2416000,0,0,-20,0,0,0,0,0,0,0,0
1210,2418000,0,0,-20,0,0,0,0,0,0,0,0
1211,2420000,0,0,0,0,0,0,0,0,0,0,0
1212,2422000,0,0,0,0,0,0,0,0,0,0,0
1213,2424000,0,-20,0,0,0,0,0,0,0,0,0
1214,2426000,0,0,0,0,0,0,0,0,0,0,0
1215,2428000,0,0,0,0,0,0,0,0,0,0,0
1216,2430000,-20,0,0,0,0,0,0,0,0,0,0
1217,2432000,0,0,0,0,0,0,0,0,0,0,0
1218,2434000,0,0,-20,0,0,0,0,0,0,0,0
1219,2436000,0,0,-20,0,0,0,0,0,0,0,0
1220,2438000,0,0,-20,0,0,0,0,0,0,0,0
1221,2440000,0,0,0,0,0,0,0,0,0,0,0
1222,2442000,0,0,0,0,0,0,0,0,0,0,0
1223,2444000,0,-20,0,0,0,0,0,0,0,0,0
1224,2446000,0,-20,0,0,0,0,0,0,0,0,0
1225,2448000,-20,0,0,0,0,0,0,0,0,0,0
1226,2450000,-20,0,0,0,0,0,0,0,0,0,0
1227,2452000,-20,0,0,0,0,0,0,0,0,0,0
1228,2454000,0,0,0,0,0,0,0,0,0,0,0
1229,2456000,0,0,-20,0,0,0,0,0,0,0,0
1230,2458000,0,0,-20,0,0,0,0,0,0,0,0
1231,2460000,0,-20,0,0,0,0,0,0,0,0,0
1232,2462000,0,0,0,0,0,0,0,0,0,0,0
1233,2464000,0,-20,0,0,0,0,0,0,0,0,0
1234,2466000,0,-20,0,0,0,0,0,0,0,0,0
1235,2468000,-20,0,0,0,0,0,0,0,0,0,0
1236,2470000,0,0,0,0,0,0,0,0,0,0,0
1237,2472000,-20,0,0,0,0,0,0,0,0,0,0
1238,2474000,0,0,-20,0,0,0,0,0,0,0,0
1239,2476000,0,0,-20,0,0,0,0,0,0,0,0
1240,2478000,0,0,-20,0,0,0,0,0,0,0,0
1241,2480000,0,0,0,0,0,0,0,0,0,0,0
1242,2482000,0,-20,0,0,0,0,0,0,0,0,0
1243,2484000,0,-20,0,0,0,0,0,0,0,0,0
1244,2486000,0,0,0,0,0,0,0,0,0,0,0
1245,2488000,-20,0,0,0,0,0,0,0,0,0,0
1246,2490000,-20,0,0,0,0,0,0,0,0,0,0
1247,2492000,-20,0,0,0,0,0,0,0,0,0,0
1248,2494000,0,0,0,0,0,0,0,0,0,0,0
1249,2496000,0,0,0,0,0,0,0,0,0,0,0
1250,2498000,0,0,-20,0,0,0,0,0,0,0,0
1251,2500000,0,0,-20,0,0,0,0,0,0,0,0
1252,2502000,0,-20,0,0,0,0,0,0,0,0,0
1253,2504000,0,-20,0,0,0,0,0,0,0,0,0
1254,2506000,0,-20,0,0,0,0,0,0,0,0,0
1255,2508000,-20,0,0,0,0,0,0,0,0,0,0
1256,2510000,0,0,0,0,0,0,0,0,0,0,0
1257,2512000,-20,0,0,0,0,0,0,0,0,0,0
1258,2514000,0,0,-20,0,0,0,0,0,0,0,0
1259,2516000,0,0,-20,0,0,0,0,0,0,0,0
1260,2518000,0,0,-20,0,0,0,0,0,0,0,0
1261,2520000,0,0,0,0,0,0,0,0,0,0,0
1262,2522000,0,0,0,0,0,0,0,0,0,0,0
1263,2524000,0,-20,0,0,0,0,0,0,0,0,0
1264,2526000,0,0,0,0,0,0,0,0,0,0,0
1265,2528000,0,0,0,0,0,0,0,0,0,0,0
1266,2530000,-20,0,0,0,0,0,0,0,0,0,0
1267,2532000,-20,0,0,0,0,0,0,0,0,0,0
1268,2534000,0,0,0,0,0,0,0,0,0,0,0
1269,2536000,0,0,-20,0,0,0,0,0,0,0,0
1270,2538000,0,0,-20,0,0,0,0,0,0,0,0
1271,2540000,0,0,0,0,0,0,0,0,0,0,0
1272,2542000,0,0,0,0,0,0,0,0,0,0,0
1273,2544000,0,-20,0,0,0,0,0,0,0,0,0
1274,2546000,0,-20,0,0,0,0,0,0,0,0,0
1275,2548000,-20,0,0,0,0,0,0,0,0,0,0
1276,2550000,-20,0,0,0,0,0,0,0,0,0,0
1277,2552000,-20,0,0,0,0,0,0,0,0,0,0
1278,2554000,0,0,0,0,0,0,0,0,0,0,0
1279,2556000,0,0,-20,0,0,0,0,0,0,0,0
1280,2558000,0,0,-20,0,0,0,0,0,0,0,0
1281,2560000,0,-20,-20,0,0,0,0,0,0,0,0
1282,2562000,0,-20,0,0,0,0,0,0,0,0,0
1283,2564000,0,-20,0,0,0,0,0,0,0,0,0
1284,2566000,0,-20,0,0,0,0,0,0,0,0,0
1285,2568000,0,0,0,0,0,0,0,0,0,0,0
1286,2570000,-20,0,0,0,0,0,0,0,0,0,0
1287,2572000,-20,0,0,0,0,0,0,0,0,0,0
1288,2574000,0,0,0,0,0,0,0,0,0,0,0
1289,2576000,0,0,0,0,0,0,0,0,0,0,0
1290,2578000,0,0,0,0,0,0,0,0,0,0,0
1291,2580000,0,0,-20,0,0,0,0,0,0,0,0
1292,2582000,0,-20,0,0,0,0,0,0,0,0,0
1293,2584000,0,-20,0,0,0,0,0,0,0,0,0
1294,2586000,0,0,0,0,0,0,0,0,0,0,0
1295,2588000,0,0,0,0,0,0,0,0,0,0,0
1296,2590000,-20,0,0,0,0,0,0,0,0,0,0
1297,2592000,-20,0,0,0,0,0,0,0,0,0,0
1298,2594000,0,0,0,0,0,0,0,0,0,0,0
1299,2596000,0,0,-20,0,0,0,0,0,0,0,0
1300,2598000,0,0,-20,0,0,0,0,0,0,0,0
1301,2600000,0,-20,0,0,0,0,0,0,0,0,0
1302,2602000,0,-20,0,0,0,0,0,0,0,0,0
1303,2604000,0,-20,0,0,0,0,0,0,0,0,0
1304,2606000,0,0,0,0,0,0,0,0,0,0,0
1305,2608000,-20,0,0,0,0,0,0,0,0,0,0
1306,2610000,-20,0,0,0,0,0,0,0,0,0,0
1307,2612000,0,0,0,0,0,0,0,0,0,0,0
1308,2614000,0,0,-20,0,0,0,0,0,0,0,0
1309,2616000,0,0,-20,0,0,0,0,0,0,0,0
1310,2618000,0,0,-20,0,0,0,0,0,0,0,0
1311,2620000,0,0,0,0,0,0,0,0,0,0,0
1312,2622000,0,-20,0,0,0,0,0,0,0,0,0
1313,2624000,0,-20,0,0,0,0,0,0,0,0,0
1314,2626000,0,0,0,0,0,0,0,0,0,0,0
1315,2628000,0,0,0,0,0,0,0,0,0,0,0
1316,2630000,-20,0,0,0,0,0,0,0,0,0,0
1317,2632000,-20,0,0,0,0,0,0,0,0,0,0
1318,2634000,0,0,-20,0,0,0,0,0,0,0,0
1319,2636000,0,0,-20,0,0,0,0,0,0,0,0
1320,2638000,0,0,-20,0,0,0,0,0,0,0,0
1321,2640000,0,0,-20,0,0,0,0,0,0,0,0
1322,2642000,0,-20,0,0,0,0,0,0,0,0,0
1323,2644000,0,0,0,0,0,0,0,0,0,0,0
1324,2646000,0,0,0,0,0,0,0,0,0,0,0
1325,2648000,-20,0,0,0,0,0,0,0,0,0,0
1326,2650000,-20,0,0,0,0,0,0,0,0,0,0
1327,2652000,-20,0,0,0,0,0,0,0,0,0,0
1328,2654000,0,0,-20,0,0,0,0,0,0,0,0
1329,2656000,0,0,-20,0,0,0,0,0,0,0,0
1330,2658000,0,0,0,0,0,0,0,0,0,0,0
1331,2660000,0,0,0,0,0,0,0,0,0,0,0
1332,2662000,0,-20,0,0,0,0,0,0,0,0,0
1333,2664000,0,-20,0,0,0,0,0,0,0,0,0
1334,2666000,0,0,0,0,0,0,0,0,0,0,0
1335,2668000,-20,0,0,0,0,0,0,0,0,0,0
1336,2670000,-20,0,0,0,0,0,0,0,0,0,0
1337,2672000,-20,0,0,0,0,0,0,0,0,0,0
1338,2674000,0,0,0,0,0,0,0,0,0,0,0
1339,2676000,0,0,-20,0,0,0,0,0,0,0,0
1340,2678000,0,0,-20,0,0,0,0,0,0,0,0
1341,2680000,0,0,-20,0,0,0,0,0,0,0,0
1342,2682000,0,0,0,0,0,0,0,0,0,0,0
1343,2684000,0,0,0,0,0,0,0,0,0,0,0
1344,2686000,0,-20,0,0,0,0,0,0,0,0,0
1345,2688000,-20,0,0,0,0,0,0,0,0,0,0
1346,2690000,-20,0,0,0,0,0,0,0,0,0,0
1347,2692000,0,0,0,0,0,0,0,0,0,0,0
1348,2694000,0,0,0,0,0,0,0,0,0,0,0
1349,2696000,0,0,-20,0,0,0,0,0,0,0,0
1350,2698000,0,0,-20,0,0,0,0,0,0,0,0
1351,2700000,0,0,0,0,0,0,0,0,0,0,0
1352,2702000,0,-20,0,0,0,0,0,0,0,0,0
1353,2704000,0,-20,0,0,0,0,0,0,0,0,0
1354,2706000,0,0,0,0,0,0,0,0,0,0,0
1355,2708000,0,0,0,0,0,0,0,0,0,0,0
1356,2710000,-20,0,0,0,0,0,0,0,0,0,0
1357,2712000,0,0,0,0,0,0,0,0,0,0,0
1358,2714000,0,0,0,0,0,0,0,0,0,0,0
1359,2716000,0,0,-20,0,0,0,0,0,0,0,0
1360,2718000,0,0,0,0,0,0,0,0,0,0,0
1361,2720000,0,0,-20,0,0,0,0,0,0,0,0
1362,2722000,0,-20,0,0,0,0,0,0,0,0,0
1363,2724000,0,0,0,0,0,0,0,0,0,0,0
1364,2726000,0,0,0,0,0,0,0,0,0,0,0
1365,2728000,0,0,0,0,0,0,0,0,0,0,0
1366,2730000,-20,0,0,0,0,0,0,0,0,0,0
1367,2732000,-20,0,0,0,0,0,0,0,0,0,0
1368,2734000,0,0,-20,0,0,0,0,0,0,0,0
1369,2736000,0,0,-20,0,0,0,0,0,0,0,0
1370,2738000,0,0,-20,0,0,0,0,0,0,0,0
1371,2740000,0,0,-20,0,0,0,0,0,0,0,0
1372,2742000,0,0,0,0,0,0,0,0,0,0,0
1373,2744000,0,0,0,0,0,0,0,0,0,0,0
1374,2746000,0,-20,0,0,0,0,0,0,0,0,0
1375,2748000,-20,0,0,0,0,0,0,0,0,0,0
1376,2750000,0,0,0,0,0,0,0,0,0,0,0
1377,2752000,0,0,0,0,0,0,0,0,0,0,0
1378,2754000,0,0,-20,0,0,0,0,0,0,0,0
1379,2756000,0,0,0,0,0,0,0,0,0,0,0
1380,2758000,0,0,-20,0,0,0,0,0,0,0,0
1381,2760000,0,0,0,0,0,0,0,0,0,0,0
1382,2762000,0,-20,0,0,0,0,0,0,0,0,0
1383,2764000,0,0,0,0,0,0,0,0,0,0,0
1384,2766000,0,0,0,0,0,0,0,0,0,0,0
1385,2768000,0,0,0,0,0,0,0,0,0,0,0
1386,2770000,0,0,0,0,0,0,0,0,0,0,0
1387,2772000,-20,0,0,0,0,0,0,0,0,0,0
1388,2774000,0,0,0,0,0,0,0,0,0,0,0
1389,2776000,0,0,-20,0,0,0,0,0,0,0,0
1390,2778000,0,0,-20,0,0,0,0,0,0,0,0
1391,2780000,0,-20,0,0,0,0,0,0,0,0,0
1392,2782000,0,-20,0,0,0,0,0,0,0,0,0
1393,2784000,0,0,0,0,0,0,0,0,0,0,0
1394,2786000,0,0,0,0,0,0,0,0,0,0,0
1395,2788000,-20,0,0,0,0,0,0,0,0,0,0
1396,2790000,-20,0,0,0,0,0,0,0,0,0,0
1397,2792000,-20,0,0,0,0,0,0,0,0,0,0
1398,2794000,0,0,-20,0,0,0,0,0,0,0,0
1399,2796000,0,0,0,0,0,0,0,0,0,0,0
1400,2798000,0,0,-20,0,0,0,0,0,0,0,0
1401,2800000,0,0,-20,0,0,0,0,0,0,0,0
1402,2802000,0,-20,0,0,0,0,0,0,0,0,0
1403,2804000,0,0,0,0,0,0,0,0,0,0,0
1404,2806000,0,0,0,0,0,0,0,0,0,0,0
1405,2808000,0,0,0,0,0,0,0,0,0,0,0
1406,2810000,-20,0,0,0,0,0,0,0,0,0,0
1407,2812000,-20,0,0,0,0,0,0,0,0,0,0
1408,2814000,0,0,-20,0,0,0,0,0,0,0,0
1409,2816000,0,0,-20,0,0,0,0,0,0,0,0
1410,2818000,0,0,-20,0,0,0,0,0,0,0,0
1411,2820000,0,0,-20,0,0,0,0,0,0,0,0
1412,2822000,0,-20,0,0,0,0,0,0,0,0,0
1413,2824000,0,-20,0,0,0,0,0,0,0,0,0
1414,2826000,0,0,0,0,0,0,0,0,0,0,0
1415,2828000,-20,0,0,0,0,0,0,0,0,0,0
1416,2830000,-20,0,0,0,0,0,0,0,0,0,0
1417,2832000,-20,0,0,0,0,0,0,0,0,0,0
1418,2834000,0,0,0,0,0,0,0,0,0,0,0
1419,2836000,0,0,-20,0,0,0,0,0,0,0,0
1420,2838000,0,0,-20,0,0,0,0,0,0,0,0
1421,2840000,0,0,0,0,0,0,0,0,0,0,0
1422,2842000,0,-20,0,0,0,0,0,0,0,0,0
1423,2844000,0,-20,0,0,0,0,0,0,0,0,0
1424,2846000,0,-20,0,0,0,0,0,0,0,0,0
1425,2848000,0,0,0,0,0,0,0,0,0,0,0
1426,2850000,-20,0,0,0,0,0,0,0,0,0,0
1427,2852000,-20,0,0,0,0,0,0,0,0,0,0
1428,2854000,0,0,-20,0,0,0,0,0,0,0,0
1429,2856000,0,0,-20,0,0,0,0,0,0,0,0
1430,2858000,0,0,-20,0,0,0,0,0,0,0,0
1431,2860000,0,0,0,0,0,0,0,0,0,0,0
1432,2862000,0,-20,0,0,0,0,0,0,0,0,0
1433,2864000,0,-20,0,0,0,0,0,0,0,0,0
1434,2866000,0,-20,0,0,0,0,0,0,0,0,0
1435,2868000,0,0,0,0,0,0,0,0,0,0,0
1436,2870000,-20,0,0,0,0,0,0,0,0,0,0
1437,2872000,-20,0,0,0,0,0,0,0,0,0,0
1438,2874000,0,0,0,0,0,0,0,0,0,0,0
1439,2876000,0,0,-20,0,0,0,0,0,0,0,0
1440,2878000,0,0,-20,0,0,0,0,0,0,0,0
1441,2880000,0,0,0,0,0,0,0,0,0,0,0
1442,2882000,0,-20,0,0,0,0,0,0,0,0,0
1443,2884000,0,-20,0,0,0,0,0,0,0,0,0
1444,2886000,0,0,0,0,0,0,0,0,0,0,0
1445,2888000,-20,0,0,0,0,0,0,0,0,0,0
1446,2890000,-20,0,0,0,0,0,0,0,0,0,0
1447,2892000,-20,0,0,0,0,0,0,0,0,0,0
1448,2894000,0,0,0,0,0,0,0,0,0,0,0
1449,2896000,0,0,0,0,0,0,0,0,0,0,0
1450,2898000,0,0,-20,0,0,0,0,0,0,0,0
1451,2900000,0,0,0,0,0,0,0,0,0,0,0
1452,2902000,0,0,0,0,0,0,0,0,0,0,0
1453,2904000,0,-20,0,0,0,0,0,0,0,0,0
1454,2906000,0,-20,0,0,0,0,0,0,0,0,0
1455,2908000,0,0,0,0,0,0,0,0,0,0,0
1456,2910000,0,0,0,0,0,0,0,0,0,0,0
1457,2912000,0,0,0,0,0,0,0,0,0,0,0
1458,2914000,0,0,0,0,0,0,0,0,0,0,0
1459,2916000,0,0,-20,0,0,0,0,0,0,0,0
1460,2918000,0,0,-20,0,0,0,0,0,0,0,0
1461,2920000,0,0,0,0,0,0,0,0,0,0,0
1462,2922000,0,-20,0,0,0,0,0,0,0,0,0
1463,2924000,0,-20,0,0,0,0,0,0,0,0,0
1464,2926000,0,0,0,0,0,0,0,0,0,0,0
1465,2928000,-20,0,0,0,0,0,0,0,0,0,0
1466,2930000,0,0,0,0,0,0,0,0,0,0,0
1467,2932000,0,0,0,0,0,0,0,0,0,0,0
1468,2934000,0,0,0,0,0,0,0,0,0,0,0
1469,2936000,0,0,0,0,0,0,0,0,0,0,0
1470,2938000,0,0,-20,0,0,0,0,0,0,0,0
1471,2940000,0,0,0,0,0,0,0,0,0,0,0
1472,2942000,0,-20,0,0,0,0,0,0,0,0,0
1473,2944000,0,-20,0,0,0,0,0,0,0,0,0
1474,2946000,0,-20,0,0,0,0,0,0,0,0,0
1475,2948000,-20,0,0,0,0,0,0,0,0,0,0
1476,2950000,-20,0,0,0,0,0,0,0,0,0,0
1477,2952000,0,0,0,0,0,0,0,0,0,0,0
1478,2954000,0,0,0,0,0,0,0,0,0,0,0
1479,2956000,0,0,-20,0,0,0,0,0,0,0,0
1480,2958000,0,0,-20,0,0,0,0,0,0,0,0
1481,2960000,0,0,0,0,0,0,0,0,0,0,0
1482,2962000,0,-20,0,0,0,0,0,0,0,0,0
1483,2964000,0,0,0,0,0,0,0,0,0,0,0
1484,2966000,0,0,0,0,0,0,0,0,0,0,0
1485,2968000,0,0,0,0,0,0,0,0,0,0,0
1486,2970000,-20,0,0,0,0,0,0,0,0,0,0
1487,2972000,0,0,0,0,0,0,0,0,0,0,0
1488,2974000,-20,0,0,0,0,0,0,0,0,0,0
1489,2976000,0,0,-20,0,0,0,0,0,0,0,0
1490,2978000,0,0,-20,0,0,0,0,0,0,0,0
1491,2980000,0,0,0,0,0,0,0,0,0,0,0
1492,2982000,0,-20,0,0,0,0,0,0,0,0,0
1493,2984000,0,-20,0,0,0,0,0,0,0,0,0
1494,2986000,0,0,0,0,0,0,0,0,0,0,0
1495,2988000,-20,0,0,0,0,0,0,0,0,0,0
1496,2990000,-20,0,0,0,0,0,0,0,0,0,0
1497,2992000,0,0,0,0,0,0,0,0,0,0,0
1498,2994000,0,0,0,0,0,0,0,0,0,0,0
1499,2996000,0,0,-20,0,0,0,0,0,0,0,0
1500,2998000,0,0,-20,0,0,0,0,0,0,0,0
1501,3000000,0,0,-20,0,0,0,0,0,0,0,0
1502,3002000,0,0,0,0,0,0,0,0,0,0,0
1503,3004000,0,-20,0,0,0,0,0,0,0,0,0
1504,3006000,0,-20,0,0,0,0,0,0,0,0,0
1505,3008000,0,0,0,0,0,0,0,0,0,0,0
1506,3010000,-20,0,0,0,0,0,0,0,0,0,0
1507,3012000,0,0,0,0,0,0,0,0,0,0,0
1508,3014000,0,0,0,0,0,0,0,0,0,0,0
1509,3016000,0,0,-20,0,0,0,0,0,0,0,0
1510,3018000,0,0,0,0,0,0,0,0,0,0,0
1511,3020000,0,0,0,0,0,0,0,0,0,0,0
1512,3022000,0,0,0,0,0,0,0,0,0,0,0
1513,3024000,0,-20,0,0,0,0,0,0,0,0,0
1514,3026000,0,0,0,0,0,0,0,0,0,0,0
1515,3028000,0,0,0,0,0,0,0,0,0,0,0
1516,3030000,-20,0,0,0,0,0,0,0,0,0,0
1517,3032000,-20,0,0,0,0,0,0,0,0,0,0
1518,3034000,0,0,-20,0,0,0,0,0,0,0,0
1519,3036000,0,0,-20,0,0,0,0,0,0,0,0
1520,3038000,0,0,-20,0,0,0,0,0,0,0,0
1521,3040000,0,0,0,0,0,0,0,0,0,0,0
1522,3042000,0,-20,0,0,0,0,0,0,0,0,0
1523,3044000,0,-20,0,0,0,0,0,0,0,0,0
1524,3046000,0,0,0,0,0,0,0,0,0,0,0
1525,3048000,0,0,0,0,0,0,0,0,0,0,0
1526,3050000,-20,0,0,0,0,0,0,0,0,0,0
1527,3052000,0,0,0,0,0,0,0,0,0,0,0
1528,3054000,0,0,0,0,0,0,0,0,0,0,0
1529,3056000,0,0,-20,0,0,0,0,0,0,0,0
1530,3058000,0,0,-20,0,0,0,0,0,0,0,0
1531,3060000,0,0,-20,0,0,0,0,0,0,0,0
1532,3062000,0,-20,0,0,0,0,0,0,0,0,0
1533,3064000,0,-20,0,0,0,0,0,0,0,0,0
1534,3066000,0,-20,0,0,0,0,0,0,0,0,0
1535,3068000,0,0,0,0,0,0,0,0,0,0,0
1536,3070000,-20,0,0,0,0,0,0,0,0,0,0
1537,3072000,-20,0,0,0,0,0,0,0,0,0,0
1538,3074000,-20,0,0,0,0,0,0,0,0,0,0
1539,3076000,0,0,-20,0,0,0,0,0,0,0,0
1540,3078000,0,0,-20,0,0,0,0,0,0,0,0
1541,3080000,0,0,-20,0,0,0,0,0,0,0,0
1542,3082000,0,-20,0,0,0,0,0,0,0,0,0
1543,3084000,0,-20,0,0,0,0,0,0,0,0,0
1544,3086000,0,-20,0,0,0,0,0,0,0,0,0
1545,3088000,-20,0,0,0,0,0,0,0,0,0,0
1546,3090000,-20,0,0,0,0,0,0,0,0,0,0
1547,3092000,0,0,0,0,0,0,0,0,0,0,0
1548,3094000,0,0,0,0,0,0,0,0,0,0,0
1549,3096000,0,0,-20,0,0,0,0,0,0,0,0
1550,3098000,0,0,0,0,0,0,0,0,0,0,0
1551,3100000,0,0,0,0,0,0,0,0,0,0,0
1552,3102000,0,-20,0,0,0,0,0,0,0,0,0
1553,3104000,0,-20,0,0,0,0,0,0,0,0,0
1554,3106000,0,0,0,0,0,0,0,0,0,0,0
1555,3108000,-20,0,0,0,0,0,0,0,0,0,0
1556,3110000,0,0,0,0,0,0,0,0,0,0,0
1557,3112000,0,0,0,0,0,0,0,0,0,0,0
1558,3114000,0,0,0,0,0,0,0,0,0,0,0
1559,3116000,0,0,0,0,0,0,0,0,0,0,0
1560,3118000,0,0,-20,0,0,0,0,0,0,0,0
1561,3120000,0,0,0,0,0,0,0,0,0,0,0
1562,3122000,0,-20,0,0,0,0,0,0,0,0,0
1563,3124000,0,-20,0,0,0,0,0,0,0,0,0
1564,3126000,0,0,0,0,0,0,0,0,0,0,0
1565,3128000,0,0,0,0,0,0,0,0,0,0,0
1566,3130000,-20,0,0,0,0,0,0,0,0,0,0
1567,3132000,-20,0,0,0,0,0,0,0,0,0,0
1568,3134000,0,0,-20,0,0,0,0,0,0,0,0
1569,3136000,0,0,-20,0,0,0,0,0,0,0,0
1570,3138000,0,0,-20,0,0,0,0,0,0,0,0
1571,3140000,0,0,0,0,0,0,0,0,0,0,0
1572,3142000,0,-20,0,0,0,0,0,0,0,0,0
1573,3144000,0,-20,0,0,0,0,0,0,0,0,0
1574,3146000,0,-20,0,0,0,0,0,0,0,0,0
1575,3148000,-20,0,0,0,0,0,0,0,0,0,0
1576,3150000,-20,0,0,0,0,0,0,0,0,0,0
1577,3152000,-20,0,0,0,0,0,0,0,0,0,0
1578,3154000,0,0,-20,0,0,0,0,0,0,0,0
1579,3156000,0,0,-20,0,0,0,0,0,0,0,0
1580,3158000,0,0,-20,0,0,0,0,0,0,0,0
1581,3160000,0,0,-20,0,0,0,0,0,0,0,0
1582,3162000,0,-20,0,0,0,0,0,0,0,0,0
1583,3164000,0,0,0,0,0,0,0,0,0,0,0
1584,3166000,0,0,0,0,0,0,0,0,0,0,0
1585,3168000,-20,0,0,0,0,0,0,0,0,0,0
1586,3170000,-20,0,0,0,0,0,0,0,0,0,0
1587,3172000,-20,0,0,0,0,0,0,0,0,0,0
1588,3174000,0,0,0,0,0,0,0,0,0,0,0
1589,3176000,0,0,-20,0,0,0,0,0,0,0,0
1590,3178000,0,0,0,0,0,0,0,0,0,0,0
1591,3180000,0,0,0,0,0,0,0,0,0,0,0
1592,3182000,0,0,0,0,0,0,0,0,0,0,0
1593,3184000,0,-20,0,0,0,0,0,0,0,0,0
1594,3186000,0,-20,0,0,0,0,0,0,0,0,0
1595,3188000,-20,0,0,0,0,0,0,0,0,0,0
1596,3190000,-20,0,0,0,0,0,0,0,0,0,0
1597,3192000,0,0,0,0,0,0,0,0,0,0,0
1598,3194000,0,0,-20,0,0,0,0,0,0,0,0
1599,3196000,0,0,-20,0,0,0,0,0,0,0,0
1600,3198000,0,0,-20,0,0,0,0,0,0,0,0
1601,3200000,0,0,0,0,0,0,0,0,0,0,0
1602,3202000,0,-20,0,0,0,0,0,0,0,0,0
1603,3204000,0,-20,0,0,0,0,0,0,0,0,0
1604,3206000,0,-20,0,0,0,0,0,0,0,0,0
1605,3208000,-20,0,0,0,0,0,0,0,0,0,0
1606,3210000,0,0,0,0,0,0,0,0,0,0,0
1607,3212000,-20,0,0,0,0,0,0,0,0,0,0
1608,3214000,0,0,0,0,0,0,0,0,0,0,0
1609,3216000,0,0,-20,0,0,0,0,0,0,0,0
1610,3218000,0,0,-20,0,0,0,0,0,0,0,0
1611,3220000,0,0,0,0,0,0,0,0,0,0,0
1612,3222000,0,-20,0,0,0,0,0,0,0,0,0
1613,3224000,0,0,0,0,0,0,0,0,0,0,0
1614,3226000,0,-20,0,0,0,0,0,0,0,0,0
1615,3228000,0,0,0,0,0,0,0,0,0,0,0
1616,3230000,-20,0,0,0,0,0,0,0,0,0,0
1617,3232000,-20,0,0,0,0,0,0,0,0,0,0
1618,3234000,0,0,0,0,0,0,0,0,0,0,0
1619,3236000,0,0,-20,0,0,0,0,0,0,0,0
1620,3238000,0,0,-20,0,0,0,0,0,0,0,0
1621,3240000,0,-20,-20,0,0,0,0,0,0,0,0
1622,3242000,0,-20,0,0,0,0,0,0,0,0,0
1623,3244000,0,-20,0,0,0,0,0,0,0,0,0
1624,3246000,0,0,0,0,0,0,0,0,0,0,0
1625,3248000,-20,0,0,0,0,0,0,0,0,0,0
1626,3250000,-20,0,0,0,0,0,0,0,0,0,0
1627,3252000,-20,0,0,0,0,0,0,0,0,0,0
1628,3254000,0,0,-20,0,0,0,0,0,0,0,0
1629,3256000,0,0,0,0,0,0,0,0,0,0,0
1630,3258000,0,0,-20,0,0,0,0,0,0,0,0
1631,3260000,0,0,0,0,0,0,0,0,0,0,0
1632,3262000,0,-20,0,0,0,0,0,0,0,0,0
1633,3264000,0,-20,0,0,0,0,0,0,0,0,0
1634,3266000,0,-20,0,0,0,0,0,0,0,0,0
1635,3268000,0,0,0,0,0,0,0,0,0,0,0
1636,3270000,-20,0,0,0,0,0,0,0,0,0,0
1637,3272000,-20,0,0,0,0,0,0,0,0,0,0
1638,3274000,0,0,0,0,0,0,0,0,0,0,0
1639,3276000,0,0,-20,0,0,0,0,0,0,0,0
1640,3278000,0,0,-20,0,0,0,0,0,0,0,0
1641,3280000,0,0,0,0,0,0,0,0,0,0,0
1642,3282000,0,0,0,0,0,0,0,0,0,0,0
1643,3284000,0,-20,0,0,0,0,0,0,0,0,0
1644,3286000,0,0,0,0,0,0,0,0,0,0,0
1645,3288000,0,0,0,0,0,0,0,0,0,0,0
1646,3290000,-20,0,0,0,0,0,0,0,0,0,0
1647,3292000,-20,0,0,0,0,0,0,0,0,0,0
1648,3294000,-20,0,-20,0,0,0,0,0,0,0,0
1649,3296000,0,0,-20,0,0,0,0,0,0,0,0
1650,3298000,0,0,-20,0,0,0,0,0,0,0,0
1651,3300000,0,0,0,0,0,0,0,0,0,0,0
1652,3302000,0,-20,0,0,0,0,0,0,0,0,0
1653,3304000,0,-20,0,0,0,0,0,0,0,0,0
1654,3306000,0,-20,0,0,0,0,0,0,0,0,0
1655,3308000,0,0,0,0,0,0,0,0,0,0,0
1656,3310000,0,0,0,0,0,0,0,0,0,0,0
1657,3312000,-20,0,0,0,0,0,0,0,0,0,0
1658,3314000,0,0,-20,0,0,0,0,0,0,0,0
1659,3316000,0,0,0,0,0,0,0,0,0,0,0
1660,3318000,0,0,-20,0,0,0,0,0,0,0,0
1661,3320000,0,0,0,0,0,0,0,0,0,0,0
1662,3322000,0,-20,0,0,0,0,0,0,0,0,0
1663,3324000,0,-20,0,0,0,0,0,0,0,0,0
1664,3326000,0,0,0,0,0,0,0,0,0,0,0
1665,3328000,-20,0,0,0,0,0,0,0,0,0,0
1666,3330000,0,0,0,0,0,0,0,0,0,0,0
1667,3332000,-20,0,0,0,0,0,0,0,0,0,0
1668,3334000,-20,0,0,0,0,0,0,0,0,0,0
1669,3336000,0,0,-20,0,0,0,0,0,0,0,0
1670,3338000,0,0,-20,0,0,0,0,0,0,0,0
1671,3340000,0,0,-20,0,0,0,0,0,0,0,0
1672,3342000,0,-20,0,0,0,0,0,0,0,0,0
1673,3344000,0,-20,0,0,0,0,0,0,0,0,0
1674,3346000,0,0,0,0,0,0,0,0,0,0,0
1675,3348000,0,0,0,0,0,0,0,0,0,0,0
1676,3350000,-20,0,0,0,0,0,0,0,0,0,0
1677,3352000,-20,0,0,0,0,0,0,0,0,0,0
1678,3354000,-20,0,0,0,0,0,0,0,0,0,0
1679,3356000,0,0,-20,0,0,0,0,0,0,0,0
1680,3358000,0,0,-20,0,0,0,0,0,0,0,0
1681,3360000,0,0,-20,0,0,0,0,0,0,0,0
1682,3362000,0,-20,0,0,0,0,0,0,0,0,0
1683,3364000,0,0,0,0,0,0,0,0,0,0,0
1684,3366000,0,0,0,0,0,0,0,0,0,0,0
1685,3368000,-20,0,0,0,0,0,0,0,0,0,0
1686,3370000,0,0,0,0,0,0,0,0,0,0,0
1687,3372000,-20,0,0,0,0,0,0,0,0,0,0
1688,3374000,0,0,0,0,0,0,0,0,0,0,0
1689,3376000,0,0,-20,0,0,0,0,0,0,0,0
1690,3378000,0,0,-20,0,0,0,0,0,0,0,0
1691,3380000,0,0,0,0,0,0,0,0,0,0,0
1692,3382000,0,-20,0,0,0,0,0,0,0,0,0
1693,3384000,0,-20,0,0,0,0,0,0,0,0,0
1694,3386000,0,0,0,0,0,0,0,0,0,0,0
1695,3388000,-20,0,0,0,0,0,0,0,0,0,0
1696,3390000,0,0,0,0,0,0,0,0,0,0,0
1697,3392000,-20,0,0,0,0,0,0,0,0,0,0
1698,3394000,-20,0,0,0,0,0,0,0,0,0,0
1699,3396000,0,0,-20,0,0,0,0,0,0,0,0
1700,3398000,0,0,0,0,0,0,0,0,0,0,0
1701,3400000,0,0,0,0,0,0,0,0,0,0,0
1702,3402000,0,-20,0,0,0,0,0,0,0,0,0
1703,3404000,0,-20,0,0,0,0,0,0,0,0,0
1704,3406000,0,-20,0,0,0,0,0,0,0,0,0
1705,3408000,0,0,0,0,0,0,0,0,0,0,0
1706,3410000,-20,0,0,0,0,0,0,0,0,0,0
1707,3412000,-20,0,0,0,0,0,0,0,0,0,0
1708,3414000,0,0,-20,0,0,0,0,0,0,0,0
1709,3416000,0,0,-20,0,0,0,0,0,0,0,0
1710,3418000,0,0,0,0,0,0,0,0,0,0,0
1711,3420000,0,0,0,0,0,0,0,0,0,0,0
1712,3422000,0,0,0,0,0,0,0,0,0,0,0
1713,3424000,0,-20,0,0,0,0,0,0,0,0,0
1714,3426000,0,0,0,0,0,0,0,0,0,0,0
1715,3428000,0,0,0,0,0,0,0,0,0,0,0
1716,3430000,-20,0,0,0,0,0,0,0,0,0,0
1717,3432000,-20,0,0,0,0,0,0,0,0,0,0
1718,3434000,0,0,0,0,0,0,0,0,0,0,0
1719,3436000,0,0,0,0,0,0,0,0,0,0,0
1720,3438000,0,0,0,0,0,0,0,0,0,0,0
1721,3440000,0,0,-20,0,0,0,0,0,0,0,0
1722,3442000,0,-20,0,0,0,0,0,0,0,0,0
1723,3444000,0,-20,0,0,0,0,0,0,0,0,0
1724,3446000,0,-20,0,0,0,0,0,0,0,0,0
1725,3448000,0,0,0,0,0,0,0,0,0,0,0
1726,3450000,-20,0,0,0,0,0,0,0,0,0,0
1727,3452000,-20,0,0,0,0,0,0,0,0,0,0
1728,3454000,0,0,-20,0,0,0,0,0,0,0,0
1729,3456000,0,0,-20,0,0,0,0,0,0,0,0
1730,3458000,0,0,-20,0,0,0,0,0,0,0,0
1731,3460000,0,-20,0,0,0,0,0,0,0,0,0
1732,3462000,0,-20,0,0,0,0,0,0,0,0,0
1733,3464000,0,-20,0,0,0,0,0,0,0,0,0
1734,3466000,0,-20,0,0,0,0,0,0,0,0,0
1735,3468000,0,0,0,0,0,0,0,0,0,0,0
1736,3470000,0,0,0,0,0,0,0,0,0,0,0
1737,3472000,-20,0,0,0,0,0,0,0,0,0,0
1738,3474000,0,0,0,0,0,0,0,0,0,0,0
1739,3476000,0,0,-20,0,0,0,0,0,0,0,0
1740,3478000,0,0,-20,0,0,0,0,0,0,0,0
1741,3480000,0,0,-20,0,0,0,0,0,0,0,0
1742,3482000,0,-20,0,0,0,0,0,0,0,0,0
1743,3484000,0,-20,0,0,0,0,0,0,0,0,0
1744,3486000,0,-20,0,0,0,0,0,0,0,0,0
1745,3488000,0,0,0,0,0,0,0,0,0,0,0
1746,3490000,-20,0,0,0,0,0,0,0,0,0,0
1747,3492000,-20,0,0,0,0,0,0,0,0,0,0
1748,3494000,-20,0,-20,0,0,0,0,0,0,0,0
1749,3496000,0,0,-20,0,0,0,0,0,0,0,0
1750,3498000,0,0,0,0,0,0,0,0,0,0,0
1751,3500000,0,0,-20,0,0,0,0,0,0,0,0
1752,3502000,0,-20,0,0,0,0,0,0,0,0,0
1753,3504000,0,-20,0,0,0,0,0,0,0,0,0
1754,3506000,0,-20,0,0,0,0,0,0,0,0,0
1755,3508000,0,0,0,0,0,0,0,0,0,0,0
1756,3510000,0,0,0,0,0,0,0,0,0,0,0
1757,3512000,-20,0,0,0,0,0,0,0,0,0,0
1758,3514000,-20,0,-20,0,0,0,0,0,0,0,0
1759,3516000,0,0,-20,0,0,0,0,0,0,0,0
1760,3518000,0,0,-20,0,0,0,0,0,0,0,0
1761,3520000,0,0,-20,0,0,0,0,0,0,0,0
1762,3522000,0,-20,0,0,0,0,0,0,0,0,0
1763,3524000,0,-20,0,0,0,0,0,0,0,0,0
1764,3526000,0,-20,0,0,0,0,0,0,0,0,0
1765,3528000,0,0,0,0,0,0,0,0,0,0,0
1766,3530000,-20,0,0,0,0,0,0,0,0,0,0
1767,3532000,0,0,0,0,0,0,0,0,0,0,0
1768,3534000,0,0,0,0,0,0,0,0,0,0,0
1769,3536000,0,0,-20,0,0,0,0,0,0,0,0
1770,3538000,0,0,-20,0,0,0,0,0,0,0,0
1771,3540000,0,0,0,0,0,0,0,0,0,0,0
1772,3542000,0,-20,0,0,0,0,0,0,0,0,0
1773,3544000,0,-20,0,0,0,0,0,0,0,0,0
1774,3546000,0,0,0,0,0,0,0,0,0,0,0
1775,3548000,0,0,0,0,0,0,0,0,0,0,0
1776,3550000,0,0,0,0,0,0,0,0,0,0,0
1777,3552000,-20,0,0,0,0,0,0,0,0,0,0
1778,3554000,0,0,-20,0,0,0,0,0,0,0,0
1779,3556000,0,0,-20,0,0,0,0,0,0,0,0
1780,3558000,0,0,-20,0,0,0,0,0,0,0,0
1781,3560000,0,0,0,0,0,0,0,0,0,0,0
1782,3562000,0,-20,0,0,0,0,0,0,0,0,0
1783,3564000,0,-20,0,0,0,0,0,0,0,0,0
1784,3566000,0,0,0,0,0,0,0,0,0,0,0
1785,3568000,0,0,0,0,0,0,0,0,0,0,0
1786,3570000,-20,0,0,0,0,0,0,0,0,0,0
1787,3572000,-40,0,0,0,0,0,0,0,0,0,0
1788,3574000,0,0,-20,0,0,0,0,0,0,0,0
1789,3576000,0,0,-20,0,0,0,0,0,0,0,0
1790,3578000,0,0,-20,0,0,0,0,0,0,0,0
1791,3580000,0,0,0,0,0,0,0,0,0,0,0
1792,3582000,0,0,0,0,0,0,0,0,0,0,0
1793,3584000,0,-20,0,0,0,0,0,0,0,0,0
1794,3586000,0,-20,0,0,0,0,0,0,0,0,0
1795,3588000,0,0,0,0,0,0,0,0,0,0,0
1796,3590000,-20,0,0,0,0,0,0,0,0,0,0
1797,3592000,0,0,0,0,0,0,0,0,0,0,0
1798,3594000,0,0,0,0,0,0,0,0,0,0,0
1799,3596000,0,0,-20,0,0,0,0,0,0,0,0
1800,3598000,0,0,-20,0,0,0,0,0,0,0,0
1801,3600000,0,0,0,0,0,0,0,0,0,0,0
1802,3602000,0,-20,0,0,0,0,0,0,0,0,0
1803,3604000,0,-20,0,0,0,0,0,0,0,0,0
1804,3606000,0,-20,0,0,0,0,0,0,0,0,0
1805,3608000,0,0,0,0,0,0,0,0,0,0,0
1806,3610000,-20,0,0,0,0,0,0,0,0,0,0
1807,3612000,-20,0,0,0,0,0,0,0,0,0,0
1808,3614000,-20,0,0,0,0,0,0,0,0,0,0
1809,3616000,0,0,-20,0,0,0,0,0,0,0,0
1810,3618000,0,0,-20,0,0,0,0,0,0,0,0
1811,3620000,0,0,0,0,0,0,0,0,0,0,0
1812,3622000,0,0,0,0,0,0,0,0,0,0,0
1813,3624000,0,-20,0,0,0,0,0,0,0,0,0
1814,3626000,0,-20,0,0,0,0,0,0,0,0,0
1815,3628000,0,0,0,0,0,0,0,0,0,0,0
1816,3630000,-20,0,0,0,0,0,0,0,0,0,0
1817,3632000,-20,0,0,0,0,0,0,0,0,0,0
1818,3634000,-20,0,-20,0,0,0,0,0,0,0,0
1819,3636000,0,0,-20,0,0,0,0,0,0,0,0
1820,3638000,0,0,-20,0,0,0,0,0,0,0,0
1821,3640000,0,0,-20,0,0,0,0,0,0,0,0
1822,3642000,0,-20,0,0,0,0,0,0,0,0,0
1823,3644000,0,-20,0,0,0,0,0,0,0,0,0
1824,3646000,0,-20,0,0,0,0,0,0,0,0,0
1825,3648000,-20,0,0,0,0,0,0,0,0,0,0
1826,3650000,-20,0,0,0,0,0,0,0,0,0,0
1827,3652000,0,0,0,0,0,0,0,0,0,0,0
1828,3654000,-20,0,0,0,0,0,0,0,0,0,0
1829,3656000,0,0,-20,0,0,0,0,0,0,0,0
1830,3658000,0,0,-20,0,0,0,0,0,0,0,0
1831,3660000,0,0,0,0,0,0,0,0,0,0,0
1832,3662000,0,-20,0,0,0,0,0,0,0,0,0
1833,3664000,0,-20,0,0,0,0,0,0,0,0,0
1834,3666000,0,-20,0,0,0,0,0,0,0,0,0
1835,3668000,0,0,0,0,0,0,0,0,0,0,0
1836,3670000,-20,0,0,0,0,0,0,0,0,0,0
1837,3672000,-20,0,0,0,0,0,0,0,0,0,0
1838,3674000,0,0,0,0,0,0,0,0,0,0,0
1839,3676000,0,0,-20,0,0,0,0,0,0,0,0
1840,3678000,0,0,-20,0,0,0,0,0,0,0,0
1841,3680000,0,0,-20,0,0,0,0,0,0,0,0
1842,3682000,0,-20,0,0,0,0,0,0,0,0,0
1843,3684000,0,-20,0,0,0,0,0,0,0,0,0
1844,3686000,0,0,0,0,0,0,0,0,0,0,0
1845,3688000,-20,0,0,0,0,0,0,0,0,0,0
1846,3690000,-20,0,0,0,0,0,0,0,0,0,0
1847,3692000,-20,0,0,0,0,0,0,0,0,0,0
1848,3694000,0,0,0,0,0,0,0,0,0,0,0
1849,3696000,0,0,-20,0,0,0,0,0,0,0,0
1850,3698000,0,0,-20,0,0,0,0,0,0,0,0
1851,3700000,0,0,0,0,0,0,0,0,0,0,0
1852,3702000,0,-20,0,0,0,0,0,0,0,0,0
1853,3704000,0,-20,0,0,0,0,0,0,0,0,0
1854,3706000,0,-20,0,0,0,0,0,0,0,0,0
1855,3708000,0,0,0,0,0,0,0,0,0,0,0
1856,3710000,0,0,0,0,0,0,0,0,0,0,0
1857,3712000,-20,0,0,0,0,0,0,0,0,0,0
1858,3714000,0,0,-20,0,0,0,0,0,0,0,0
1859,3716000,0,0,0,0,0,0,0,0,0,0,0
1860,3718000,0,0,-20,0,0,0,0,0,0,0,0
1861,3720000,0,0,0,0,0,0,0,0,0,0,0
1862,3722000,0,0,0,0,0,0,0,0,0,0,0
1863,3724000,0,-20,0,0,0,0,0,0,0,0,0
1864,3726000,0,-20,0,0,0,0,0,0,0,0,0
1865,3728000,0,0,0,0,0,0,0,0,0,0,0
1866,3730000,-20,0,0,0,0,0,0,0,0,0,0
1867,3732000,-20,0,0,0,0,0,0,0,0,0,0
1868,3734000,0,0,0,0,0,0,0,0,0,0,0
1869,3736000,0,0,-20,0,0,0,0,0,0,0,0
1870,3738000,0,0,-20,0,0,0,0,0,0,0,0
1871,3740000,0,0,0,0,0,0,0,0,0,0,0
1872,3742000,0,-20,0,0,0,0,0,0,0,0,0
1873,3744000,0,-20,0,0,0,0,0,0,0,0,0
1874,3746000,0,-20,0,0,0,0,0,0,0,0,0
1875,3748000,0,0,0,0,0,0,0,0,0,0,0
1876,3750000,-20,0,0,0,0,0,0,0,0,0,0
1877,3752000,-20,0,0,0,0,0,0,0,0,0,0
1878,3754000,0,0,0,0,0,0,0,0,0,0,0
1879,3756000,0,0,-20,0,0,0,0,0,0,0,0
1880,3758000,0,0,-20,0,0,0,0,0,0,0,0
1881,3760000,0,0,0,0,0,0,0,0,0,0,0
1882,3762000,0,-20,0,0,0,0,0,0,0,0,0
1883,3764000,0,-20,0,0,0,0,0,0,0,0,0
1884,3766000,0,-20,0,0,0,0,0,0,0,0,0
1885,3768000,0,0,0,0,0,0,0,0,0,0,0
1886,3770000,-20,0,0,0,0,0,0,0,0,0,0
1887,3772000,0,0,0,0,0,0,0,0,0,0,0
1888,3774000,-20,0,0,0,0,0,0,0,0,0,0
1889,3776000,0,0,0,0,0,0,0,0,0,0,0
1890,3778000,0,0,-20,0,0,0,0,0,0,0,0
1891,3780000,0,0,0,0,0,0,0,0,0,0,0
1892,3782000,0,0,0,0,0,0,0,0,0,0,0
1893,3784000,0,-20,0,0,0,0,0,0,0,0,0
1894,3786000,0,-20,0,0,0,0,0,0,0,0,0
1895,3788000,0,0,0,0,0,0,0,0,0,0,0
1896,3790000,-20,0,0,0,0,0,0,0,0,0,0
1897,3792000,-20,0,0,0,0,0,0,0,0,0,0
1898,3794000,-20,0,-20,0,0,0,0,0,0,0,0
1899,3796000,0,0,-20,0,0,0,0,0,0,0,0
1900,3798000,0,0,0,0,0,0,0,0,0,0,0
1901,3800000,0,0,0,0,0,0,0,0,0,0,0
1902,3802000,0,-20,0,0,0,0,0,0,0,0,0
1903,3804000,0,0,0,0,0,0,0,0,0,0,0
1904,3806000,0,0,0,0,0,0,0,0,0,0,0
1905,3808000,0,0,0,0,0,0,0,0,0,0,0
1906,3810000,-20,0,0,0,0,0,0,0,0,0,0
1907,3812000,-20,0,0,0,0,0,0,0,0,0,0
1908,3814000,0,0,0,0,0,0,0,0,0,0,0
1909,3816000,0,0,-20,0,0,0,0,0,0,0,0
1910,3818000,0,0,-20,0,0,0,0,0,0,0,0
1911,3820000,0,0,0,0,0,0,0,0,0,0,0
1912,3822000,0,-20,0,0,0,0,0,0,0,0,0
1913,3824000,0,-20,0,0,0,0,0,0,0,0,0
1914,3826000,0,0,0,0,0,0,0,0,0,0,0
1915,3828000,0,0,0,0,0,0,0,0,0,0,0
1916,3830000,0,0,0,0,0,0,0,0,0,0,0
1917,3832000,-20,0,0,0,0,0,0,0,0,0,0
1918,3834000,0,0,0,0,0,0,0,0,0,0,0
1919,3836000,0,0,-20,0,0,0,0,0,0,0,0
1920,3838000,0,0,-20,0,0,0,0,0,0,0,0
1921,3840000,0,0,-20,0,0,0,0,0,0,0,0
1922,3842000,0,-20,0,0,0,0,0,0,0,0,0
1923,3844000,0,-20,0,0,0,0,0,0,0,0,0
1924,3846000,0,-20,0,0,0,0,0,0,0,0,0
1925,3848000,-20,0,0,0,0,0,0,0,0,0,0
1926,3850000,-20,0,0,0,0,0,0,0,0,0,0
1927,3852000,-20,0,0,0,0,0,0,0,0,0,0
1928,3854000,0,0,0,0,0,0,0,0,0,0,0
1929,3856000,0,0,-20,0,0,0,0,0,0,0,0
1930,3858000,0,0,-20,0,0,0,0,0,0,0,0
1931,3860000,0,0,-20,0,0,0,0,0,0,0,0
1932,3862000,0,-20,0,0,0,0,0,0,0,0,0
1933,3864000,0,-20,0,0,0,0,0,0,0,0,0
1934,3866000,0,0,0,0,0,0,0,0,0,0,0
1935,3868000,0,0,0,0,0,0,0,0,0,0,0
1936,3870000,-20,0,0,0,0,0,0,0,0,0,0
1937,3872000,0,0,0,0,0,0,0,0,0,0,0
1938,3874000,0,0,-20,0,0,0,0,0,0,0,0
1939,3876000,0,0,-20,0,0,0,0,0,0,0,0
1940,3878000,0,0,-20,0,0,0,0,0,0,0,0
1941,3880000,0,0,-20,0,0,0,0,0,0,0,0
1942,3882000,0,-20,0,0,0,0,0,0,0,0,0
1943,3884000,0,-20,0,0,0,0,0,0,0,0,0
1944,3886000,0,-20,0,0,0,0,0,0,0,0,0
1945,3888000,0,0,0,0,0,0,0,0,0,0,0
1946,3890000,-20,0,0,0,0,0,0,0,0,0,0
1947,3892000,-20,0,0,0,0,0,0,0,0,0,0
1948,3894000,0,0,0,0,0,0,0,0,0,0,0
1949,3896000,0,0,-20,0,0,0,0,0,0,0,0
1950,3898000,0,0,-20,0,0,0,0,0,0,0,0
1951,3900000,0,0,0,0,0,0,0,0,0,0,0
1952,3902000,0,-20,0,0,0,0,0,0,0,0,0
1953,3904000,0,-20,0,0,0,0,0,0,0,0,0
1954,3906000,0,-20,0,0,0,0,0,0,0,0,0
1955,3908000,0,0,0,0,0,0,0,0,0,0,0
1956,3910000,-20,0,0,0,0,0,0,0,0,0,0
1957,3912000,0,0,0,0,0,0,0,0,0,0,0
1958,3914000,0,0,-20,0,0,0,0,0,0,0,0
1959,3916000,0,0,-20,0,0,0,0,0,0,0,0
1960,3918000,0,0,-20,0,0,0,0,0,0,0,0
1961,3920000,0,0,0,0,0,0,0,0,0,0,0
1962,3922000,0,-20,0,0,0,0,0,0,0,0,0
1963,3924000,0,-20,0,0,0,0,0,0,0,0,0
1964,3926000,0,0,0,0,0,0,0,0,0,0,0
1965,3928000,-20,0,0,0,0,0,0,0,0,0,0
1966,3930000,0,0,0,0,0,0,0,0,0,0,0
1967,3932000,0,0,0,0,0,0,0,0,0,0,0
1968,3934000,-20,0,0,0,0,0,0,0,0,0,0
1969,3936000,0,0,-20,0,0,0,0,0,0,0,0
1970,3938000,0,0,0,0,0,0,0,0,0,0,0
1971,3940000,0,0,-20,0,0,0,0,0,0,0,0
1972,3942000,0,-20,0,0,0,0,0,0,0,0,0
1973,3944000,0,-20,0,0,0,0,0,0,0,0,0
1974,3946000,0,0,0,0,0,0,0,0,0,0,0
1975,3948000,0,0,0,0,0,0,0,0,0,0,0
1976,3950000,-20,0,0,0,0,0,0,0,0,0,0
1977,3952000,-20,0,0,0,0,0,0,0,0,0,0
1978,3954000,0,0,0,0,0,0,0,0,0,0,0
1979,3956000,0,0,0,0,0,0,0,0,0,0,0
1980,3958000,0,0,-20,0,0,0,0,0,0,0,0
1981,3960000,0,0,0,0,0,0,0,0,0,0,0
1982,3962000,0,-20,0,0,0,0,0,0,0,0,0
1983,3964000,0,-20,0,0,0,0,0,0,0,0,0
1984,3966000,0,-20,0,0,0,0,0,0,0,0,0
1985,3968000,-20,0,0,0,0,0,0,0,0,0,0
1986,3970000,-20,0,0,0,0,0,0,0,0,0,0
1987,3972000,-20,0,0,0,0,0,0,0,0,0,0
1988,3974000,0,0,0,0,0,0,0,0,0,0,0
1989,3976000,0,0,-20,0,0,0,0,0,0,0,0
1990,3978000,0,0,-20,0,0,0,0,0,0,0,0
1991,3980000,0,0,0,0,0,0,0,0,0,0,0
1992,3982000,0,0,0,0,0,0,0,0,0,0,0
1993,3984000,0,-20,0,0,0,0,0,0,0,0,0
1994,3986000,0,-20,0,0,0,0,0,0,0,0,0
1995,3988000,0,0,0,0,0,0,0,0,0,0,0
1996,3990000,-20,0,0,0,0,0,0,0,0,0,0
1997,3992000,0,0,0,0,0,0,0,0,0,0,0
1998,3994000,0,0,0,0,0,0,0,0,0,0,0
1999,3996000,0,0,-20,0,0,0,0,0,0,0,0
2000,3998000,0,0,-20,0,0,0,0,0,0,0,0
2001,4000000,0,0,-20,0,0,0,0,0,0,0,0
2002,4002000,0,0,0,0,0,0,0,0,0,0,0
2003,4004000,0,-20,0,0,0,0,0,0,0,0,0
2004,4006000,0,0,0,0,0,0,0,0,0,0,0
2005,4008000,0,0,0,0,0,0,0,0,0,0,0
2006,4010000,-20,0,0,0,0,0,0,0,0,0,0
2007,4012000,0,0,0,0,0,0,0,0,0,0,0
2008,4014000,-20,0,0,0,0,0,0,0,0,0,0
2009,4016000,0,0,-20,0,0,0,0,0,0,0,0
2010,4018000,0,0,0,0,0,0,0,0,0,0,0
2011,4020000,0,0,-20,0,0,0,0,0,0,0,0
2012,4022000,0,0,0,0,0,0,0,0,0,0,0
2013,4024000,0,-20,0,0,0,0,0,0,0,0,0
2014,4026000,0,0,0,0,0,0,0,0,0,0,0
2015,4028000,0,0,0,0,0,0,0,0,0,0,0
2016,4030000,-20,0,0,0,0,0,0,0,0,0,0
2017,4032000,-20,0,0,0,0,0,0,0,0,0,0
2018,4034000,0,0,0,0,0,0,0,0,0,0,0
2019,4036000,0,0,-20,0,0,0,0,0,0,0,0
2020,4038000,0,0,0,0,0,0,0,0,0,0,0
2021,4040000,0,0,0,0,0,0,0,0,0,0,0
2022,4042000,0,-20,0,0,0,0,0,0,0,0,0
2023,4044000,0,0,0,0,0,0,0,0,0,0,0
2024,4046000,0,-20,0,0,0,0,0,0,0,0,0
2025,4048000,0,0,0,0,0,0,0,0,0,0,0
2026,4050000,-20,0,0,0,0,0,0,0,0,0,0
2027,4052000,-20,0,0,0,0,0,0,0,0,0,0
2028,4054000,0,0,0,0,0,0,0,0,0,0,0
2029,4056000,0,0,-20,0,0,0,0,0,0,0,0
2030,4058000,0,0,-20,0,0,0,0,0,0,0,0
2031,4060000,0,0,-20,0,0,0,0,0,0,0,0
2032,4062000,0,-20,0,0,0,0,0,0,0,0,0
2033,4064000,0,-20,0,0,0,0,0,0,0,0,0
2034,4066000,0,0,0,0,0,0,0,0,0,0,0
2035,4068000,0,0,0,0,0,0,0,0,0,0,0
2036,4070000,0,0,0,0,0,0,0,0,0,0,0
2037,4072000,-20,0,0,0,0,0,0,0,0,0,0
2038,4074000,0,0,0,0,0,0,0,0,0,0,0
2039,4076000,0,0,0,0,0,0,0,0,0,0,0
2040,4078000,0,0,-20,0,0,0,0,0,0,0,0
2041,4080000,0,0,-20,0,0,0,0,0,0,0,0
2042,4082000,0,-20,0,0,0,0,0,0,0,0,0
2043,4084000,0,-20,0,0,0,0,0,0,0,0,0
2044,4086000,0,-20,0,0,0,0,0,0,0,0,0
2045,4088000,-20,0,0,0,0,0,0,0,0,0,0
2046,4090000,-20,0,0,0,0,0,0,0,0,0,0
2047,4092000,-20,0,0,0,0,0,0,0,0,0,0
2048,4094000,0,0,0,0,0,0,0,0,0,0,0
2049,4096000,0,0,-20,0,0,0,0,0,0,0,0
2050,4098000,0,0,-20,0,0,0,0,0,0,0,0
2051,4100000,0,0,-20,0,0,0,0,0,0,0,0
2052,4102000,0,0,0,0,0,0,0,0,0,0,0
2053,4104000,0,-20,0,0,0,0,0,0,0,0,0
2054,4106000,0,-20,0,0,0,0,0,0,0,0,0
2055,4108000,0,0,0,0,0,0,0,0,0,0,0
2056,4110000,-20,0,0,0,0,0,0,0,0,0,0
2057,4112000,-20,0,0,0,0,0,0,0,0,0,0
2058,4114000,0,0,0,0,0,0,0,0,0,0,0
2059,4116000,0,0,-20,0,0,0,0,0,0,0,0
2060,4118000,0,0,-20,0,0,0,0,0,0,0,0
2061,4120000,0,0,0,0,0,0,0,0,0,0,0
2062,4122000,0,-20,0,0,0,0,0,0,0,0,0
2063,4124000,0,-20,0,0,0,0,0,0,0,0,0
2064,4126000,0,-20,0,0,0,0,0,0,0,0,0
2065,4128000,0,0,0,0,0,0,0,0,0,0,0
2066,4130000,-20,0,0,0,0,0,0,0,0,0,0
2067,4132000,-20,0,0,0,0,0,0,0,0,0,0
2068,4134000,0,0,0,0,0,0,0,0,0,0,0
2069,4136000,0,0,-20,0,0,0,0,0,0,0,0
2070,4138000,0,0,-20,0,0,0,0,0,0,0,0
2071,4140000,0,0,-20,0,0,0,0,0,0,0,0
2072,4142000,0,-20,0,0,0,0,0,0,0,0,0
2073,4144000,0,-20,0,0,0,0,0,0,0,0,0
2074,4146000,0,-20,0,0,0,0,0,0,0,0,0
2075,4148000,0,0,0,0,0,0,0,0,0,0,0
2076,4150000,0,0,0,0,0,0,0,0,0,0,0
2077,4152000,-20,0,0,0,0,0,0,0,0,0,0
2078,4154000,0,0,0,0,0,0,0,0,0,0,0
2079,4156000,0,0,-20,0,0,0,0,0,0,0,0
2080,4158000,0,0,-20,0,0,0,0,0,0,0,0
2081,4160000,0,0,-20,0,0,0,0,0,0,0,0
2082,4162000,0,0,0,0,0,0,0,0,0,0,0
2083,4164000,0,-20,0,0,0,0,0,0,0,0,0
2084,4166000,0,-20,0,0,0,0,0,0,0,0,0
2085,4168000,0,0,0,0,0,0,0,0,0,0,0
2086,4170000,-20,0,0,0,0,0,0,0,0,0,0
2087,4172000,-20,0,0,0,0,0,0,0,0,0,0
2088,4174000,0,0,0,0,0,0,0,0,0,0,0
2089,4176000,0,0,-20,0,0,0,0,0,0,0,0
2090,4178000,0,0,-20,0,0,0,0,0,0,0,0
2091,4180000,0,0,0,0,0,0,0,0,0,0,0
2092,4182000,0,-20,0,0,0,0,0,0,0,0,0
2093,4184000,0,-20,0,0,0,0,0,0,0,0,0
2094,4186000,0,-20,0,0,0,0,0,0,0,0,0
2095,4188000,0,0,0,0,0,0,0,0,0,0,0
2096,4190000,0,0,0,0,0,0,0,0,0,0,0
2097,4192000,-20,0,0,0,0,0,0,0,0,0,0
2098,4194000,-20,0,0,0,0,0,0,0,0,0,0
2099,4196000,0,0,-20,0,0,0,0,0,0,0,0
2100,4198000,0,0,-20,0,0,0,0,0,0,0,0
2101,4200000,0,0,0,0,0,0,0,0,0,0,0
2102,4202000,0,-20,0,0,0,0,0,0,0,0,0
2103,4204000,0,-20,0,0,0,0,0,0,0,0,0
2104,4206000,0,-20,0,0,0,0,0,0,0,0,0
2105,4208000,0,0,0,0,0,0,0,0,0,0,0
2106,4210000,-20,0,0,0,0,0,0,0,0,0,0
2107,4212000,0,0,0,0,0,0,0,0,0,0,0
2108,4214000,0,0,0,0,0,0,0,0,0,0,0
2109,4216000,0,0,-20,0,0,0,0,0,0,0,0
2110,4218000,0,0,-20,0,0,0,0,0,0,0,0
2111,4220000,0,0,0,0,0,0,0,0,0,0,0
2112,4222000,0,-20,0,0,0,0,0,0,0,0,0
2113,4224000,0,-20,0,0,0,0,0,0,0,0,0
2114,4226000,0,0,0,0,0,0,0,0,0,0,0
2115,4228000,0,0,0,0,0,0,0,0,0,0,0
2116,4230000,-20,0,0,0,0,0,0,0,0,0,0
2117,4232000,-20,0,0,0,0,0,0,0,0,0,0
2118,4234000,0,0,0,0,0,0,0,0,0,0,0
2119,4236000,0,0,-20,0,0,0,0,0,0,0,0
2120,4238000,0,0,-20,0,0,0,0,0,0,0,0
2121,4240000,0,0,-20,0,0,0,0,0,0,0,0
2122,4242000,0,-20,0,0,0,0,0,0,0,0,0
2123,4244000,0,-20,0,0,0,0,0,0,0,0,0
2124,4246000,0,-20,0,0,0,0,0,0,0,0,0
2125,4248000,0,0,0,0,0,0,0,0,0,0,0
2126,4250000,0,0,0,0,0,0,0,0,0,0,0
2127,4252000,-20,0,0,0,0,0,0,0,0,0,0
2128,4254000,0,0,-20,0,0,0,0,0,0,0,0
2129,4256000,0,0,-20,0,0,0,0,0,0,0,0
2130,4258000,0,0,-20,0,0,0,0,0,0,0,0
2131,4260000,0,0,-20,0,0,0,0,0,0,0,0
2132,4262000,0,0,0,0,0,0,0,0,0,0,0
2133,4264000,0,-20,0,0,0,0,0,0,0,0,0
2134,4266000,0,-20,0,0,0,0,0,0,0,0,0
2135,4268000,-20,0,0,0,0,0,0,0,0,0,0
2136,4270000,-20,0,0,0,0,0,0,0,0,0,0
2137,4272000,-20,0,0,0,0,0,0,0,0,0,0
2138,4274000,0,0,0,0,0,0,0,0,0,0,0
2139,4276000,0,0,-20,0,0,0,0,0,0,0,0
2140,4278000,0,0,0,0,0,0,0,0,0,0,0
2141,4280000,0,0,-20,0,0,0,0,0,0,0,0
2142,4282000,0,-20,0,0,0,0,0,0,0,0,0
2143,4284000,0,-20,0,0,0,0,0,0,0,0,0
2144,4286000,0,-20,0,0,0,0,0,0,0,0,0
2145,4288000,0,0,0,0,0,0,0,0,0,0,0
2146,4290000,-20,0,0,0,0,0,0,0,0,0,0
2147,4292000,-20,0,0,0,0,0,0,0,0,0,0
2148,4294000,-20,0,0,0,0,0,0,0,0,0,0
2149,4296000,0,0,-20,0,0,0,0,0,0,0,0
2150,4298000,0,0,-20,0,0,0,0,0,0,0,0
2151,4300000,0,0,0,0,0,0,0,0,0,0,0
2152,4302000,0,0,0,0,0,0,0,0,0,0,0
2153,4304000,0,-20,0,0,0,0,0,0,0,0,0
2154,4306000,0,0,0,0,0,0,0,0,0,0,0
2155,4308000,0,0,0,0,0,0,0,0,0,0,0
2156,4310000,-20,0,0,0,0,0,0,0,0,0,0
2157,4312000,-20,0,0,0,0,0,0,0,0,0,0
2158,4314000,0,0,0,0,0,0,0,0,0,0,0
2159,4316000,0,0,-20,0,0,0,0,0,0,0,0
2160,4318000,0,0,-20,0,0,0,0,0,0,0,0
2161,4320000,0,0,0,0,0,0,0,0,0,0,0
2162,4322000,0,-20,0,0,0,0,0,0,0,0,0
2163,4324000,0,-20,0,0,0,0,0,0,0,0,0
2164,4326000,0,0,0,0,0,0,0,0,0,0,0
2165,4328000,0,0,0,0,0,0,0,0,0,0,0
2166,4330000,-20,0,0,0,0,0,0,0,0,0,0
2167,4332000,0,0,0,0,0,0,0,0,0,0,0
2168,4334000,0,0,0,0,0,0,0,0,0,0,0
2169,4336000,0,0,-20,0,0,0,0,0,0,0,0
2170,4338000,0,0,-20,0,0,0,0,0,0,0,0
2171,4340000,0,0,-20,0,0,0,0,0,0,0,0
2172,4342000,0,-20,0,0,0,0,0,0,0,0,0
2173,4344000,0,-20,0,0,0,0,0,0,0,0,0
2174,4346000,0,0,0,0,0,0,0,0,0,0,0
2175,4348000,0,0,0,0,0,0,0,0,0,0,0
2176,4350000,0,0,0,0,0,0,0,0,0,0,0
2177,4352000,0,0,0,0,0,0,0,0,0,0,0
2178,4354000,-20,0,0,0,0,0,0,0,0,0,0
2179,4356000,0,0,-20,0,0,0,0,0,0,0,0
2180,4358000,0,0,-20,0,0,0,0,0,0,0,0
2181,4360000,0,0,0,0,0,0,0,0,0,0,0
2182,4362000,0,-20,0,0,0,0,0,0,0,0,0
2183,4364000,0,-20,0,0,0,0,0,0,0,0,0
2184,4366000,0,-20,0,0,0,0,0,0,0,0,0
2185,4368000,0,0,0,0,0,0,0,0,0,0,0
2186,4370000,-20,0,0,0,0,0,0,0,0,0,0
2187,4372000,-20,0,0,0,0,0,0,0,0,0,0
2188,4374000,-20,0,0,0,0,0,0,0,0,0,0
2189,4376000,0,0,-20,0,0,0,0,0,0,0,0
2190,4378000,0,0,-20,0,0,0,0,0,0,0,0
2191,4380000,0,0,-20,0,0,0,0,0,0,0,0
2192,4382000,0,-20,0,0,0,0,0,0,0,0,0
2193,4384000,0,-20,0,0,0,0,0,0,0,0,0
2194,4386000,0,-20,0,0,0,0,0,0,0,0,0
2195,4388000,0,0,0,0,0,0,0,0,0,0,0
2196,4390000,-20,0,0,0,0,0,0,0,0,0,0
2197,4392000,-20,0,0,0,0,0,0,0,0,0,0
2198,4394000,0,0,0,0,0,0,0,0,0,0,0
2199,4396000,0,0,-20,0,0,0,0,0,0,0,0
2200,4398000,0,0,-20,0,0,0,0,0,0,0,0
2201,4400000,0,0,0,0,0,0,0,0,0,0,0
2202,4402000,0,-20,0,0,0,0,0,0,0,0,0
2203,4404000,0,-20,0,0,0,0,0,0,0,0,0
2204,4406000,0,-20,0,0,0,0,0,0,0,0,0
2205,4408000,0,0,0,0,0,0,0,0,0,0,0
2206,4410000,-20,0,0,0,0,0,0,0,0,0,0
2207,4412000,-20,0,0,0,0,0,0,0,0,0,0
2208,4414000,-20,0,-20,0,0,0,0,0,0,0,0
2209,4416000,0,0,-20,0,0,0,0,0,0,0,0
2210,4418000,0,0,-20,0,0,0,0,0,0,0,0
2211,4420000,0,0,0,0,0,0,0,0,0,0,0
2212,4422000,0,-20,0,0,0,0,0,0,0,0,0
2213,4424000,0,-20,0,0,0,0,0,0,0,0,0
2214,4426000,0,0,0,0,0,0,0,0,0,0,0
2215,4428000,0,0,0,0,0,0,0,0,0,0,0
2216,4430000,0,0,0,0,0,0,0,0,0,0,0
2217,4432000,0,0,0,0,0,0,0,0,0,0,0
2218,4434000,0,0,-20,0,0,0,0,0,0,0,0
2219,4436000,0,0,-20,0,0,0,0,0,0,0,0
2220,4438000,0,0,-20,0,0,0,0,0,0,0,0
2221,4440000,0,0,-20,0,0,0,0,0,0,0,0
2222,4442000,0,-20,0,0,0,0,0,0,0,0,0
2223,4444000,0,-20,0,0,0,0,0,0,0,0,0
2224,4446000,0,0,0,0,0,0,0,0,0,0,0
2225,4448000,-20,0,0,0,0,0,0,0,0,0,0
2226,4450000,-20,0,0,0,0,0,0,0,0,0,0
2227,4452000,0,0,0,0,0,0,0,0,0,0,0
2228,4454000,0,0,0,0,0,0,0,0,0,0,0
2229,4456000,0,0,-20,0,0,0,0,0,0,0,0
2230,4458000,0,0,-20,0,0,0,0,0,0,0,0
2231,4460000,0,0,0,0,0,0,0,0,0,0,0
2232,4462000,0,0,0,0,0,0,0,0,0,0,0
2233,4464000,0,-20,0,0,0,0,0,0,0,0,0
2234,4466000,0,0,0,0,0,0,0,0,0,0,0
2235,4468000,0,0,0,0,0,0,0,0,0,0,0
2236,4470000,-20,0,0,0,0,0,0,0,0,0,0
2237,4472000,-20,0,0,0,0,0,0,0,0,0,0
2238,4474000,-20,0,0,0,0,0,0,0,0,0,0
2239,4476000,0,0,-20,0,0,0,0,0,0,0,0
2240,4478000,0,0,0,0,0,0,0,0,0,0,0
2241,4480000,0,0,-20,0,0,0,0,0,0,0,0
2242,4482000,0,-20,0,0,0,0,0,0,0,0,0
2243,4484000,0,-20,0,0,0,0,0,0,0,0,0
2244,4486000,0,-20,0,0,0,0,0,0,0,0,0
2245,4488000,0,0,0,0,0,0,0,0,0,0,0
2246,4490000,0,0,0,0,0,0,0,0,0,0,0
2247,4492000,-20,0,0,0,0,0,0,0,0,0,0
2248,4494000,-20,0,0,0,0,0,0,0,0,0,0
2249,4496000,0,0,-20,0,0,0,0,0,0,0,0
2250,4498000,0,0,-20,0,0,0,0,0,0,0,0
