1,0,18,45,42,16,30,19,0,0,0,0,0,0,0,0,0,0,0,0
2,500,17,45,42,17,30,18,0,0,0,0,0,0,0,0,0,0,0,0
3,1000,17,46,43,17,31,19,0,0,0,0,0,0,0,0,0,0,0,0
4,1500,17,45,42,16,30,19,0,0,0,0,0,0,0,0,0,0,0,0
5,2000,17,46,42,17,31,19,0,0,0,0,0,0,0,0,0,0,0,0
6,2500,18,45,43,17,30,19,0,0,0,0,0,0,0,0,0,0,0,0
7,3000,18,45,43,16,30,18,0,0,0,0,0,0,0,0,0,0,0,0
8,3500,18,45,42,16,30,18,0,0,0,0,0,0,0,0,0,0,0,0
9,4000,16,46,44,17,31,19,0,0,0,0,0,0,0,0,0,0,0,0
10,4500,17,46,43,17,32,19,0,0,0,0,0,0,0,0,0,0,0,0
11,5000,16,47,44,17,32,19,0,0,0,0,0,0,0,0,0,0,0,0
12,5500,17,45,43,16,30,19,0,0,0,0,0,0,0,0,0,0,0,0
13,6000,18,46,42,17,30,19,0,0,0,0,0,0,0,0,0,0,0,0
14,6500,18,46,43,17,30,19,0,0,0,0,0,0,0,0,0,0,0,0
15,7000,17,45,42,16,30,18,0,0,0,0,0,0,0,0,0,0,0,0
16,7500,16,46,44,17,31,19,0,0,0,0,0,0,0,0,0,0,0,0
17,8000,17,47,45,17,32,20,0,0,0,0,0,0,0,0,0,0,0,0
18,8500,17,45,43,16,30,19,0,0,0,0,0,0,0,0,0,0,0,0
19,9000,17,47,44,17,32,20,0,0,0,0,0,0,0,0,0,0,0,0
20,9500,18,46,43,16,30,19,0,0,0,0,0,0,0,0,0,0,0,0
21,10000,17,46,44,17,31,19,0,0,0,0,0,0,0,0,0,0,0,0
22,10500,17,46,44,17,32,19,0,0,0,0,0,0,0,0,0,0,0,0
23,11000,17,46,44,17,31,19,0,0,0,0,0,0,0,0,0,0,0,0
24,11500,17,45,43,17,30,19,0,0,0,0,0,0,0,0,0,0,0,0
25,12000,17,45,42,16,30,18,0,0,0,0,0,0,0,0,0,0,0,0
26,12500,18,45,42,16,30,19,0,0,0,0,0,0,0,0,0,0,0,0
27,13000,17,46,43,17,31,19,0,0,0,0,0,0,0,0,0,0,0,0
28,13500,17,47,44,17,32,20,0,0,0,0,0,0,0,0,0,0,0,0
29,14000,17,45,43,16,30,19,0,0,0,0,0,0,0,0,0,0,0,0
30,14500,17,45,42,16,30,19,0,0,0,0,0,0,0,0,0,0,0,0
31,15000,18,45,42,16,30,18,0,0,0,0,0,0,0,0,0,0,0,0
32,15500,17,47,44,17,31,20,0,0,0,0,0,0,0,0,0,0,0,0
33,16000,18,46,43,17,30,19,0,0,0,0,0,0,0,0,0,0,0,0
34,16500,17,47,43,17,30,19,0,0,0,0,0,0,0,0,0,0,0,0
35,17000,18,45,42,16,30,19,0,0,0,0,0,0,0,0,0,0,0,0
36,17500,16,47,44,17,32,20,0,0,0,0,0,0,0,0,0,0,0,0
37,18000,18,45,43,16,30,19,0,0,0,0,0,0,0,0,0,0,0,0
38,18500,17,46,43,17,30,19,0,0,0,0,0,0,0,0,0,0,0,0
39,19000,18,45,42,16,30,19,0,0,0,0,0,0,0,0,0,0,0,0
40,19500,18,46,42,17,30,19,0,0,0,0,0,0,0,0,0,0,0,0
41,20000,16,47,43,17,32,19,0,0,0,0,0,0,0,0,0,0,0,0
42,20500,18,46,43,17,30,19,0,0,0,0,0,0,0,0,0,0,0,0
43,21000,18,46,42,17,30,19,0,0,0,0,0,0,0,0,0,0,0,0
44,21500,18,46,43,17,31,19,0,0,0,0,0,0,0,0,0,0,0,0
45,22000,17,45,42,16,30,18,0,0,0,0,0,0,0,0,0,0,0,0
46,22500,17,46,44,17,31,19,0,0,0,0,0,0,0,0,0,0,0,0
47,23000,17,46,43,17,32,19,0,0,0,0,0,0,0,0,0,0,0,0
48,23500,18,46,42,17,30,19,0,0,0,0,0,0,0,0,0,0,0,0
49,24000,16,46,43,17,31,19,0,0,0,0,0,0,0,0,0,0,0,0
50,24500,17,47,45,17,32,20,0,0,0,0,0,0,0,0,0,0,0,0
51,25000,18,46,43,17,30,19,0,0,0,0,0,0,0,0,0,0,0,0
52,25500,17,47,44,17,32,19,0,0,0,0,0,0,0,0,0,0,0,0
53,26000,18,46,43,17,30,19,0,0,0,0,0,0,0,0,0,0,0,0
54,26500,16,46,43,17,31,19,0,0,0,0,0,0,0,0,0,0,0,0
55,27000,18,45,42,16,30,19,0,0,0,0,0,0,0,0,0,0,0,0
56,27500,18,46,42,16,30,19,0,0,0,0,0,0,0,0,0,0,0,0
57,28000,17,45,42,17,30,19,0,0,0,0,0,0,0,0,0,0,0,0
58,28500,18,45,42,17,30,18,0,0,0,0,0,0,0,0,0,0,0,0
59,29000,17,47,44,17,32,20,0,0,0,0,0,0,0,0,0,0,0,0
60,29500,18,46,43,17,30,19,0,0,0,0,0,0,0,0,0,0,0,0
61,30000,17,47,43,17,31,20,0,0,0,0,0,0,0,0,0,0,0,0
62,30500,17,47,44,17,32,20,0,0,0,0,0,0,0,0,0,0,0,0
63,31000,18,46,42,17,30,19,0,0,0,0,0,0,0,0,0,0,0,0
64,31500,17,46,44,17,31,19,0,0,0,0,0,0,0,0,0,0,0,0
65,32000,17,46,43,17,31,19,0,0,0,0,0,0,0,0,0,0,0,0
66,32500,18,46,43,17,30,19,0,0,0,0,0,0,0,0,0,0,0,0
67,33000,17,46,43,17,31,19,0,0,0,0,0,0,0,0,0,0,0,0
68,33500,17,45,42,17,30,19,0,0,0,0,0,0,0,0,0,0,0,0
69,34000,19,46,43,17,30,19,0,0,0,0,0,0,0,0,0,0,0,0
70,34500,17,47,44,17,32,20,0,0,0,0,0,0,0,0,0,0,0,0
71,35000,17,47,45,17,32,20,0,0,0,0,0,0,0,0,0,0,0,0
72,35500,18,46,43,17,30,19,0,0,0,0,0,0,0,0,0,0,0,0
73,36000,18,46,43,17,30,19,0,0,0,0,0,0,0,0,0,0,0,0
74,36500,18,46,42,17,30,19,0,0,0,0,0,0,0,0,0,0,0,0
75,37000,17,46,42,17,32,19,0,0,0,0,0,0,0,0,0,0,0,0
76,37500,18,46,43,17,30,19,0,0,0,0,0,0,0,0,0,0,0,0
77,38000,17,46,43,17,31,20,0,0,0,0,0,0,0,0,0,0,0,0
78,38500,18,46,43,17,30,19,0,0,0,0,0,0,0,0,0,0,0,0
79,39000,18,46,43,17,31,19,0,0,0,0,0,0,0,0,0,0,0,0
80,39500,16,47,44,17,32,20,0,0,0,0,0,0,0,0,0,0,0,0
81,40000,18,46,43,17,31,19,0,0,0,0,0,0,0,0,0,0,0,0
82,40500,17,45,43,16,30,18,0,0,0,0,0,0,0,0,0,0,0,0
83,41000,18,46,43,16,30,19,0,0,0,0,0,0,0,0,0,0,0,0
84,41500,17,45,42,16,30,19,0,0,0,0,0,0,0,0,0,0,0,0
85,42000,17,45,42,16,30,19,0,0,0,0,0,0,0,0,0,0,0,0
86,42500,17,47,44,17,31,20,0,0,0,0,0,0,0,0,0,0,0,0
87,43000,17,45,43,17,30,19,0,0,0,0,0,0,0,0,0,0,0,0
88,43500,17,45,42,16,30,19,0,0,0,0,0,0,0,0,0,0,0,0
89,44000,18,46,42,17,30,19,0,0,0,0,0,0,0,0,0,0,0,0
90,44500,18,46,43,16,30,19,0,0,0,0,0,0,0,0,0,0,0,0
91,45000,18,46,43,17,31,19,0,0,0,0,0,0,0,0,0,0,0,0
92,45500,17,46,44,17,32,19,0,0,0,0,0,0,0,0,0,0,0,0
93,46000,17,45,43,16,30,19,0,0,0,0,0,0,0,0,0,0,0,0
94,46500,17,45,42,16,30,18,0,0,0,0,0,0,0,0,0,0,0,0
95,47000,18,45,42,16,30,19,0,0,0,0,0,0,0,0,0,0,0,0
96,47500,17,46,44,17,31,19,0,0,0,0,0,0,0,0,0,0,0,0
97,48000,17,46,43,17,30,19,0,0,0,0,0,0,0,0,0,0,0,0
98,48500,18,46,43,16,30,18,0,0,0,0,0,0,0,0,0,0,0,0
99,49000,17,45,42,17,30,18,0,0,0,0,0,0,0,0,0,0,0,0
100,49500,16,47,44,17,31,20,0,0,0,0,0,0,0,0,0,0,0,0
101,50000,17,45,42,16,30,19,0,0,0,0,0,0,0,0,0,0,0,0
102,50500,18,45,42,17,30,19,0,0,0,0,0,0,0,0,0,0,0,0
103,51000,18,45,43,17,30,19,0,0,0,0,0,0,0,0,0,0,0,0
104,51500,18,45,43,16,30,18,0,0,0,0,0,0,0,0,0,0,0,0
105,52000,17,47,44,17,32,20,0,0,0,0,0,0,0,0,0,0,0,0
106,52500,17,46,43,16,30,19,0,0,0,0,0,0,0,0,0,0,0,0
107,53000,17,45,42,16,30,19,0,0,0,0,0,0,0,0,0,0,0,0
108,53500,17,47,44,17,32,19,0,0,0,0,0,0,0,0,0,0,0,0
109,54000,16,45,45,16,30,20,0,0,0,0,0,0,0,0,0,0,0,0
110,54500,18,46,43,17,30,19,0,0,0,0,0,0,0,0,0,0,0,0
111,55000,16,47,44,17,32,19,0,0,0,0,0,0,0,0,0,0,0,0
112,55500,18,45,43,16,30,18,0,0,0,0,0,0,0,0,0,0,0,0
113,56000,17,47,44,17,32,19,0,0,0,0,0,0,0,0,0,0,0,0
114,56500,16,47,44,17,32,19,0,0,0,0,0,0,0,0,0,0,0,0
115,57000,17,47,44,17,32,20,0,0,0,0,0,0,0,0,0,0,0,0
116,57500,18,46,43,17,30,19,0,0,0,0,0,0,0,0,0,0,0,0
117,58000,18,46,42,16,30,18,0,0,0,0,0,0,0,0,0,0,0,0
118,58500,16,47,44,17,32,20,0,0,0,0,0,0,0,0,0,0,0,0
119,59000,16,47,45,17,32,20,0,0,0,0,0,0,0,0,0,0,0,0
120,59500,17,46,43,16,30,19,0,0,0,0,0,0,0,0,0,0,0,0
121,60000,18,45,42,16,30,19,0,0,0,0,0,0,0,0,0,0,0,0
122,60500,17,46,42,16,30,18,0,0,0,0,0,0,0,0,0,0,0,0
123,61000,19,46,42,16,30,19,0,0,0,0,0,0,0,0,0,0,0,0
124,61500,134,46,43,14,30,19,0,0,0,0,0,0,0,0,0,0,0,0
125,62000,546,46,43,13,30,18,0,0,0,0,0,0,0,0,0,0,0,0
126,62500,1100,47,44,14,32,19,0,0,0,0,0,0,0,0,0,0,0,0
127,63000,1619,45,43,11,30,19,0,0,0,0,0,0,0,0,0,0,0,0
128,63500,2068,46,44,10,30,19,0,0,0,0,0,0,0,0,0,0,0,0
129,64000,2457,46,43,8,31,19,0,0,0,0,0,0,0,0,0,0,0,0
130,64500,2807,45,43,6,30,19,0,0,0,0,0,0,0,0,0,0,0,0
131,65000,3078,45,42,5,30,18,0,0,0,0,0,0,0,0,0,0,1,0
132,65500,3262,46,44,5,31,19,0,0,0,0,0,0,0,0,0,0,1,0
133,66000,3361,45,43,5,30,19,0,0,0,0,0,0,0,0,0,0,1,0
134,66500,3383,44,43,5,30,19,0,0,0,0,0,0,0,0,0,0,1,0
135,67000,3295,46,44,5,31,19,0,0,0,0,0,0,0,0,0,0,1,0
136,67500,3156,45,43,5,30,19,0,0,0,0,0,0,0,0,0,0,1,0
137,68000,2920,45,43,7,30,19,0,0,0,0,0,0,0,0,0,0,1,0
138,68500,2598,47,44,8,32,20,0,0,0,0,0,0,0,0,0,0,1,0
139,69000,2230,45,43,9,30,19,0,0,0,0,0,0,0,0,0,0,1,0
140,69500,1799,45,42,11,30,19,0,0,0,0,0,0,0,0,0,0,1,0
141,70000,1305,45,42,13,30,19,0,0,0,0,0,0,0,0,0,0,1,0
142,70500,804,45,42,11,30,19,0,0,0,0,0,0,0,0,0,0,1,0
143,71000,267,45,42,15,30,19,0,0,0,0,0,0,0,0,0,0,1,0
144,71500,-254,45,42,20,30,19,0,0,0,0,0,0,0,0,0,0,1,0
145,72000,-829,47,43,23,31,19,0,0,0,0,0,0,0,0,0,0,1,0
146,72500,-1385,48,43,23,31,19,0,0,0,0,0,0,0,0,0,0,1,0
147,73000,-1874,46,42,23,30,18,0,0,0,0,0,0,0,0,0,0,1,0
148,73500,-2328,45,42,26,30,18,0,0,0,0,0,0,0,0,0,0,1,0
149,74000,-2713,46,42,27,30,18,0,0,0,0,0,0,0,0,0,0,1,0
150,74500,-3063,46,42,30,30,18,0,0,0,0,0,0,0,0,0,0,1,0
151,75000,-3307,46,43,32,30,19,0,0,0,0,0,0,0,0,0,0,1,0
152,75500,-3480,46,42,33,30,18,0,0,0,0,0,0,0,0,0,0,1,0
153,76000,-3586,46,42,33,30,18,0,0,0,0,0,0,0,0,0,0,1,0
154,76500,-3621,48,42,34,31,19,0,0,0,0,0,0,0,0,0,0,1,0
155,77000,-3512,46,44,32,32,20,0,0,0,0,0,0,0,0,0,0,1,0
156,77500,-3355,48,43,32,31,19,0,0,0,0,0,0,0,0,0,0,1,0
157,78000,-3131,46,43,30,30,19,0,0,0,0,0,0,0,0,0,0,1,0
158,78500,-2801,46,44,27,32,20,0,0,0,0,0,0,0,0,0,0,1,0
159,79000,-2434,46,45,24,32,20,0,0,0,0,0,0,0,0,0,0,1,0
160,79500,-1975,46,45,22,32,20,0,0,0,0,0,0,0,0,0,0,1,0
161,80000,-1524,47,43,21,32,19,0,0,0,0,0,0,0,0,0,0,1,0
162,80500,-965,46,42,20,30,19,0,0,0,0,0,0,0,0,0,0,1,0
163,81000,-414,47,43,18,30,19,0,0,0,0,0,0,0,0,0,0,1,0
164,81500,158,46,43,14,30,19,0,0,0,0,0,0,0,0,0,0,1,0
165,82000,683,45,42,11,30,19,0,0,0,0,0,0,0,0,0,0,1,0
166,82500,1196,45,43,11,30,19,0,0,0,0,0,0,0,0,0,0,1,0
167,83000,1689,45,42,10,30,19,0,0,0,0,0,0,0,0,0,0,1,0
168,83500,2139,47,44,10,32,19,0,0,0,0,0,0,0,0,0,0,1,0
169,84000,2527,45,43,7,30,19,0,0,0,0,0,0,0,0,0,0,1,0
170,84500,2859,44,43,5,30,19,0,0,0,0,0,0,0,0,0,0,1,0
171,85000,3117,46,44,5,31,20,0,0,0,0,0,0,0,0,0,0,1,0
172,85500,3295,45,43,4,30,19,0,0,0,0,0,0,0,0,0,0,0,0
173,86000,3396,45,43,4,30,19,0,0,0,0,0,0,0,0,0,0,0,0
174,86500,3400,48,42,4,32,18,0,0,0,0,0,0,0,0,1,0,0,0
175,87000,3336,45,42,4,30,19,0,0,0,0,0,0,0,0,1,0,0,0
176,87500,3174,46,44,5,32,20,0,0,0,0,0,0,0,0,1,0,0,0
177,88000,2934,45,45,7,30,20,0,0,0,0,0,0,0,0,1,0,0,0
178,88500,2619,47,45,8,31,20,0,0,0,0,0,0,0,0,1,0,0,0
179,89000,2238,46,43,8,30,19,0,0,0,0,0,0,0,0,1,0,0,0
180,89500,1794,47,44,11,32,20,0,0,0,0,0,0,0,0,1,0,0,0
181,90000,1310,47,44,13,32,20,0,0,0,0,0,0,0,0,1,0,0,0
182,90500,801,45,43,11,30,19,0,0,0,0,0,0,0,0,1,0,0,0
183,91000,261,45,42,16,30,18,0,0,0,0,0,0,0,0,1,0,0,0
184,91500,-260,45,42,19,30,18,0,0,0,0,0,0,0,0,1,0,0,0
185,92000,-829,46,42,22,30,18,0,0,0,0,0,0,0,0,1,0,0,0
186,92500,-1385,45,42,21,30,19,0,0,0,0,0,0,0,0,1,0,0,0
187,93000,-1874,46,42,23,30,19,0,0,0,0,0,0,0,0,1,0,0,0
188,93500,-2311,47,42,26,30,19,0,0,0,0,0,0,0,0,1,0,0,0
189,94000,-2713,46,44,27,30,20,0,0,0,0,0,0,0,0,1,0,0,0
190,94500,-3063,46,44,30,32,20,0,0,0,0,0,0,0,0,1,0,0,0
191,95000,-3307,47,43,32,30,19,0,0,0,0,0,0,0,0,1,0,0,0
192,95500,-3480,48,43,33,31,19,0,0,0,0,0,0,0,0,1,0,0,0
193,96000,-3586,46,42,33,30,19,0,0,0,0,0,0,0,0,1,0,0,0
194,96500,-3586,46,42,33,30,18,0,0,0,0,0,0,0,0,1,0,0,0
195,97000,-3494,46,42,32,30,18,0,0,0,0,0,0,0,0,1,0,0,0
196,97500,-3342,46,42,31,30,19,0,0,0,0,0,0,0,0,1,0,0,0
197,98000,-3131,47,43,30,30,19,0,0,0,0,0,0,0,0,1,0,0,0
198,98500,-2783,46,42,27,30,18,0,0,0,0,0,0,0,0,1,0,0,0
199,99000,-2395,46,44,24,32,20,0,0,0,0,0,0,0,0,1,0,0,0
200,99500,-1948,47,43,23,30,19,0,0,0,0,0,0,0,0,1,0,0,0
201,100000,-1459,46,43,21,30,19,0,0,0,0,0,0,0,0,1,0,0,0
202,100500,-924,47,44,21,31,19,0,0,0,0,0,0,0,0,1,0,0,0
203,101000,-381,47,44,18,32,19,0,0,0,0,0,0,0,0,1,0,0,0
204,101500,186,46,43,14,30,19,0,0,0,0,0,0,0,0,1,0,0,0
205,102000,710,46,43,11,30,19,0,0,0,0,0,0,0,0,1,0,0,0
206,102500,1200,46,43,11,30,19,0,0,0,0,0,0,0,0,1,0,0,0
207,103000,1689,46,43,10,30,19,0,0,0,0,0,0,0,0,1,0,0,0
208,103500,2160,45,43,8,30,19,0,0,0,0,0,0,0,0,1,0,0,0
209,104000,2559,45,42,7,30,19,0,0,0,0,0,0,0,0,1,0,0,0
210,104500,2877,47,44,5,32,19,0,0,0,0,0,0,0,0,1,0,0,0
211,105000,3139,45,43,5,30,19,0,0,0,0,0,0,0,0,1,0,0,0
212,105500,3313,45,42,4,30,19,0,0,0,0,0,0,0,0,1,0,0,0
213,106000,3410,46,43,4,32,19,0,0,0,0,0,0,0,0,1,0,0,0
214,106500,3418,44,43,4,30,19,0,0,0,0,0,0,0,0,1,0,0,0
215,107000,3340,46,44,5,31,19,0,0,0,0,0,0,0,0,1,0,0,0
216,107500,3182,45,43,5,30,19,0,0,0,0,0,0,0,0,1,0,0,0
217,108000,2938,46,44,6,30,19,0,0,0,0,0,0,0,0,1,0,0,0
218,108500,2619,44,42,8,30,19,0,0,0,0,0,0,0,0,1,0,0,0
219,109000,2234,45,42,10,30,19,0,0,0,0,0,0,0,0,1,0,0,0
220,109500,1794,45,42,11,30,19,0,0,0,0,0,0,0,0,1,0,0,0
221,110000,1305,46,43,14,30,19,0,0,0,0,0,0,0,0,1,0,0,0
222,110500,796,47,44,13,31,20,0,0,0,0,0,0,0,0,1,0,0,0
223,111000,257,46,43,16,30,19,0,0,0,0,0,0,0,0,1,0,0,0
224,111500,-266,45,44,19,31,20,0,0,0,0,0,0,0,0,1,0,0,0
225,112000,-837,45,44,21,32,20,0,0,0,0,0,0,0,0,1,0,0,0
226,112500,-1385,46,43,22,31,19,0,0,0,0,0,0,0,0,1,0,0,0
227,113000,-1874,46,44,23,32,19,0,0,0,0,0,0,0,0,1,0,0,0
228,113500,-2328,46,43,26,30,18,0,0,0,0,0,0,0,0,1,0,0,0
229,114000,-2713,46,42,28,30,18,0,0,0,0,0,0,0,0,1,0,0,0
230,114500,-3063,46,44,30,32,20,0,0,0,0,0,0,0,0,1,0,0,0
231,115000,-3307,46,44,31,32,20,0,0,0,0,0,0,0,0,1,0,0,0
232,115500,-3480,47,43,32,30,19,0,0,0,0,0,0,0,0,1,0,0,0
233,116000,-3586,46,43,33,30,19,0,0,0,0,0,0,0,0,1,0,0,0
234,116500,-3586,46,42,33,30,18,0,0,0,0,0,0,0,0,1,0,0,0
235,117000,-3486,47,42,33,30,19,0,0,0,0,0,0,0,0,1,0,0,0
236,117500,-3342,46,44,30,32,19,0,0,0,0,0,0,0,0,1,0,0,0
237,118000,-3074,48,43,30,32,19,0,0,0,0,0,0,0,0,1,0,0,0
238,118500,-2783,47,43,28,30,19,0,0,0,0,0,0,0,0,1,0,0,0
239,119000,-2367,47,43,26,30,19,0,0,0,0,0,0,0,0,1,0,0,0
240,119500,-1943,45,42,22,30,18,0,0,0,0,0,0,0,0,1,0,0,0
241,120000,-1454,47,44,21,31,20,0,0,0,0,0,0,0,0,1,0,0,0
242,120500,-898,47,43,21,30,19,0,0,0,0,0,0,0,0,1,0,0,0
243,121000,-356,46,43,18,31,19,0,0,0,0,0,0,0,0,1,0,0,0
244,121500,212,46,43,13,30,19,0,0,0,0,0,0,0,0,1,0,0,0
245,122000,736,47,44,11,32,19,0,0,0,0,0,0,0,0,1,0,0,0
246,122500,1248,46,43,11,30,19,0,0,0,0,0,0,0,0,1,0,0,0
247,123000,1742,45,42,10,30,19,0,0,0,0,0,0,0,0,1,0,0,0
248,123500,2178,44,43,8,30,19,0,0,0,0,0,0,0,0,1,0,0,0
249,124000,2576,47,44,8,32,20,0,0,0,0,0,0,0,0,1,0,0,0
250,124500,2902,45,43,5,30,19,0,0,0,0,0,0,0,0,1,0,0,0
251,125000,3156,45,42,4,30,19,0,0,0,0,0,0,0,0,1,0,0,0
252,125500,3330,44,42,4,30,19,0,0,0,0,0,0,0,0,1,0,0,0
253,126000,3422,46,44,5,32,20,0,0,0,0,0,0,0,0,1,0,0,0
254,126500,3428,46,44,4,31,19,0,0,0,0,0,0,0,0,1,0,0,0
255,127000,3344,46,44,5,32,20,0,0,0,0,0,0,0,0,1,0,0,0
256,127500,3182,45,43,5,30,19,0,0,0,0,0,0,0,0,1,0,0,0
257,128000,2938,45,43,6,30,19,0,0,0,0,0,0,0,0,1,0,0,0
258,128500,2598,46,43,8,31,20,0,0,0,0,0,0,0,0,1,0,0,0
259,129000,2230,45,42,9,30,19,0,0,0,0,0,0,0,0,1,0,0,0
260,129500,1790,46,44,11,32,20,0,0,0,0,0,0,0,0,1,0,0,0
261,130000,1301,45,43,13,30,19,0,0,0,0,0,0,0,0,1,0,0,0
262,130500,788,45,43,13,30,19,0,0,0,0,0,0,0,0,1,0,0,0
263,131000,250,45,42,16,30,19,0,0,0,0,0,0,0,0,1,0,0,0
264,131500,-273,46,43,20,30,19,0,0,0,0,0,0,0,0,1,0,0,0
265,132000,-846,47,43,22,30,18,0,0,0,0,0,0,0,0,1,0,0,0
266,132500,-1385,45,42,21,30,18,0,0,0,0,0,0,0,0,1,0,0,0
267,133000,-1874,48,42,24,31,19,0,0,0,0,0,0,0,0,1,0,0,0
268,133500,-2328,46,42,26,30,18,0,0,0,0,0,0,0,0,1,0,0,0
269,134000,-2713,46,42,28,30,18,0,0,0,0,0,0,0,0,1,0,0,0
270,134500,-3063,47,42,30,30,19,0,0,0,0,0,0,0,0,1,0,0,0
271,135000,-3307,45,42,30,30,18,0,0,0,0,0,0,0,0,1,0,0,0
272,135500,-3480,46,44,32,32,19,0,0,0,0,0,0,0,0,1,0,0,0
273,136000,-3586,47,43,33,30,19,0,0,0,0,0,0,0,0,1,0,0,0
274,136500,-3586,47,42,33,30,19,0,0,0,0,0,0,0,0,1,0,0,0
275,137000,-3480,46,43,31,30,18,0,0,0,0,0,0,0,0,1,0,0,0
276,137500,-3342,46,42,30,30,18,0,0,0,0,0,0,0,0,1,0,0,0
277,138000,-3063,46,44,29,32,19,0,0,0,0,0,0,0,0,1,0,0,0
278,138500,-2748,47,43,28,30,19,0,0,0,0,0,0,0,0,1,0,0,0
279,139000,-2363,46,42,24,30,19,0,0,0,0,0,0,0,0,1,0,0,0
280,139500,-1908,46,44,21,32,20,0,0,0,0,0,0,0,0,1,0,0,0
281,140000,-1415,46,45,20,32,20,0,0,0,0,0,0,0,0,1,0,0,0
282,140500,-880,46,43,21,30,19,0,0,0,0,0,0,0,0,1,0,0,0
283,141000,-336,47,44,18,31,19,0,0,0,0,0,0,0,0,1,0,0,0
284,141500,234,46,43,13,30,19,0,0,0,0,0,0,0,0,1,0,0,0
285,142000,758,45,43,11,30,19,0,0,0,0,0,0,0,0,1,0,0,0
286,142500,1271,45,42,11,30,19,0,0,0,0,0,0,0,0,1,0,0,0
287,143000,1759,47,44,10,32,20,0,0,0,0,0,0,0,0,1,0,0,0
288,143500,2209,47,45,8,32,20,0,0,0,0,0,0,0,0,1,0,0,0
289,144000,2594,45,43,6,30,19,0,0,0,0,0,0,0,0,1,0,0,0
290,144500,2920,45,43,5,30,19,0,0,0,0,0,0,0,0,1,0,0,0
291,145000,3156,45,43,5,30,19,0,0,0,0,0,0,0,0,1,0,0,0
292,145500,3340,45,43,4,30,19,0,0,0,0,0,0,0,0,1,0,0,0
293,146000,3432,44,42,4,30,19,0,0,0,0,0,0,0,0,1,0,0,0
294,146500,3432,46,44,5,31,20,0,0,0,0,0,0,0,0,1,0,0,0
295,147000,3348,44,43,4,30,19,0,0,0,0,0,0,0,0,1,0,0,0
296,147500,3182,44,42,5,30,19,0,0,0,0,0,0,0,0,1,0,0,0
297,148000,2938,45,43,5,30,19,0,0,0,0,0,0,0,0,1,0,0,0
298,148500,2598,46,44,8,32,20,0,0,0,0,0,0,0,0,1,0,0,0
299,149000,2227,45,43,8,30,19,0,0,0,0,0,0,0,0,1,0,0,0
300,149500,1759,47,44,11,32,20,0,0,0,0,0,0,0,0,1,0,0,0
301,150000,1271,47,45,14,32,19,0,0,0,0,0,0,0,0,1,0,0,0
302,150500,780,46,44,13,32,19,0,0,0,0,0,0,0,0,1,0,0,0
303,151000,241,46,43,16,30,19,0,0,0,0,0,0,0,0,1,0,0,0
304,151500,-282,47,43,20,31,19,0,0,0,0,0,0,0,0,1,0,0,0
305,152000,-854,46,43,23,30,19,0,0,0,0,0,0,0,0,1,0,0,0
306,152500,-1389,47,43,22,30,19,0,0,0,0,0,0,0,0,1,0,0,0
307,153000,-1878,46,44,23,32,19,0,0,0,0,0,0,0,0,1,0,0,0
308,153500,-2328,46,43,25,30,19,0,0,0,0,0,0,0,0,1,0,0,0
309,154000,-2713,48,42,30,31,19,0,0,0,0,0,0,0,0,1,0,0,0
310,154500,-3063,46,42,30,30,18,0,0,0,0,0,0,0,0,1,0,0,0
311,155000,-3307,46,42,30,30,18,0,0,0,0,0,0,0,0,1,0,0,0
312,155500,-3480,48,44,33,31,19,0,0,0,0,0,0,0,0,1,0,0,0
313,156000,-3551,47,43,33,30,18,0,0,0,0,0,0,0,0,1,0,0,0
314,156500,-3586,46,42,32,30,18,0,0,0,0,0,0,0,0,1,0,0,0
315,157000,-3480,46,42,32,30,18,0,0,0,0,0,0,0,0,1,0,0,0
316,157500,-3293,48,42,32,30,19,0,0,0,0,0,0,0,0,1,0,0,0
317,158000,-3063,47,42,30,30,19,0,0,0,0,0,0,0,0,1,0,0,0
318,158500,-2721,48,44,29,31,19,0,0,0,0,0,0,0,0,1,0,0,0
319,159000,-2363,46,44,24,32,19,0,0,0,0,0,0,0,0,1,0,0,0
320,159500,-1887,47,43,23,30,19,0,0,0,0,0,0,0,0,1,0,0,0
321,160000,-1394,48,43,21,31,19,0,0,0,0,0,0,0,0,1,0,0,0
322,160500,-854,45,44,20,32,20,0,0,0,0,0,0,0,0,1,0,0,0
323,161000,-310,46,43,18,30,19,0,0,0,0,0,0,0,0,1,0,0,0
324,161500,257,45,43,12,30,18,0,0,0,0,0,0,0,0,1,0,0,0
325,162000,780,45,42,10,30,19,0,0,0,0,0,0,0,0,1,0,0,0
326,162500,1288,45,42,11,30,19,0,0,0,0,0,0,0,0,1,0,0,0
327,163000,1759,46,44,10,31,19,0,0,0,0,0,0,0,0,1,0,0,0
328,163500,2221,47,45,8,32,19,0,0,0,0,0,0,0,0,1,0,0,0
329,164000,2609,45,43,7,30,19,0,0,0,0,0,0,0,0,1,0,0,0
330,164500,2934,44,42,5,30,19,0,0,0,0,0,0,0,0,1,0,0,0
331,165000,3178,46,43,5,31,19,0,0,0,0,0,0,0,0,1,0,0,0
332,165500,3348,46,44,4,31,20,0,0,0,0,0,0,0,0,1,0,0,0
333,166000,3436,46,43,4,30,19,0,0,0,0,0,0,0,0,1,0,0,0
334,166500,3436,45,43,3,30,18,0,0,0,0,0,0,0,0,1,0,0,0
335,167000,3354,47,44,5,32,20,0,0,0,0,0,0,0,0,1,0,0,0
336,167500,3182,46,43,5,31,19,0,0,0,0,0,0,0,0,1,0,0,0
337,168000,2934,45,42,5,30,19,0,0,0,0,0,0,0,0,1,0,0,0
338,168500,2598,46,44,8,31,19,0,0,0,0,0,0,0,0,1,0,0,0
339,169000,2217,45,43,9,30,19,0,0,0,0,0,0,0,0,1,0,0,0
340,169500,1772,45,42,11,30,18,0,0,0,0,0,0,0,0,1,0,0,0
341,170000,1271,46,42,13,30,19,0,0,0,0,0,0,0,0,1,0,0,0
342,170500,770,47,44,13,31,20,0,0,0,0,0,0,0,0,1,0,0,0
343,171000,231,45,43,16,30,19,0,0,0,0,0,0,0,0,1,0,0,0
344,171500,-292,46,42,20,30,19,0,0,0,0,0,0,0,0,1,0,0,0
345,172000,-863,47,44,23,31,19,0,0,0,0,0,0,0,0,1,0,0,0
346,172500,-1402,47,43,23,32,19,0,0,0,0,0,0,0,0,1,0,0,0
347,173000,-1887,47,43,24,31,19,0,0,0,0,0,0,0,0,1,0,0,0
348,173500,-2363,48,43,27,31,19,0,0,0,0,0,0,0,0,1,0,0,0
349,174000,-2748,46,44,27,30,19,0,0,0,0,0,0,0,0,1,0,0,0
350,174500,-3063,46,42,30,30,19,0,0,0,0,0,0,0,0,1,0,0,0
351,175000,-3307,46,44,30,32,20,0,0,0,0,0,0,0,0,1,0,0,0
352,175500,-3480,47,43,32,30,19,0,0,0,0,0,0,0,0,1,0,0,0
353,176000,-3551,47,42,33,30,19,0,0,0,0,0,0,0,0,1,0,0,0
354,176500,-3551,48,42,33,30,19,0,0,0,0,0,0,0,0,1,0,0,0
355,177000,-3480,46,42,32,30,18,0,0,0,0,0,0,0,0,1,0,0,0
356,177500,-3307,46,42,30,30,18,0,0,0,0,0,0,0,0,1,0,0,0
357,178000,-3063,48,44,30,31,19,0,0,0,0,0,0,0,0,1,0,0,0
358,178500,-2713,47,42,27,30,19,0,0,0,0,0,0,0,0,1,0,0,0
359,179000,-2328,46,42,24,30,19,0,0,0,0,0,0,0,0,1,0,0,0
360,179500,-1874,46,42,22,30,18,0,0,0,0,0,0,0,0,1,0,0,0
361,180000,-1385,46,42,20,30,18,0,0,0,0,0,0,0,0,1,0,0,0
362,180500,-831,45,44,20,31,20,0,0,0,0,0,0,0,0,1,0,0,0
363,181000,-292,46,42,17,30,19,0,0,0,0,0,0,0,0,1,0,0,0
364,181500,278,47,44,13,32,20,0,0,0,0,0,0,0,0,1,0,0,0
365,182000,802,46,43,10,31,19,0,0,0,0,0,0,0,0,1,0,0,0
366,182500,1310,47,44,11,32,20,0,0,0,0,0,0,0,0,1,0,0,0
367,183000,1799,46,44,10,32,19,0,0,0,0,0,0,0,0,1,0,0,0
368,183500,2244,45,43,8,30,19,0,0,0,0,0,0,0,0,1,0,0,0
369,184000,2627,45,42,6,30,19,0,0,0,0,0,0,0,0,1,0,0,0
370,184500,2947,47,44,5,32,20,0,0,0,0,0,0,0,0,1,0,0,0
371,185000,3191,45,43,4,30,19,0,0,0,0,0,0,0,0,1,0,0,0
372,185500,3361,45,44,4,30,19,0,0,0,0,0,0,0,0,1,0,0,0
373,186000,3436,45,43,4,30,19,0,0,0,0,0,0,0,0,1,0,0,0
374,186500,3436,45,43,4,30,19,0,0,0,0,0,0,0,0,1,0,0,0
375,187000,3354,44,43,3,30,19,0,0,0,0,0,0,0,0,1,0,0,0
376,187500,3182,47,44,5,32,20,0,0,0,0,0,0,0,0,1,0,0,0
377,188000,2930,45,43,6,31,19,0,0,0,0,0,0,0,0,1,0,0,0
378,188500,2598,46,44,9,32,20,0,0,0,0,0,0,0,0,1,0,0,0
379,189000,2209,47,45,10,32,20,0,0,0,0,0,0,0,0,1,0,0,0
380,189500,1759,47,44,11,32,20,0,0,0,0,0,0,0,0,1,0,0,0
381,190000,1271,45,43,13,30,19,0,0,0,0,0,0,0,0,1,0,0,0
382,190500,758,45,43,13,30,19,0,0,0,0,0,0,0,0,1,0,0,0
383,191000,218,45,42,16,30,19,0,0,0,0,0,0,0,0,1,0,0,0
384,191500,-304,46,42,20,30,18,0,0,0,0,0,0,0,0,1,0,0,0
385,192000,-876,46,44,21,32,19,0,0,0,0,0,0,0,0,1,0,0,0
386,192500,-1411,47,43,23,31,19,0,0,0,0,0,0,0,0,1,0,0,0
387,193000,-1908,46,42,24,30,19,0,0,0,0,0,0,0,0,1,0,0,0
388,193500,-2363,47,43,26,31,18,0,0,0,0,0,0,0,0,1,0,0,0
389,194000,-2748,46,44,27,32,20,0,0,0,0,0,0,0,0,1,0,0,0
390,194500,-3063,46,44,29,32,20,0,0,0,0,0,0,0,0,1,0,0,0
391,195000,-3307,46,42,30,30,19,0,0,0,0,0,0,0,0,1,0,0,0
392,195500,-3480,48,42,33,31,19,0,0,0,0,0,0,0,0,1,0,0,0
393,196000,-3551,47,42,33,30,19,0,0,0,0,0,0,0,0,1,0,0,0
394,196500,-3551,47,42,33,30,19,0,0,0,0,0,0,0,0,1,0,0,0
395,197000,-3480,48,44,33,32,19,0,0,0,0,0,0,0,0,1,0,0,0
396,197500,-3271,48,43,32,30,19,0,0,0,0,0,0,0,0,1,0,0,0
397,198000,-3027,48,44,30,31,19,0,0,0,0,0,0,0,0,1,0,0,0
398,198500,-2713,46,43,27,30,18,0,0,0,0,0,0,0,0,1,0,0,0
399,199000,-2297,46,44,24,32,20,0,0,0,0,0,0,0,0,1,0,0,0
400,199500,-1874,46,44,21,32,20,0,0,0,0,0,0,0,0,1,0,0,0
401,200000,-1385,47,43,21,32,19,0,0,0,0,0,0,0,0,1,0,0,0
402,200500,-816,46,42,20,30,18,0,0,0,0,0,0,0,0,1,0,0,0
403,201000,-268,45,42,17,30,18,0,0,0,0,0,0,0,0,1,0,0,0
404,201500,297,47,44,13,32,20,0,0,0,0,0,0,0,0,1,0,0,0
405,202000,822,46,43,11,30,19,0,0,0,0,0,0,0,0,1,0,0,0
406,202500,1331,46,43,11,30,19,0,0,0,0,0,0,0,0,1,0,0,0
407,203000,1816,46,43,10,30,19,0,0,0,0,0,0,0,0,1,0,0,0
408,203500,2248,46,44,8,31,19,0,0,0,0,0,0,0,0,1,0,0,0
409,204000,2645,45,42,7,30,19,0,0,0,0,0,0,0,0,1,0,0,0
410,204500,2947,46,44,5,32,19,0,0,0,0,0,0,0,0,1,0,0,0
411,205000,3203,45,43,4,30,19,0,0,0,0,0,0,0,0,1,0,0,0
412,205500,3365,45,42,4,30,18,0,0,0,0,0,0,0,0,1,0,0,0
413,206000,3443,44,42,3,30,19,0,0,0,0,0,0,0,0,1,0,0,0
414,206500,3443,45,43,4,30,19,0,0,0,0,0,0,0,0,1,0,0,0
415,207000,3354,45,43,4,30,19,0,0,0,0,0,0,0,0,1,0,0,0
416,207500,3182,44,43,5,30,19,0,0,0,0,0,0,0,0,1,0,0,0
417,208000,2920,46,44,7,31,19,0,0,0,0,0,0,0,0,1,0,0,0
418,208500,2594,46,44,8,32,19,0,0,0,0,0,0,0,0,1,0,0,0
419,209000,2205,45,43,10,30,19,0,0,0,0,0,0,0,0,1,0,0,0
420,209500,1755,46,44,11,30,20,0,0,0,0,0,0,0,0,1,0,0,0
421,210000,1257,47,44,14,31,20,0,0,0,0,0,0,0,0,1,0,0,0
422,210500,747,45,43,11,30,19,0,0,0,0,0,0,0,0,1,0,0,0
423,211000,206,46,44,17,30,19,0,0,0,0,0,0,0,0,1,0,0,0
424,211500,-319,46,43,20,30,19,0,0,0,0,0,0,0,0,1,0,0,0
425,212000,-889,45,42,21,30,19,0,0,0,0,0,0,0,0,1,0,0,0
426,212500,-1454,48,42,23,31,19,0,0,0,0,0,0,0,0,1,0,0,0
427,213000,-1943,46,44,23,32,20,0,0,0,0,0,0,0,0,1,0,0,0
428,213500,-2363,47,43,27,31,19,0,0,0,0,0,0,0,0,1,0,0,0
429,214000,-2748,46,42,27,30,19,0,0,0,0,0,0,0,0,1,0,0,0
430,214500,-3063,46,43,31,30,19,0,0,0,0,0,0,0,0,1,0,0,0
431,215000,-3307,46,42,30,30,18,0,0,0,0,0,0,0,0,1,0,0,0
432,215500,-3480,48,44,33,31,19,0,0,0,0,0,0,0,0,1,0,0,0
433,216000,-3551,48,44,33,31,19,0,0,0,0,0,0,0,0,1,0,0,0
434,216500,-3551,48,43,33,31,19,0,0,0,0,0,0,0,0,1,0,0,0
435,217000,-3445,47,43,33,30,19,0,0,0,0,0,0,0,0,1,0,0,0
436,217500,-3271,46,44,30,32,20,0,0,0,0,0,0,0,0,1,0,0,0
437,218000,-3027,46,43,30,30,19,0,0,0,0,0,0,0,0,1,0,0,0
438,218500,-2674,47,43,29,31,19,0,0,0,0,0,0,0,0,1,0,0,0
439,219000,-2293,46,44,24,32,19,0,0,0,0,0,0,0,0,1,0,0,0
440,219500,-1830,46,44,21,32,20,0,0,0,0,0,0,0,0,1,0,0,0
441,220000,-1350,46,43,21,30,19,0,0,0,0,0,0,0,0,1,0,0,0
442,220500,-794,48,42,20,30,19,0,0,0,0,0,0,0,0,1,0,0,0
443,221000,-249,46,43,17,30,19,0,0,0,0,0,0,0,0,1,0,0,0
444,221500,300,45,42,14,30,19,0,0,0,0,0,0,0,0,1,0,0,0
445,222000,840,47,44,11,32,20,0,0,0,0,0,0,0,0,1,0,0,0
446,222500,1340,47,45,11,32,20,0,0,0,0,0,0,0,0,1,0,0,0
447,223000,1829,46,43,10,30,19,0,0,0,0,0,0,0,0,1,0,0,0
448,223500,2273,45,42,8,30,19,0,0,0,0,0,0,0,0,1,0,0,0
449,224000,2658,45,42,5,30,18,0,0,0,0,0,0,0,0,1,0,0,0
450,224500,2973,45,43,5,30,19,0,0,0,0,0,0,0,0,1,0,0,0
451,225000,3213,47,44,5,32,20,0,0,0,0,0,0,0,0,1,0,0,0
452,225500,3365,47,45,5,32,20,0,0,0,0,0,0,0,0,1,0,0,0
453,226000,3449,45,43,4,30,19,0,0,0,0,0,0,0,0,1,0,0,0
454,226500,3436,46,43,4,26,19,0,0,0,0,0,0,0,0,1,0,0,0
455,227000,3354,44,45,4,29,19,0,0,0,0,0,0,0,0,1,0,0,0
456,227500,3178,47,45,5,32,18,0,0,0,0,0,0,0,0,1,0,0,0
457,228000,2920,45,43,2,30,18,0,0,0,0,0,0,0,0,1,0,0,0
458,228500,2588,48,42,8,31,19,0,0,0,0,0,0,0,0,1,0,0,0
459,229000,2178,46,44,10,31,19,0,0,0,0,0,0,0,0,1,0,0,0
460,229500,1742,45,43,11,30,19,0,0,0,0,0,0,0,0,1,0,0,0
461,230000,1248,47,44,14,32,20,0,0,0,0,0,0,0,0,1,0,0,0
462,230500,735,46,44,14,32,19,0,0,0,0,0,0,0,0,1,0,0,0
463,231000,192,46,43,17,31,19,0,0,0,0,0,0,0,0,1,0,0,0
464,231500,-354,46,42,19,30,19,0,0,0,0,0,0,0,0,1,0,0,0
465,232000,-898,46,42,22,30,18,0,0,0,0,0,0,0,0,1,0,0,0
466,232500,-1454,46,42,22,30,18,0,0,0,0,0,0,0,0,1,0,0,0
467,233000,-1943,46,42,23,30,19,0,0,0,0,0,0,0,0,1,0,0,0
468,233500,-2363,46,42,26,30,19,0,0,0,0,0,0,0,0,1,0,0,0
469,234000,-2748,46,44,30,31,19,0,0,0,0,0,0,0,0,1,0,0,0
470,234500,-3063,47,43,30,36,19,0,0,0,0,0,0,0,0,1,0,0,0
471,235000,-3307,46,37,32,31,19,0,0,0,0,0,0,0,0,1,0,0,0
472,235500,-3480,46,41,32,30,16,0,0,0,0,0,0,0,0,1,0,0,0
473,236000,-3551,46,42,38,30,18,0,0,0,0,0,0,0,0,1,0,0,0
474,236500,-3551,50,42,32,30,19,0,0,0,0,0,0,0,0,1,0,0,0
475,237000,-3445,46,43,32,30,19,0,0,0,0,0,0,0,0,1,0,0,0
476,237500,-3271,46,44,30,32,19,0,0,0,0,0,0,0,0,1,0,0,0
477,238000,-3027,46,44,29,31,20,0,0,0,0,0,0,0,0,1,0,0,0
478,238500,-2660,48,44,29,31,19,0,0,0,0,0,0,0,0,1,0,0,0
479,239000,-2293,47,43,26,32,19,0,0,0,0,0,0,0,0,1,0,0,0
480,239500,-1813,46,44,21,32,20,0,0,0,0,0,0,0,0,1,0,0,0
481,240000,-1319,46,42,20,30,19,0,0,0,0,0,0,0,0,1,0,0,0
482,240500,-777,46,42,20,30,19,0,0,0,0,0,0,0,0,1,0,0,0
483,241000,-232,47,42,18,31,19,0,0,0,0,0,0,0,0,1,0,0,0
484,241500,320,46,43,14,31,20,0,0,0,0,0,0,0,0,1,0,0,0
485,242000,859,46,43,10,30,19,0,0,0,0,0,0,0,0,1,0,0,0
486,242500,1366,46,43,11,30,19,0,0,0,0,0,0,0,0,1,0,0,0
487,243000,1829,46,43,8,30,19,0,0,0,0,0,0,0,0,1,0,0,0
488,243500,2283,45,42,7,30,19,0,0,0,0,0,0,0,0,1,0,0,0
489,244000,2668,45,42,1,30,19,0,0,0,0,0,0,0,0,1,0,0,0
490,244500,2980,40,43,5,30,18,0,0,0,0,0,0,0,0,1,0,0,0
491,245000,3221,45,43,4,28,19,0,0,0,0,0,0,0,0,1,0,0,0
492,245500,3365,46,42,4,31,20,0,0,0,0,0,0,0,0,1,0,0,0
493,246000,3457,46,42,4,32,20,0,0,0,0,0,0,0,0,1,0,0,0
494,246500,3436,46,44,5,31,20,0,0,0,0,0,0,0,0,1,0,0,0
495,247000,3348,44,43,4,30,19,0,0,0,0,0,0,0,0,1,0,0,0
496,247500,3156,47,44,5,32,19,0,0,0,0,0,0,0,0,1,0,0,0
497,248000,2916,46,44,7,32,19,0,0,0,0,0,0,0,0,1,0,0,0
498,248500,2580,45,43,8,30,19,0,0,0,0,0,0,0,0,1,0,0,0
499,249000,2178,45,42,9,30,19,0,0,0,0,0,0,0,0,1,0,0,0
500,249500,1729,46,42,11,31,19,0,0,0,0,0,0,0,0,1,0,0,0
501,250000,1230,45,43,13,30,19,0,0,0,0,0,0,0,0,1,0,0,0
502,250500,719,45,43,11,30,19,0,0,0,0,0,0,0,0,1,0,0,0
503,251000,181,46,39,17,31,19,0,0,0,0,0,0,0,0,1,0,0,0
504,251500,-370,45,42,19,30,14,0,0,0,0,0,0,0,0,1,0,0,0
505,252000,-915,45,42,18,30,17,0,0,0,0,0,0,0,0,1,0,0,0
506,252500,-1454,46,43,22,30,18,0,0,0,0,0,0,0,0,1,0,0,0
507,253000,-1943,46,44,24,27,20,0,0,0,0,0,0,0,0,1,0,0,0
508,253500,-2367,46,45,25,31,20,0,0,0,0,0,0,0,0,1,0,0,0
509,254000,-2783,45,43,30,30,19,0,0,0,0,0,0,0,0,1,0,0,0
510,254500,-3063,46,44,33,32,19,0,0,0,0,0,0,0,0,1,0,0,0
511,255000,-3307,47,43,32,30,19,0,0,0,0,0,0,0,0,1,0,0,0
512,255500,-3480,47,42,33,31,18,0,0,0,0,0,0,0,0,1,0,0,0
513,256000,-3551,46,44,32,31,19,0,0,0,0,0,0,0,0,1,0,0,0
514,256500,-3512,46,45,32,32,19,0,0,0,0,0,0,0,0,1,0,0,0
515,257000,-3445,46,42,32,30,19,0,0,0,0,0,0,0,0,1,0,0,0
516,257500,-3271,46,42,30,30,18,0,0,0,0,0,0,0,0,1,0,0,0
517,258000,-2992,48,43,30,32,19,0,0,0,0,0,0,0,0,1,0,0,0
518,258500,-2652,48,43,27,31,19,0,0,0,0,0,0,0,0,1,0,0,0
519,259000,-2250,48,44,25,32,19,0,0,0,0,0,0,0,0,1,0,0,0
520,259500,-1804,47,43,23,30,14,0,0,0,0,0,0,0,0,1,0,0,0
521,260000,-1314,45,44,20,32,18,0,0,0,0,0,0,0,0,1,0,0,0
522,260500,-760,46,43,21,30,19,0,0,0,0,0,0,0,0,1,0,0,0
523,261000,-210,47,44,18,31,19,0,0,0,0,0,0,0,0,1,0,0,0
524,261500,338,46,44,14,31,19,0,0,0,0,0,0,0,0,1,0,0,0
525,262000,877,46,43,10,31,19,0,0,0,0,0,0,0,0,1,0,0,0
526,262500,1384,47,44,11,32,19,0,0,0,0,0,0,0,0,1,0,0,0
527,263000,1868,46,43,10,32,19,0,0,0,0,0,0,0,0,1,0,0,0
528,263500,2305,46,43,8,30,19,0,0,0,0,0,0,0,0,1,0,0,0
529,264000,2668,46,44,7,31,19,0,0,0,0,0,0,0,0,1,0,0,0
530,264500,2994,45,43,5,30,19,0,0,0,0,0,0,0,0,1,0,0,0
531,265000,3227,46,44,5,31,19,0,0,0,0,0,0,0,0,1,0,0,0
532,265500,3387,45,43,4,30,19,0,0,0,0,0,0,0,0,1,0,0,0
533,266000,3457,45,43,4,30,19,0,0,0,0,0,0,0,0,1,0,0,0
534,266500,3436,47,44,4,32,20,0,0,0,0,0,0,0,0,1,0,0,0
535,267000,3348,45,43,4,30,19,0,0,0,0,0,0,0,0,1,0,0,0
536,267500,3170,44,43,5,30,16,0,0,0,0,0,0,0,0,1,0,0,0
537,268000,2906,45,43,7,31,18,0,0,0,0,0,0,0,0,1,0,0,0
538,268500,2570,47,44,8,32,20,0,0,0,0,0,0,0,0,1,0,0,0
539,269000,2174,46,43,10,26,20,0,0,0,0,0,0,0,0,1,0,0,0
540,269500,1720,46,43,11,31,19,0,0,0,0,0,0,0,0,1,0,0,0
541,270000,1222,45,42,13,30,19,0,0,0,0,0,0,0,0,1,0,0,0
542,270500,707,46,42,19,31,19,0,0,0,0,0,0,0,0,1,0,0,0
543,271000,166,47,44,18,32,20,0,0,0,0,0,0,0,0,1,0,0,0
544,271500,-382,46,42,19,33,18,0,0,0,0,0,0,0,0,1,0,0,0
545,272000,-924,46,42,23,32,19,0,0,0,0,0,0,0,0,1,0,0,0
546,272500,-1459,46,43,22,30,19,0,0,0,0,0,0,0,0,1,0,0,0
547,273000,-1943,47,44,23,31,19,0,0,0,0,0,0,0,0,1,0,0,0
548,273500,-2371,46,43,26,30,19,0,0,0,0,0,0,0,0,1,0,0,0
549,274000,-2783,48,43,30,32,19,0,0,0,0,0,0,0,0,1,0,0,0
550,274500,-3066,47,42,30,30,19,0,0,0,0,0,0,0,0,1,0,0,0
551,275000,-3342,46,42,32,30,18,0,0,0,0,0,0,0,0,1,0,0,0
552,275500,-3480,46,44,32,32,20,0,0,0,0,0,0,0,0,1,0,0,0
553,276000,-3551,48,43,35,30,19,0,0,0,0,0,0,0,0,1,0,0,0
554,276500,-3512,48,43,33,30,19,0,0,0,0,0,0,0,0,1,0,0,0
555,277000,-3445,46,44,32,32,20,0,0,0,0,0,0,0,0,1,0,0,0
556,277500,-3232,46,43,30,30,19,0,0,0,0,0,0,0,0,1,0,0,0
557,278000,-2992,48,44,30,30,23,0,0,0,0,0,0,0,0,1,0,0,0
558,278500,-2643,46,43,21,30,20,0,0,0,0,0,0,0,0,1,0,0,0
559,279000,-2236,40,42,24,30,19,0,0,0,0,0,0,0,0,1,0,0,0
560,279500,-1804,46,42,22,27,19,0,0,0,0,0,0,0,0,1,0,0,0
561,280000,-1275,45,42,19,30,19,0,0,0,0,0,0,0,0,1,0,0,0
562,280500,-738,46,42,20,30,18,0,0,0,0,0,0,0,0,1,0,0,0
563,281000,-193,46,42,17,30,18,0,0,0,0,0,0,0,0,1,0,0,0
564,281500,355,47,44,14,32,20,0,0,0,0,0,0,0,0,1,0,0,0
565,282000,895,47,44,11,32,20,0,0,0,0,0,0,0,0,1,0,0,0
566,282500,1401,45,43,11,30,19,0,0,0,0,0,0,0,0,1,0,0,0
567,283000,1882,46,44,10,31,19,0,0,0,0,0,0,0,0,1,0,0,0
568,283500,2318,45,43,8,30,19,0,0,0,0,0,0,0,0,1,0,0,0
569,284000,2693,46,44,7,32,19,0,0,0,0,0,0,0,0,1,0,0,0
570,284500,3004,46,44,5,32,19,0,0,0,0,0,0,0,0,1,0,0,0
571,285000,3227,46,43,4,31,20,0,0,0,0,0,0,0,0,1,0,0,0
572,285500,3393,44,43,4,30,19,0,0,0,0,0,0,0,0,1,0,0,0
573,286000,3467,45,43,4,30,19,0,0,0,0,0,0,0,0,1,0,0,0
574,286500,3449,44,43,4,30,19,0,0,0,0,0,0,0,0,1,0,0,0
575,287000,3348,46,43,5,31,19,0,0,0,0,0,0,0,0,1,0,0,0
576,287500,3164,45,43,5,30,19,0,0,0,0,0,0,0,0,1,0,0,0
577,288000,2898,47,44,7,32,20,0,0,0,0,0,0,0,0,1,0,0,0
578,288500,2563,45,43,8,30,19,0,0,0,0,0,0,0,0,1,0,0,0
579,289000,2164,45,43,8,30,19,0,0,0,0,0,0,0,0,1,0,0,0
580,289500,1707,45,42,11,30,19,0,0,0,0,0,0,0,0,1,0,0,0
581,290000,1200,45,42,13,30,18,0,0,0,0,0,0,0,0,1,0,0,0
582,290500,693,44,42,13,30,18,0,0,0,0,0,0,0,0,1,0,0,0
583,291000,152,45,42,16,30,18,0,0,0,0,0,0,0,0,1,0,0,0
584,291500,-396,46,43,20,30,19,0,0,0,0,0,0,0,0,1,0,0,0
585,292000,-941,47,43,23,31,19,0,0,0,0,0,0,0,0,1,0,0,0
586,292500,-1472,46,42,22,30,19,0,0,0,0,0,0,0,0,1,0,0,0
587,293000,-1952,46,42,24,30,18,0,0,0,0,0,0,0,0,1,0,0,0
588,293500,-2385,47,42,27,30,19,0,0,0,0,0,0,0,0,1,0,0,0
589,294000,-2783,48,44,28,30,19,0,0,0,0,0,0,0,0,1,0,0,0
590,294500,-3074,46,45,30,31,19,0,0,0,0,0,0,0,0,1,0,0,0
591,295000,-3342,46,42,31,30,19,0,0,0,0,0,0,0,0,1,0,0,0
592,295500,-3480,46,42,32,30,19,0,0,0,0,0,0,0,0,1,0,0,0
593,296000,-3551,46,42,32,30,19,0,0,0,0,0,0,0,0,1,0,0,0
594,296500,-3512,46,42,32,30,18,0,0,0,0,0,0,0,0,1,0,0,0
595,297000,-3445,47,42,32,30,19,0,0,0,0,0,0,0,0,1,0,0,0
596,297500,-3236,47,42,30,30,18,0,0,0,0,0,0,0,0,1,0,0,0
597,298000,-2992,48,42,30,31,19,0,0,0,0,0,0,0,0,1,0,0,0
598,298500,-2643,46,44,26,32,19,0,0,0,0,0,0,0,0,1,0,0,0
599,299000,-2223,47,43,24,32,19,0,0,0,0,0,0,0,0,1,0,0,0
600,299500,-1765,48,44,23,31,20,0,0,0,0,0,0,0,0,1,0,0,0
601,300000,-1267,46,45,20,32,20,0,0,0,0,0,0,0,0,1,0,0,0
602,300500,-721,46,42,20,30,19,0,0,0,0,0,0,0,0,1,0,0,0
603,301000,-175,45,42,16,30,19,0,0,0,0,0,0,0,0,1,0,0,0
604,301500,373,47,44,14,32,20,0,0,0,0,0,0,0,0,1,0,0,0
605,302000,911,46,43,8,30,19,0,0,0,0,0,0,0,0,1,0,0,0
606,302500,1410,45,43,11,30,19,0,0,0,0,0,0,0,0,1,0,0,0
607,303000,1899,46,43,10,31,19,0,0,0,0,0,0,0,0,1,0,0,0
608,303500,2318,46,44,8,32,20,0,0,0,0,0,0,0,0,1,0,0,0
609,304000,2701,46,43,7,31,19,0,0,0,0,0,0,0,0,1,0,0,0
610,304500,3012,46,43,5,30,19,0,0,0,0,0,0,0,0,1,0,0,0
611,305000,3244,45,42,4,30,19,0,0,0,0,0,0,0,0,1,0,0,0
612,305500,3396,44,42,4,30,19,0,0,0,0,0,0,0,0,1,0,0,0
613,306000,3467,45,42,3,30,19,0,0,0,0,0,0,0,0,1,0,0,0
614,306500,3436,47,44,4,32,20,0,0,0,0,0,0,0,0,1,0,0,0
615,307000,3344,45,43,4,30,19,0,0,0,0,0,0,0,0,1,0,0,0
616,307500,3156,45,43,5,30,19,0,0,0,0,0,0,0,0,1,0,0,0
617,308000,2877,46,44,7,32,20,0,0,0,0,0,0,0,0,1,0,0,0
618,308500,2553,46,45,8,32,20,0,0,0,0,0,0,0,0,1,0,0,0
619,309000,2152,46,44,10,32,19,0,0,0,0,0,0,0,0,1,0,0,0
620,309500,1689,45,43,11,30,19,0,0,0,0,0,0,0,0,1,0,0,0
621,310000,1196,45,42,14,30,18,0,0,0,0,0,0,0,0,1,0,0,0
622,310500,679,45,43,13,30,19,0,0,0,0,0,0,0,0,1,0,0,0
623,311000,138,46,43,17,31,19,0,0,0,0,0,0,0,0,1,0,0,0
624,311500,-414,45,44,19,32,20,0,0,0,0,0,0,0,0,1,0,0,0
625,312000,-958,46,43,23,30,18,0,0,0,0,0,0,0,0,1,0,0,0
626,312500,-1489,46,42,22,30,18,0,0,0,0,0,0,0,0,1,0,0,0
627,313000,-1961,45,44,23,32,20,0,0,0,0,0,0,0,0,1,0,0,0
628,313500,-2395,46,42,26,30,19,0,0,0,0,0,0,0,0,1,0,0,0
629,314000,-2783,48,44,30,31,19,0,0,0,0,0,0,0,0,1,0,0,0
630,314500,-3080,46,44,30,32,19,0,0,0,0,0,0,0,0,1,0,0,0
631,315000,-3342,48,43,33,31,19,0,0,0,0,0,0,0,0,1,0,0,0
632,315500,-3480,48,44,33,32,19,0,0,0,0,0,0,0,0,1,0,0,0
633,316000,-3551,48,44,34,31,19,0,0,0,0,0,0,0,0,1,0,0,0
634,316500,-3512,46,43,32,30,19,0,0,0,0,0,0,0,0,1,0,0,0
635,317000,-3412,46,42,30,30,18,0,0,0,0,0,0,0,0,1,0,0,0
636,317500,-3215,47,42,31,30,19,0,0,0,0,0,0,0,0,1,0,0,0
637,318000,-2949,46,42,28,30,18,0,0,0,0,0,0,0,0,1,0,0,0
638,318500,-2643,45,43,26,30,18,0,0,0,0,0,0,0,0,1,0,0,0
639,319000,-2223,48,43,25,31,19,0,0,0,0,0,0,0,0,1,0,0,0
640,319500,-1769,45,42,21,30,19,0,0,0,0,0,0,0,0,1,0,0,0
641,320000,-1249,46,42,19,30,18,0,0,0,0,0,0,0,0,1,0,0,0
642,320500,-703,45,42,19,30,19,0,0,0,0,0,0,0,0,1,0,0,0
643,321000,-138,46,44,17,32,19,0,0,0,0,0,0,0,0,1,0,0,0
644,321500,391,47,44,14,32,20,0,0,0,0,0,0,0,0,1,0,0,0
645,322000,930,47,44,10,32,20,0,0,0,0,0,0,0,0,1,0,0,0
646,322500,1410,47,44,11,32,20,0,0,0,0,0,0,0,0,1,0,0,0
647,323000,1912,45,43,8,30,19,0,0,0,0,0,0,0,0,1,0,0,0
648,323500,2344,45,42,8,30,19,0,0,0,0,0,0,0,0,1,0,0,0
649,324000,2719,47,44,7,32,20,0,0,0,0,0,0,0,0,1,0,0,0
650,324500,3016,46,45,5,32,20,0,0,0,0,0,0,0,0,1,0,0,0
651,325000,3256,45,43,4,30,19,0,0,0,0,0,0,0,0,1,0,0,0
652,325500,3400,45,43,4,31,19,0,0,0,0,0,0,0,0,1,0,0,0
653,326000,3467,47,44,5,32,20,0,0,0,0,0,0,0,0,1,0,0,0
654,326500,3436,46,45,4,32,20,0,0,0,0,0,0,0,0,1,0,0,0
655,327000,3340,45,43,4,30,19,0,0,0,0,0,0,0,0,1,0,0,0
656,327500,3156,44,43,5,30,18,0,0,0,0,0,0,0,0,1,0,0,0
657,328000,2885,45,43,7,30,19,0,0,0,0,0,0,0,0,1,0,0,0
658,328500,2527,45,43,8,30,19,0,0,0,0,0,0,0,0,1,0,0,0
659,329000,2143,45,43,9,30,19,0,0,0,0,0,0,0,0,1,0,0,0
660,329500,1681,47,44,11,32,20,0,0,0,0,0,0,0,0,1,0,0,0
661,330000,1179,46,43,14,32,19,0,0,0,0,0,0,0,0,1,0,0,0
662,330500,665,46,44,13,31,19,0,0,0,0,0,0,0,0,1,0,0,0
663,331000,148,47,45,17,32,20,0,0,0,0,0,0,0,0,1,0,0,0
664,331500,-427,45,43,19,30,18,0,0,0,0,0,0,0,0,1,0,0,0
665,332000,-967,45,44,22,32,19,0,0,0,0,0,0,0,0,1,0,0,0
666,332500,-1524,48,43,23,31,19,0,0,0,0,0,0,0,0,1,0,0,0
667,333000,-1975,45,44,24,32,20,0,0,0,0,0,0,0,0,1,0,0,0
668,333500,-2434,46,42,26,30,19,0,0,0,0,0,0,0,0,1,0,0,0
669,334000,-2783,47,42,27,30,18,0,0,0,0,0,0,0,0,1,0,0,0
670,334500,-3084,46,44,30,32,19,0,0,0,0,0,0,0,0,1,0,0,0
671,335000,-3342,47,43,31,30,19,0,0,0,0,0,0,0,0,1,0,0,0
672,335500,-3480,46,44,32,31,20,0,0,0,0,0,0,0,0,1,0,0,0
673,336000,-3551,46,44,33,32,20,0,0,0,0,0,0,0,0,1,0,0,0
674,336500,-3508,46,43,32,30,19,0,0,0,0,0,0,0,0,1,0,0,0
675,337000,-3412,46,42,32,30,18,0,0,0,0,0,0,0,0,1,0,0,0
676,337500,-3211,47,42,30,30,18,0,0,0,0,0,0,0,0,1,0,0,0
677,338000,-2939,46,42,29,30,18,0,0,0,0,0,0,0,0,1,0,0,0
678,338500,-2607,46,44,26,32,19,0,0,0,0,0,0,0,0,1,0,0,0
679,339000,-2223,46,44,24,32,19,0,0,0,0,0,0,0,0,1,0,0,0
680,339500,-1734,46,43,21,30,19,0,0,0,0,0,0,0,0,1,0,0,0
681,340000,-1245,46,43,19,30,18,0,0,0,0,0,0,0,0,1,0,0,0
682,340500,-685,47,44,20,32,19,0,0,0,0,0,0,0,0,1,0,0,0
683,341000,-120,46,43,17,30,19,0,0,0,0,0,0,0,0,1,0,0,0
684,341500,408,45,42,14,30,18,0,0,0,0,0,0,0,0,1,0,0,0
685,342000,947,46,44,8,31,19,0,0,0,0,0,0,0,0,1,0,0,0
686,342500,1449,46,44,11,31,20,0,0,0,0,0,0,0,0,1,0,0,0
687,343000,1930,45,42,8,30,19,0,0,0,0,0,0,0,0,1,0,0,0
688,343500,2357,44,42,7,30,18,0,0,0,0,0,0,0,0,1,0,0,0
689,344000,2732,46,43,5,30,19,0,0,0,0,0,0,0,0,1,0,0,0
690,344500,3033,45,43,5,30,19,0,0,0,0,0,0,0,0,1,0,0,0
691,345000,3262,45,42,4,30,19,0,0,0,0,0,0,0,0,1,0,0,0
692,345500,3400,44,42,4,30,19,0,0,0,0,0,0,0,0,1,0,0,0
693,346000,3467,46,44,4,31,20,0,0,0,0,0,0,0,0,1,0,0,0
694,346500,3443,45,43,4,30,19,0,0,0,0,0,0,0,0,1,0,0,0
695,347000,3336,45,43,4,31,19,0,0,0,0,0,0,0,0,1,0,0,0
696,347500,3146,45,42,5,30,19,0,0,0,0,0,0,0,0,1,0,0,0
697,348000,2877,46,44,8,32,20,0,0,0,0,0,0,0,0,1,0,0,0
698,348500,2527,45,43,8,30,19,0,0,0,0,0,0,0,0,1,0,0,0
699,349000,2125,44,42,10,30,19,0,0,0,0,0,0,0,0,1,0,0,0
700,349500,1668,44,42,11,30,19,0,0,0,0,0,0,0,0,1,0,0,0
701,350000,1170,46,44,14,31,20,0,0,0,0,0,0,0,0,1,0,0,0
702,350500,650,46,43,13,30,19,0,0,0,0,0,0,0,0,1,0,0,0
703,351000,134,45,42,16,30,18,0,0,0,0,0,0,0,0,1,0,0,0
704,351500,-439,45,44,19,32,20,0,0,0,0,0,0,0,0,1,0,0,0
705,352000,-984,47,43,23,32,19,0,0,0,0,0,0,0,0,1,0,0,0
706,352500,-1524,47,43,23,30,19,0,0,0,0,0,0,0,0,1,0,0,0
707,353000,-2014,45,42,23,30,19,0,0,0,0,0,0,0,0,1,0,0,0
708,353500,-2434,48,42,27,31,19,0,0,0,0,0,0,0,0,1,0,0,0
709,354000,-2791,47,43,29,30,19,0,0,0,0,0,0,0,0,1,0,0,0
710,354500,-3131,48,43,32,31,19,0,0,0,0,0,0,0,0,1,0,0,0
711,355000,-3342,46,42,31,30,19,0,0,0,0,0,0,0,0,1,0,0,0
712,355500,-3480,46,44,32,32,20,0,0,0,0,0,0,0,0,1,0,0,0
713,356000,-3551,46,44,32,32,20,0,0,0,0,0,0,0,0,1,0,0,0
714,356500,-3516,46,43,32,30,19,0,0,0,0,0,0,0,0,1,0,0,0
715,357000,-3412,46,44,31,32,20,0,0,0,0,0,0,0,0,1,0,0,0
716,357500,-3205,46,43,30,30,19,0,0,0,0,0,0,0,0,1,0,0,0
717,358000,-2932,46,42,29,30,18,0,0,0,0,0,0,0,0,1,0,0,0
718,358500,-2586,48,43,27,31,19,0,0,0,0,0,0,0,0,1,0,0,0
719,359000,-2189,46,42,24,30,19,0,0,0,0,0,0,0,0,1,0,0,0
720,359500,-1734,46,44,21,32,19,0,0,0,0,0,0,0,0,1,0,0,0
721,360000,-1245,48,43,21,32,19,0,0,0,0,0,0,0,0,1,0,0,0
722,360500,-667,46,43,20,30,19,0,0,0,0,0,0,0,0,1,0,0,0
723,361000,-104,45,42,17,30,19,0,0,0,0,0,0,0,0,1,0,0,0
724,361500,425,45,42,13,30,19,0,0,0,0,0,0,0,0,1,0,0,0
725,362000,961,47,44,11,32,20,0,0,0,0,0,0,0,0,1,0,0,0
726,362500,1467,46,44,11,32,20,0,0,0,0,0,0,0,0,1,0,0,0
727,363000,1942,45,43,8,30,19,0,0,0,0,0,0,0,0,1,0,0,0
728,363500,2369,47,44,8,32,20,0,0,0,0,0,0,0,0,1,0,0,0
729,364000,2736,45,43,5,30,19,0,0,0,0,0,0,0,0,1,0,0,0
730,364500,3039,45,43,5,30,19,0,0,0,0,0,0,0,0,1,0,0,0
731,365000,3266,47,44,5,32,20,0,0,0,0,0,0,0,0,1,0,0,0
732,365500,3414,45,43,4,30,19,0,0,0,0,0,0,0,0,1,0,0,0
733,366000,3475,46,44,4,31,19,0,0,0,0,0,0,0,0,1,0,0,0
734,366500,3436,45,43,4,30,19,0,0,0,0,0,0,0,0,1,0,0,0
735,367000,3336,44,43,4,30,19,0,0,0,0,0,0,0,0,1,0,0,0
736,367500,3143,44,42,5,30,19,0,0,0,0,0,0,0,0,1,0,0,0
737,368000,2867,47,44,7,32,20,0,0,0,0,0,0,0,0,1,0,0,0
738,368500,2523,46,44,8,31,19,0,0,0,0,0,0,0,0,1,0,0,0
739,369000,2107,45,43,10,30,19,0,0,0,0,0,0,0,0,1,0,0,0
740,369500,1654,45,42,11,30,18,0,0,0,0,0,0,0,0,1,0,0,0
741,370000,1131,46,44,14,30,19,0,0,0,0,0,0,0,0,1,0,0,0
742,370500,635,47,44,14,32,20,0,0,0,0,0,0,0,0,1,0,0,0
743,371000,119,45,43,16,30,19,0,0,0,0,0,0,0,0,1,0,0,0
744,371500,-457,46,44,19,32,20,0,0,0,0,0,0,0,0,1,0,0,0
745,372000,-1002,45,43,22,30,19,0,0,0,0,0,0,0,0,1,0,0,0
746,372500,-1524,46,42,23,30,18,0,0,0,0,0,0,0,0,1,0,0,0
747,373000,-2014,47,42,25,31,19,0,0,0,0,0,0,0,0,1,0,0,0
748,373500,-2434,47,43,27,30,19,0,0,0,0,0,0,0,0,1,0,0,0
749,374000,-2795,48,45,29,30,19,0,0,0,0,0,0,0,0,1,0,0,0
750,374500,-3131,46,43,30,30,19,0,0,0,0,0,0,0,0,1,0,0,0
751,375000,-3342,46,42,32,30,19,0,0,0,0,0,0,0,0,1,0,0,0
752,375500,-3480,48,44,33,30,19,0,0,0,0,0,0,0,0,1,0,0,0
753,376000,-3551,46,45,32,32,20,0,0,0,0,0,0,0,0,1,0,0,0
754,376500,-3516,46,43,33,30,19,0,0,0,0,0,0,0,0,1,0,0,0
755,377000,-3412,48,42,32,30,19,0,0,0,0,0,0,0,0,1,0,0,0
756,377500,-3201,46,42,30,30,19,0,0,0,0,0,0,0,0,1,0,0,0
757,378000,-2922,46,42,28,30,18,0,0,0,0,0,0,0,0,1,0,0,0
758,378500,-2572,47,42,27,30,19,0,0,0,0,0,0,0,0,1,0,0,0
759,379000,-2166,46,42,24,30,19,0,0,0,0,0,0,0,0,1,0,0,0
760,379500,-1734,46,44,21,31,19,0,0,0,0,0,0,0,0,1,0,0,0
761,380000,-1210,45,44,19,32,20,0,0,0,0,0,0,0,0,1,0,0,0
762,380500,-656,45,43,19,32,19,0,0,0,0,0,0,0,0,1,0,0,0
763,381000,-87,46,43,17,31,19,0,0,0,0,0,0,0,0,1,0,0,0
764,381500,442,47,44,14,32,20,0,0,0,0,0,0,0,0,1,0,0,0
765,382000,979,46,43,8,30,19,0,0,0,0,0,0,0,0,1,0,0,0
766,382500,1479,46,42,11,30,19,0,0,0,0,0,0,0,0,1,0,0,0
767,383000,1956,45,42,8,30,19,0,0,0,0,0,0,0,0,1,0,0,0
768,383500,2383,46,44,8,31,19,0,0,0,0,0,0,0,0,1,0,0,0
769,384000,2754,45,43,5,30,19,0,0,0,0,0,0,0,0,1,0,0,0
770,384500,3051,45,42,5,30,19,0,0,0,0,0,0,0,0,1,0,0,0
771,385000,3273,46,42,4,32,19,0,0,0,0,0,0,0,0,1,0,0,0
772,385500,3414,46,43,4,32,19,0,0,0,0,0,0,0,0,1,0,0,0
773,386000,3471,47,44,4,32,20,0,0,0,0,0,0,0,0,1,0,0,0
774,386500,3443,45,43,4,30,19,0,0,0,0,0,0,0,0,1,0,0,0
775,387000,3330,45,42,4,30,18,0,0,0,0,0,0,0,0,1,0,0,0
776,387500,3139,45,42,5,30,19,0,0,0,0,0,0,0,0,1,0,0,0
777,388000,2859,46,44,7,30,19,0,0,0,0,0,0,0,0,1,0,0,0
778,388500,2514,46,43,8,30,19,0,0,0,0,0,0,0,0,1,0,0,0
779,389000,2107,45,42,10,30,19,0,0,0,0,0,0,0,0,1,0,0,0
780,389500,1619,47,44,12,32,20,0,0,0,0,0,0,0,0,1,0,0,0
781,390000,1131,46,44,14,31,19,0,0,0,0,0,0,0,0,1,0,0,0
782,390500,621,47,44,14,32,20,0,0,0,0,0,0,0,0,1,0,0,0
783,391000,103,45,43,16,30,19,0,0,0,0,0,0,0,0,1,0,0,0
784,391500,-474,46,42,20,30,19,0,0,0,0,0,0,0,0,1,0,0,0
785,392000,-1015,45,44,23,32,20,0,0,0,0,0,0,0,0,1,0,0,0
786,392500,-1542,47,43,23,32,19,0,0,0,0,0,0,0,0,1,0,0,0
787,393000,-2014,48,44,25,31,19,0,0,0,0,0,0,0,0,1,0,0,0
788,393500,-2441,48,43,27,30,19,0,0,0,0,0,0,0,0,1,0,0,0
789,394000,-2809,46,44,28,32,19,0,0,0,0,0,0,0,0,1,0,0,0
790,394500,-3131,46,43,30,30,19,0,0,0,0,0,0,0,0,1,0,0,0
791,395000,-3342,48,42,33,31,19,0,0,0,0,0,0,0,0,1,0,0,0
792,395500,-3480,46,43,32,30,18,0,0,0,0,0,0,0,0,1,0,0,0
793,396000,-3551,46,42,32,30,18,0,0,0,0,0,0,0,0,1,0,0,0
794,396500,-3504,47,42,33,30,19,0,0,0,0,0,0,0,0,1,0,0,0
795,397000,-3412,46,42,32,30,18,0,0,0,0,0,0,0,0,1,0,0,0
796,397500,-3201,46,42,30,30,18,0,0,0,0,0,0,0,0,1,0,0,0
797,398000,-2922,46,42,27,30,19,0,0,0,0,0,0,0,0,1,0,0,0
798,398500,-2572,48,42,27,31,19,0,0,0,0,0,0,0,0,1,0,0,0
799,399000,-2154,46,43,24,30,19,0,0,0,0,0,0,0,0,1,0,0,0
800,399500,-1686,46,42,21,30,19,0,0,0,0,0,0,0,0,1,0,0,0
801,400000,-1184,47,44,20,30,19,0,0,0,0,0,0,0,0,1,0,0,0
802,400500,-639,46,44,19,31,19,0,0,0,0,0,0,0,0,1,0,0,0
803,401000,-70,45,44,17,32,20,0,0,0,0,0,0,0,0,1,0,0,0
804,401500,459,47,44,14,32,20,0,0,0,0,0,0,0,0,1,0,0,0
805,402000,994,45,43,8,30,19,0,0,0,0,0,0,0,0,1,0,0,0
806,402500,1479,47,44,11,32,20,0,0,0,0,0,0,0,0,1,0,0,0
807,403000,1969,45,43,8,30,19,0,0,0,0,0,0,0,0,1,0,0,0
808,403500,2396,45,42,7,30,19,0,0,0,0,0,0,0,0,1,0,0,0
809,404000,2764,45,42,7,30,19,0,0,0,0,0,0,0,0,1,0,0,0
810,404500,3061,45,43,5,30,19,0,0,0,0,0,0,0,0,1,0,0,0
811,405000,3283,47,44,5,32,20,0,0,0,0,0,0,0,0,1,0,0,0
812,405500,3418,47,45,4,32,20,0,0,0,0,0,0,0,0,1,0,0,0
813,406000,3475,45,43,4,30,19,0,0,0,0,0,0,0,0,1,0,0,0
814,406500,3443,45,42,3,30,19,0,0,0,0,0,0,0,0,1,0,0,0
815,407000,3326,46,42,5,31,19,0,0,0,0,0,0,0,0,1,0,0,0
816,407500,3121,45,42,5,30,19,0,0,0,0,0,0,0,0,1,0,0,0
817,408000,2850,45,42,7,30,19,0,0,0,0,0,0,0,0,1,0,0,0
818,408500,2506,45,42,8,30,18,0,0,0,0,0,0,0,0,1,0,0,0
819,409000,2096,45,42,10,30,19,0,0,0,0,0,0,0,0,1,0,0,0
820,409500,1619,47,44,13,32,19,0,0,0,0,0,0,0,0,1,0,0,0
821,410000,1122,46,43,14,30,19,0,0,0,0,0,0,0,0,1,0,0,0
822,410500,605,47,44,14,32,19,0,0,0,0,0,0,0,0,1,0,0,0
823,411000,89,46,43,17,30,19,0,0,0,0,0,0,0,0,1,0,0,0
824,411500,-487,45,43,20,30,19,0,0,0,0,0,0,0,0,1,0,0,0
825,412000,-1027,46,42,23,30,18,0,0,0,0,0,0,0,0,1,0,0,0
826,412500,-1555,47,42,23,30,19,0,0,0,0,0,0,0,0,1,0,0,0
827,413000,-2027,46,42,24,30,19,0,0,0,0,0,0,0,0,1,0,0,0
828,413500,-2469,45,42,26,30,19,0,0,0,0,0,0,0,0,1,0,0,0
829,414000,-2852,47,44,28,32,19,0,0,0,0,0,0,0,0,1,0,0,0
830,414500,-3131,47,43,31,30,18,0,0,0,0,0,0,0,0,1,0,0,0
831,415000,-3342,46,42,32,30,18,0,0,0,0,0,0,0,0,1,0,0,0
832,415500,-3480,48,43,33,30,19,0,0,0,0,0,0,0,0,1,0,0,0
833,416000,-3551,46,42,32,30,19,0,0,0,0,0,0,0,0,1,0,0,0
834,416500,-3498,48,44,34,32,19,0,0,0,0,0,0,0,0,1,0,0,0
835,417000,-3412,49,44,33,31,19,0,0,0,0,0,0,0,0,1,0,0,0
836,417500,-3201,46,43,30,30,19,0,0,0,0,0,0,0,0,1,0,0,0
837,418000,-2922,48,43,30,31,19,0,0,0,0,0,0,0,0,1,0,0,0
838,418500,-2572,46,44,26,32,20,0,0,0,0,0,0,0,0,1,0,0,0
839,419000,-2154,46,44,23,32,20,0,0,0,0,0,0,0,0,1,0,0,0
840,419500,-1678,47,43,21,30,19,0,0,0,0,0,0,0,0,1,0,0,0
841,420000,-1175,46,42,20,30,19,0,0,0,0,0,0,0,0,1,0,0,0
842,420500,-621,45,44,19,32,19,0,0,0,0,0,0,0,0,1,0,0,0
843,421000,-54,47,43,17,31,19,0,0,0,0,0,0,0,0,1,0,0,0
844,421500,475,46,43,13,30,19,0,0,0,0,0,0,0,0,1,0,0,0
845,422000,1011,45,42,8,30,19,0,0,0,0,0,0,0,0,1,0,0,0
846,422500,1511,46,43,11,31,19,0,0,0,0,0,0,0,0,1,0,0,0
847,423000,1969,46,44,10,32,19,0,0,0,0,0,0,0,0,1,0,0,0
848,423500,2387,46,44,8,31,19,0,0,0,0,0,0,0,0,1,0,0,0
849,424000,2771,46,43,5,30,19,0,0,0,0,0,0,0,0,1,0,0,0
850,424500,3064,46,44,5,31,19,0,0,0,0,0,0,0,0,1,0,0,0
851,425000,3283,47,45,5,32,20,0,0,0,0,0,0,0,0,1,0,0,0
852,425500,3422,45,42,3,30,19,0,0,0,0,0,0,0,0,1,0,0,0
853,426000,3475,44,42,3,30,19,0,0,0,0,0,0,0,0,1,0,0,0
854,426500,3436,45,42,3,30,19,0,0,0,0,0,0,0,0,1,0,0,0
855,427000,3322,46,44,4,32,19,0,0,0,0,0,0,0,0,1,0,0,0
856,427500,3121,46,44,5,32,20,0,0,0,0,0,0,0,0,1,0,0,0
857,428000,2842,45,43,7,30,19,0,0,0,0,0,0,0,0,1,0,0,0
858,428500,2496,45,42,8,30,19,0,0,0,0,0,0,0,0,1,0,0,0
859,429000,2082,45,42,10,30,18,0,0,0,0,0,0,0,0,1,0,0,0
860,429500,1615,46,43,11,31,19,0,0,0,0,0,0,0,0,1,0,0,0
861,430000,1108,46,43,14,31,20,0,0,0,0,0,0,0,0,1,0,0,0
862,430500,589,47,44,14,32,20,0,0,0,0,0,0,0,0,1,0,0,0
863,431000,73,45,42,17,30,18,0,0,0,0,0,0,0,0,1,0,0,0
864,431500,-502,47,42,20,31,19,0,0,0,0,0,0,0,0,1,0,0,0
865,432000,-1045,46,43,23,30,19,0,0,0,0,0,0,0,0,1,0,0,0
866,432500,-1595,46,42,23,30,18,0,0,0,0,0,0,0,0,1,0,0,0
867,433000,-2041,48,43,25,31,19,0,0,0,0,0,0,0,0,1,0,0,0
868,433500,-2463,48,43,28,31,19,0,0,0,0,0,0,0,0,1,0,0,0
869,434000,-2852,46,42,29,30,19,0,0,0,0,0,0,0,0,1,0,0,0
870,434500,-3131,46,42,30,30,18,0,0,0,0,0,0,0,0,1,0,0,0
871,435000,-3342,46,42,32,30,18,0,0,0,0,0,0,0,0,1,0,0,0
872,435500,-3480,48,42,33,31,19,0,0,0,0,0,0,0,0,1,0,0,0
873,436000,-3512,48,43,33,30,19,0,0,0,0,0,0,0,0,1,0,0,0
874,436500,-3494,46,42,32,30,19,0,0,0,0,0,0,0,0,1,0,0,0
875,437000,-3371,46,44,31,32,19,0,0,0,0,0,0,0,0,1,0,0,0
876,437500,-3201,48,43,30,31,19,0,0,0,0,0,0,0,0,1,0,0,0
877,438000,-2922,47,43,29,30,19,0,0,0,0,0,0,0,0,1,0,0,0
878,438500,-2572,47,43,27,30,19,0,0,0,0,0,0,0,0,1,0,0,0
879,439000,-2154,47,43,24,30,19,0,0,0,0,0,0,0,0,1,0,0,0
880,439500,-1664,46,43,21,30,19,0,0,0,0,0,0,0,0,1,0,0,0
881,440000,-1175,46,44,19,32,20,0,0,0,0,0,0,0,0,1,0,0,0
882,440500,-604,45,42,18,30,19,0,0,0,0,0,0,0,0,1,0,0,0
883,441000,-37,47,42,17,30,19,0,0,0,0,0,0,0,0,1,0,0,0
884,441500,492,45,42,11,30,18,0,0,0,0,0,0,0,0,1,0,0,0
885,442000,991,46,42,13,30,19,0,0,0,0,0,0,0,0,1,0,0,0
886,442500,1527,47,44,11,32,20,0,0,0,0,0,0,0,0,1,0,0,0
887,443000,1995,46,45,10,32,20,0,0,0,0,0,0,0,0,1,0,0,0
888,443500,2422,44,43,7,30,19,0,0,0,0,0,0,0,0,1,0,0,0
889,444000,2781,45,42,5,30,19,0,0,0,0,0,0,0,0,1,0,0,0
890,444500,3078,45,42,5,30,19,0,0,0,0,0,0,0,0,1,0,0,0
891,445000,3291,45,43,4,30,19,0,0,0,0,0,0,0,0,1,0,0,0
892,445500,3428,47,44,4,32,20,0,0,0,0,0,0,0,0,1,0,0,0
893,446000,3475,45,43,4,30,19,0,0,0,0,0,0,0,0,1,0,0,0
894,446500,3436,47,44,4,32,20,0,0,0,0,0,0,0,0,1,0,0,0
895,447000,3322,45,43,5,30,19,0,0,0,0,0,0,0,0,1,0,0,0
896,447500,3117,46,44,5,31,19,0,0,0,0,0,0,0,0,1,0,0,0
897,448000,2838,45,42,7,30,19,0,0,0,0,0,0,0,0,1,0,0,0
898,448500,2484,45,42,8,30,19,0,0,0,0,0,0,0,0,1,0,0,0
899,449000,2064,46,44,11,31,20,0,0,0,0,0,0,0,0,1,0,0,0
900,449500,1602,46,44,11,31,19,0,0,0,0,0,0,0,0,1,0,0,0
901,450000,1096,45,43,13,30,19,0,0,0,0,0,0,0,0,1,0,0,0
902,450500,574,45,43,14,30,19,0,0,0,0,0,0,0,0,1,0,0,0
903,451000,57,45,42,17,30,19,0,0,0,0,0,0,0,0,1,0,0,0
904,451500,-518,45,42,20,30,18,0,0,0,0,0,0,0,0,1,0,0,0
905,452000,-1058,45,44,22,32,20,0,0,0,0,0,0,0,0,1,0,0,0
906,452500,-1595,47,43,24,30,19,0,0,0,0,0,0,0,0,1,0,0,0
907,453000,-2084,48,43,25,31,19,0,0,0,0,0,0,0,0,1,0,0,0
908,453500,-2504,46,44,26,32,19,0,0,0,0,0,0,0,0,1,0,0,0
909,454000,-2852,46,45,29,30,19,0,0,0,0,0,0,0,0,1,0,0,0
910,454500,-3131,46,43,30,30,19,0,0,0,0,0,0,0,0,1,0,0,0
911,455000,-3346,47,42,32,30,19,0,0,0,0,0,0,0,0,1,0,0,0
912,455500,-3480,48,42,33,31,19,0,0,0,0,0,0,0,0,1,0,0,0
913,456000,-3551,46,42,33,30,18,0,0,0,0,0,0,0,0,1,0,0,0
914,456500,-3490,46,44,32,32,19,0,0,0,0,0,0,0,0,1,0,0,0
915,457000,-3367,46,43,32,30,19,0,0,0,0,0,0,0,0,1,0,0,0
916,457500,-3201,46,44,30,32,20,0,0,0,0,0,0,0,0,1,0,0,0
917,458000,-2887,46,45,27,32,20,0,0,0,0,0,0,0,0,1,0,0,0
918,458500,-2529,45,45,26,32,20,0,0,0,0,0,0,0,0,1,0,0,0
919,459000,-2109,45,43,23,30,19,0,0,0,0,0,0,0,0,1,0,0,0
920,459500,-1664,47,42,22,31,19,0,0,0,0,0,0,0,0,1,0,0,0
921,460000,-1141,48,43,20,32,19,0,0,0,0,0,0,0,0,1,0,0,0
922,460500,-586,46,42,18,30,19,0,0,0,0,0,0,0,0,1,0,0,0
923,461000,-21,46,43,16,30,19,0,0,0,0,0,0,0,0,1,0,0,0
924,461500,507,45,42,13,30,19,0,0,0,0,0,0,0,0,1,0,0,0
925,462000,1030,47,44,13,32,20,0,0,0,0,0,0,0,0,1,0,0,0
926,462500,1541,45,43,10,30,19,0,0,0,0,0,0,0,0,1,0,0,0
927,463000,2004,46,43,8,30,19,0,0,0,0,0,0,0,0,1,0,0,0
928,463500,2422,45,43,8,30,19,0,0,0,0,0,0,0,0,1,0,0,0
929,464000,2789,47,44,7,32,20,0,0,0,0,0,0,0,0,1,0,0,0
930,464500,3082,46,44,5,32,19,0,0,0,0,0,0,0,0,1,0,0,0
931,465000,3295,45,43,4,30,19,0,0,0,0,0,0,0,0,1,0,0,0
932,465500,3428,45,43,4,30,19,0,0,0,0,0,0,0,0,1,0,0,0
933,466000,3471,46,44,4,32,20,0,0,0,0,0,0,0,0,1,0,0,0
934,466500,3436,46,43,4,30,19,0,0,0,0,0,0,0,0,1,0,0,0
935,467000,3318,46,44,4,31,19,0,0,0,0,0,0,0,0,1,0,0,0
936,467500,3107,47,44,7,32,19,0,0,0,0,0,0,0,0,1,0,0,0
937,468000,2807,46,44,7,31,19,0,0,0,0,0,0,0,0,1,0,0,0
938,468500,2475,45,43,8,30,19,0,0,0,0,0,0,0,0,1,0,0,0
939,469000,2039,46,43,10,31,19,0,0,0,0,0,0,0,0,1,0,0,0
940,469500,1585,45,42,11,30,19,0,0,0,0,0,0,0,0,1,0,0,0
941,470000,1061,46,42,14,30,19,0,0,0,0,0,0,0,0,1,0,0,0
942,470500,560,47,44,14,31,20,0,0,0,0,0,0,0,0,1,0,0,0
943,471000,41,46,43,17,31,19,0,0,0,0,0,0,0,0,1,0,0,0
944,471500,-535,46,43,20,30,19,0,0,0,0,0,0,0,0,1,0,0,0
945,472000,-1071,46,43,24,30,19,0,0,0,0,0,0,0,0,1,0,0,0
946,472500,-1599,45,43,22,30,18,0,0,0,0,0,0,0,0,1,0,0,0
947,473000,-2084,47,43,24,30,19,0,0,0,0,0,0,0,0,1,0,0,0
948,473500,-2504,47,43,27,30,19,0,0,0,0,0,0,0,0,1,0,0,0
949,474000,-2852,47,43,30,30,19,0,0,0,0,0,0,0,0,1,0,0,0
950,474500,-3166,46,44,30,32,19,0,0,0,0,0,0,0,0,1,0,0,0
951,475000,-3350,46,45,32,32,20,0,0,0,0,0,0,0,0,1,0,0,0
952,475500,-3480,47,43,33,30,19,0,0,0,0,0,0,0,0,1,0,0,0
953,476000,-3551,46,44,32,32,19,0,0,0,0,0,0,0,0,1,0,0,0
954,476500,-3486,48,43,33,31,19,0,0,0,0,0,0,0,0,1,0,0,0
955,477000,-3367,46,42,32,30,19,0,0,0,0,0,0,0,0,1,0,0,0
956,477500,-3166,46,42,30,30,19,0,0,0,0,0,0,0,0,1,0,0,0
957,478000,-2887,47,42,29,30,18,0,0,0,0,0,0,0,0,1,0,0,0
958,478500,-2516,46,44,25,32,20,0,0,0,0,0,0,0,0,1,0,0,0
959,479000,-2098,46,44,23,32,20,0,0,0,0,0,0,0,0,1,0,0,0
960,479500,-1664,46,44,21,32,20,0,0,0,0,0,0,0,0,1,0,0,0
961,480000,-1123,46,43,19,30,19,0,0,0,0,0,0,0,0,1,0,0,0
962,480500,-569,46,42,19,30,19,0,0,0,0,0,0,0,0,1,0,0,0
963,481000,-4,45,42,15,30,19,0,0,0,0,0,0,0,0,1,0,0,0
964,481500,524,45,43,11,30,19,0,0,0,0,0,0,0,0,1,0,0,0
965,482000,1048,47,44,13,31,20,0,0,0,0,0,0,0,0,1,0,0,0
966,482500,1550,47,45,11,32,20,0,0,0,0,0,0,0,0,1,0,0,0
967,483000,2025,46,44,8,31,19,0,0,0,0,0,0,0,0,1,0,0,0
968,483500,2439,45,43,8,30,19,0,0,0,0,0,0,0,0,1,0,0,0
969,484000,2803,45,42,5,30,19,0,0,0,0,0,0,0,0,1,0,0,0
970,484500,3086,45,43,5,30,19,0,0,0,0,0,0,0,0,1,0,0,0
971,485000,3295,46,43,5,31,19,0,0,0,0,0,0,0,0,1,0,0,0
972,485500,3432,45,42,3,30,19,0,0,0,0,0,0,0,0,1,0,0,0
973,486000,3475,45,42,3,30,19,0,0,0,0,0,0,0,0,1,0,0,0
974,486500,3436,46,44,4,32,20,0,0,0,0,0,0,0,0,1,0,0,0
975,487000,3309,45,43,4,30,19,0,0,0,0,0,0,0,0,1,0,0,0
976,487500,3104,44,42,5,30,19,0,0,0,0,0,0,0,0,1,0,0,0
977,488000,2807,46,44,8,30,19,0,0,0,0,0,0,0,0,1,0,0,0
978,488500,2457,46,43,8,31,19,0,0,0,0,0,0,0,0,1,0,0,0
979,489000,2039,44,42,10,30,19,0,0,0,0,0,0,0,0,1,0,0,0
980,489500,1550,47,44,13,32,20,0,0,0,0,0,0,0,0,1,0,0,0
981,490000,1061,46,43,14,31,20,0,0,0,0,0,0,0,0,1,0,0,0
982,490500,544,47,44,14,32,19,0,0,0,0,0,0,0,0,1,0,0,0
983,491000,24,46,44,17,31,19,0,0,0,0,0,0,0,0,1,0,0,0
984,491500,-552,45,42,20,30,19,0,0,0,0,0,0,0,0,1,0,0,0
985,492000,-1002,47,44,24,31,19,0,0,0,0,0,0,0,0,1,0,0,0
986,492500,-1629,46,42,22,30,19,0,0,0,0,0,0,0,0,1,0,0,0
987,493000,-2084,46,42,24,30,19,0,0,0,0,0,0,0,0,1,0,0,0
988,493500,-2504,46,42,27,30,19,0,0,0,0,0,0,0,0,1,0,0,0
989,494000,-2852,46,42,29,32,19,0,0,0,0,0,0,0,0,1,0,0,0
990,494500,-3166,46,44,30,32,19,0,0,0,0,0,0,0,0,1,0,0,0
991,495000,-3355,48,43,33,32,19,0,0,0,0,0,0,0,0,1,0,0,0
992,495500,-3486,48,44,33,31,19,0,0,0,0,0,0,0,0,1,0,0,0
993,496000,-3551,46,42,32,30,19,0,0,0,0,0,0,0,0,1,0,0,0
994,496500,-3486,46,42,32,30,19,0,0,0,0,0,0,0,0,1,0,0,0
995,497000,-3359,47,43,32,30,19,0,0,0,0,0,0,0,0,1,0,0,0
996,497500,-3166,46,44,30,32,20,0,0,0,0,0,0,0,0,1,0,0,0
997,498000,-2887,46,43,28,30,19,0,0,0,0,0,0,0,0,1,0,0,0
998,498500,-2504,45,42,24,30,18,0,0,0,0,0,0,0,0,1,0,0,0
999,499000,-2084,48,43,24,31,19,0,0,0,0,0,0,0,0,1,0,0,0
1000,499500,-1629,46,43,21,30,19,0,0,0,0,0,0,0,0,1,0,0,0
1001,500000,-1105,48,43,20,31,19,0,0,0,0,0,0,0,0,1,0,0,0
1002,500500,-552,46,42,18,30,19,0,0,0,0,0,0,0,0,1,0,0,0
1003,501000,11,46,42,17,31,19,0,0,0,0,0,0,0,0,1,0,0,0
1004,501500,540,46,43,13,30,19,0,0,0,0,0,0,0,0,1,0,0,0
1005,502000,1061,45,43,11,30,19,0,0,0,0,0,0,0,0,1,0,0,0
1006,502500,1571,45,42,10,30,19,0,0,0,0,0,0,0,0,1,0,0,0
1007,503000,2039,45,42,8,30,19,0,0,0,0,0,0,0,0,1,0,0,0
1008,503500,2453,46,42,8,30,19,0,0,0,0,0,0,0,0,1,0,0,0
1009,504000,2807,46,43,5,30,19,0,0,0,0,0,0,0,0,1,0,0,0
1010,504500,3086,46,44,5,31,19,0,0,0,0,0,0,0,0,1,0,0,0
1011,505000,3309,45,43,4,30,19,0,0,0,0,0,0,0,0,1,0,0,0
1012,505500,3432,45,44,4,31,19,0,0,0,0,0,0,0,0,1,0,0,0
1013,506000,3475,45,43,4,30,19,0,0,0,0,0,0,0,0,1,0,0,0
1014,506500,3432,45,42,4,30,19,0,0,0,0,0,0,0,0,1,0,0,0
1015,507000,3309,44,42,4,30,19,0,0,0,0,0,0,0,0,1,0,0,0
1016,507500,3096,45,42,5,30,18,0,0,0,0,0,0,0,0,1,0,0,0
1017,508000,2807,46,44,7,31,19,0,0,0,0,0,0,0,0,1,0,0,0
1018,508500,2449,46,43,8,30,19,0,0,0,0,0,0,0,0,1,0,0,0
1019,509000,2029,45,43,9,30,19,0,0,0,0,0,0,0,0,1,0,0,0
1020,509500,1550,45,43,11,30,19,0,0,0,0,0,0,0,0,1,0,0,0
1021,510000,1048,46,44,14,31,19,0,0,0,0,0,0,0,0,1,0,0,0
1022,510500,528,46,44,14,30,20,0,0,0,0,0,0,0,0,1,0,0,0
1023,511000,8,46,44,17,31,19,0,0,0,0,0,0,0,0,1,0,0,0
1024,511500,-569,46,42,20,30,19,0,0,0,0,0,0,0,0,1,0,0,0
1025,512000,-1002,45,42,23,31,18,0,0,0,0,0,0,0,0,1,0,0,0
1026,512500,-1625,47,42,24,31,19,0,0,0,0,0,0,0,0,1,0,0,0
1027,513000,-2092,46,44,24,32,19,0,0,0,0,0,0,0,0,1,0,0,0
1028,513500,-2508,46,44,26,32,19,0,0,0,0,0,0,0,0,1,0,0,0
1029,514000,-2861,48,43,30,31,19,0,0,0,0,0,0,0,0,1,0,0,0
1030,514500,-3166,46,43,30,30,18,0,0,0,0,0,0,0,0,1,0,0,0
1031,515000,-3359,48,43,33,31,19,0,0,0,0,0,0,0,0,1,0,0,0
1032,515500,-3486,47,42,32,30,18,0,0,0,0,0,0,0,0,1,0,0,0
1033,516000,-3551,46,44,33,32,20,0,0,0,0,0,0,0,0,1,0,0,0
1034,516500,-3486,47,43,33,31,19,0,0,0,0,0,0,0,0,1,0,0,0
1035,517000,-3355,48,43,32,30,19,0,0,0,0,0,0,0,0,1,0,0,0
1036,517500,-3145,47,43,30,30,19,0,0,0,0,0,0,0,0,1,0,0,0
1037,518000,-2887,46,44,27,32,19,0,0,0,0,0,0,0,0,1,0,0,0
1038,518500,-2504,48,43,27,30,19,0,0,0,0,0,0,0,0,1,0,0,0
1039,519000,-2084,46,42,22,30,19,0,0,0,0,0,0,0,0,1,0,0,0
1040,519500,-1599,47,42,21,30,19,0,0,0,0,0,0,0,0,1,0,0,0
1041,520000,-1105,45,43,19,30,19,0,0,0,0,0,0,0,0,1,0,0,0
1042,520500,-539,45,44,18,32,20,0,0,0,0,0,0,0,0,1,0,0,0
1043,521000,30,46,43,14,30,18,0,0,0,0,0,0,0,0,1,0,0,0
1044,521500,555,46,43,13,31,19,0,0,0,0,0,0,0,0,1,0,0,0
1045,522000,1061,46,43,11,30,19,0,0,0,0,0,0,0,0,1,0,0,0
1046,522500,1585,47,44,11,32,20,0,0,0,0,0,0,0,0,1,0,0,0
1047,523000,2039,46,43,8,30,19,0,0,0,0,0,0,0,0,1,0,0,0
1048,523500,2457,46,44,7,32,19,0,0,0,0,0,0,0,0,1,0,0,0
1049,524000,2820,45,43,5,30,19,0,0,0,0,0,0,0,0,1,0,0,0
1050,524500,3107,45,43,4,30,18,0,0,0,0,0,0,0,0,1,0,0,0
1051,525000,3313,45,42,4,30,18,0,0,0,0,0,0,0,0,1,0,0,0
1052,525500,3436,45,43,4,30,18,0,0,0,0,0,0,0,0,1,0,0,0
1053,526000,3479,44,43,2,30,19,0,0,0,0,0,0,0,0,1,0,0,0
1054,526500,3432,46,44,4,31,19,0,0,0,0,0,0,0,0,1,0,0,0
1055,527000,3301,45,43,4,30,19,0,0,0,0,0,0,0,0,1,0,0,0
1056,527500,3086,46,44,5,31,19,0,0,0,0,0,0,0,0,1,0,0,0
1057,528000,2799,47,45,8,32,19,0,0,0,0,0,0,0,0,1,0,0,0
1058,528500,2439,45,43,8,30,19,0,0,0,0,0,0,0,0,1,0,0,0
1059,529000,2016,45,42,10,30,19,0,0,0,0,0,0,0,0,1,0,0,0
1060,529500,1541,46,44,13,31,19,0,0,0,0,0,0,0,0,1,0,0,0
1061,530000,1030,46,44,14,31,19,0,0,0,0,0,0,0,0,1,0,0,0
1062,530500,512,45,43,14,30,19,0,0,0,0,0,0,0,0,1,0,0,0
1063,531000,-7,46,43,17,30,19,0,0,0,0,0,0,0,0,1,0,0,0
1064,531500,-582,45,44,20,32,20,0,0,0,0,0,0,0,0,1,0,0,0
1065,532000,-1002,45,44,22,32,20,0,0,0,0,0,0,0,0,1,0,0,0
1066,532500,-1664,46,43,22,30,19,0,0,0,0,0,0,0,0,1,0,0,0
1067,533000,-2105,48,42,25,31,19,0,0,0,0,0,0,0,0,1,0,0,0
1068,533500,-2516,46,44,27,32,20,0,0,0,0,0,0,0,0,1,0,0,0
1069,534000,-2887,46,42,30,31,19,0,0,0,0,0,0,0,0,1,0,0,0
1070,534500,-3166,46,42,30,30,19,0,0,0,0,0,0,0,0,1,0,0,0
1071,535000,-3363,46,42,32,30,18,0,0,0,0,0,0,0,0,1,0,0,0
1072,535500,-3486,47,43,33,30,19,0,0,0,0,0,0,0,0,1,0,0,0
1073,536000,-3551,47,43,33,31,19,0,0,0,0,0,0,0,0,1,0,0,0
1074,536500,-3480,46,44,32,32,20,0,0,0,0,0,0,0,0,1,0,0,0
1075,537000,-3346,46,43,30,30,18,0,0,0,0,0,0,0,0,1,0,0,0
1076,537500,-3166,46,44,30,32,20,0,0,0,0,0,0,0,0,1,0,0,0
1077,538000,-2852,46,44,27,32,20,0,0,0,0,0,0,0,0,1,0,0,0
1078,538500,-2504,47,43,26,31,19,0,0,0,0,0,0,0,0,1,0,0,0
1079,539000,-2084,47,43,24,30,19,0,0,0,0,0,0,0,0,1,0,0,0
1080,539500,-1595,48,44,22,31,19,0,0,0,0,0,0,0,0,1,0,0,0
1081,540000,-1105,46,42,20,30,19,0,0,0,0,0,0,0,0,1,0,0,0
1082,540500,-520,47,44,19,32,19,0,0,0,0,0,0,0,0,1,0,0,0
1083,541000,45,48,44,17,32,20,0,0,0,0,0,0,0,0,1,0,0,0
1084,541500,572,46,43,11,30,19,0,0,0,0,0,0,0,0,1,0,0,0
1085,542000,1096,45,42,11,30,18,0,0,0,0,0,0,0,0,1,0,0,0
1086,542500,1598,45,42,10,30,19,0,0,0,0,0,0,0,0,1,0,0,0
1087,543000,2064,45,43,8,30,19,0,0,0,0,0,0,0,0,1,0,0,0
1088,543500,2457,46,43,7,30,19,0,0,0,0,0,0,0,0,1,0,0,0
1089,544000,2828,46,44,5,31,20,0,0,0,0,0,0,0,0,1,0,0,0
1090,544500,3113,45,43,5,30,19,0,0,0,0,0,0,0,0,1,0,0,0
1091,545000,3318,45,43,5,30,19,0,0,0,0,0,0,0,0,1,0,0,0
1092,545500,3436,46,43,4,31,19,0,0,0,0,0,0,0,0,1,0,0,0
1093,546000,3479,45,43,2,30,19,0,0,0,0,0,0,0,0,1,0,0,0
1094,546500,3432,45,43,4,30,19,0,0,0,0,0,0,0,0,1,0,0,0
1095,547000,3295,45,43,4,30,19,0,0,0,0,0,0,0,0,1,0,0,0
1096,547500,3082,45,43,5,30,19,0,0,0,0,0,0,0,0,1,0,0,0
1097,548000,2789,44,42,7,30,19,0,0,0,0,0,0,0,0,1,0,0,0
1098,548500,2422,45,42,8,30,19,0,0,0,0,0,0,0,0,1,0,0,0
1099,549000,2004,45,42,10,30,19,0,0,0,0,0,0,0,0,1,0,0,0
1100,549500,1527,46,43,11,31,19,0,0,0,0,0,0,0,0,1,0,0,0
1101,550000,1017,45,42,13,30,18,0,0,0,0,0,0,0,0,1,0,0,0
1102,550500,498,45,42,14,30,19,0,0,0,0,0,0,0,0,1,0,0,0
1103,551000,-23,45,44,17,32,20,0,0,0,0,0,0,0,0,1,0,0,0
1104,551500,-600,45,45,20,32,20,0,0,0,0,0,0,0,0,1,0,0,0
1105,552000,-1175,47,44,22,30,19,0,0,0,0,0,0,0,0,1,0,0,0
1106,552500,-1664,47,43,23,30,19,0,0,0,0,0,0,0,0,1,0,0,0
1107,553000,-2115,47,43,26,31,19,0,0,0,0,0,0,0,0,1,0,0,0
1108,553500,-2529,46,42,27,30,18,0,0,0,0,0,0,0,0,1,0,0,0
1109,554000,-2887,47,42,30,31,19,0,0,0,0,0,0,0,0,1,0,0,0
1110,554500,-3201,47,44,32,32,19,0,0,0,0,0,0,0,0,1,0,0,0
1111,555000,-3367,48,43,33,32,19,0,0,0,0,0,0,0,0,1,0,0,0
1112,555500,-3490,46,44,32,32,20,0,0,0,0,0,0,0,0,1,0,0,0
1113,556000,-3551,48,44,34,31,19,0,0,0,0,0,0,0,0,1,0,0,0
1114,556500,-3480,46,43,32,30,19,0,0,0,0,0,0,0,0,1,0,0,0
1115,557000,-3346,47,43,32,30,19,0,0,0,0,0,0,0,0,1,0,0,0
1116,557500,-3131,46,42,30,30,18,0,0,0,0,0,0,0,0,1,0,0,0
1117,558000,-2852,47,43,29,31,19,0,0,0,0,0,0,0,0,1,0,0,0
1118,558500,-2504,46,43,25,30,18,0,0,0,0,0,0,0,0,1,0,0,0
1119,559000,-2049,46,44,22,32,19,0,0,0,0,0,0,0,0,1,0,0,0
1120,559500,-1595,47,43,21,32,19,0,0,0,0,0,0,0,0,1,0,0,0
1121,560000,-1070,46,44,18,32,20,0,0,0,0,0,0,0,0,1,0,0,0
1122,560500,-509,46,43,19,30,19,0,0,0,0,0,0,0,0,1,0,0,0
1123,561000,61,45,43,15,30,18,0,0,0,0,0,0,0,0,1,0,0,0
1124,561500,589,45,43,11,30,19,0,0,0,0,0,0,0,0,1,0,0,0
1125,562000,1108,46,43,11,31,19,0,0,0,0,0,0,0,0,1,0,0,0
1126,562500,1615,46,43,11,30,19,0,0,0,0,0,0,0,0,1,0,0,0
1127,563000,2078,46,44,8,32,19,0,0,0,0,0,0,0,0,1,0,0,0
1128,563500,2492,45,43,7,30,18,0,0,0,0,0,0,0,0,1,0,0,0
1129,564000,2842,45,42,5,30,19,0,0,0,0,0,0,0,0,1,0,0,0
1130,564500,3121,45,43,5,30,19,0,0,0,0,0,0,0,0,1,0,0,0
1131,565000,3322,46,43,4,30,19,0,0,0,0,0,0,0,0,1,0,0,0
1132,565500,3439,45,43,4,30,19,0,0,0,0,0,0,0,0,1,0,0,0
1133,566000,3475,46,43,4,30,19,0,0,0,0,0,0,0,0,1,0,0,0
1134,566500,3428,45,43,4,30,19,0,0,0,0,0,0,0,0,1,0,0,0
1135,567000,3291,44,43,4,30,19,0,0,0,0,0,0,0,0,1,0,0,0
1136,567500,3072,46,44,5,31,19,0,0,0,0,0,0,0,0,1,0,0,0
1137,568000,2781,46,44,8,31,20,0,0,0,0,0,0,0,0,1,0,0,0
1138,568500,2414,46,43,8,30,19,0,0,0,0,0,0,0,0,1,0,0,0
1139,569000,1990,45,42,10,30,19,0,0,0,0,0,0,0,0,1,0,0,0
1140,569500,1520,45,42,11,30,18,0,0,0,0,0,0,0,0,1,0,0,0
1141,570000,991,45,42,14,30,19,0,0,0,0,0,0,0,0,1,0,0,0
1142,570500,482,46,43,14,30,19,0,0,0,0,0,0,0,0,1,0,0,0
1143,571000,-37,46,42,17,30,18,0,0,0,0,0,0,0,0,1,0,0,0
1144,571500,-612,46,42,20,30,18,0,0,0,0,0,0,0,0,1,0,0,0
1145,572000,-1175,46,42,21,30,19,0,0,0,0,0,0,0,0,1,0,0,0
1146,572500,-1664,46,42,23,30,19,0,0,0,0,0,0,0,0,1,0,0,0
1147,573000,-2154,47,43,26,31,19,0,0,0,0,0,0,0,0,1,0,0,0
1148,573500,-2572,46,42,27,30,20,0,0,0,0,0,0,0,0,1,0,0,0
1149,574000,-2922,48,42,30,31,19,0,0,0,0,0,0,0,0,1,0,0,0
1150,574500,-3201,47,42,31,30,18,0,0,0,0,0,0,0,0,1,0,0,0
1151,575000,-3371,46,42,32,30,19,0,0,0,0,0,0,0,0,1,0,0,0
1152,575500,-3494,47,42,33,30,18,0,0,0,0,0,0,0,0,1,0,0,0
1153,576000,-3551,46,44,32,32,19,0,0,0,0,0,0,0,0,1,0,0,0
1154,576500,-3480,46,43,32,30,19,0,0,0,0,0,0,0,0,1,0,0,0
1155,577000,-3342,47,42,32,31,19,0,0,0,0,0,0,0,0,1,0,0,0
1156,577500,-3131,47,42,30,30,18,0,0,0,0,0,0,0,0,1,0,0,0
1157,578000,-2852,46,42,29,31,19,0,0,0,0,0,0,0,0,1,0,0,0
1158,578500,-2469,46,42,25,30,19,0,0,0,0,0,0,0,0,1,0,0,0
1159,579000,-2035,47,42,23,31,19,0,0,0,0,0,0,0,0,1,0,0,0
1160,579500,-1555,46,44,21,32,20,0,0,0,0,0,0,0,0,1,0,0,0
1161,580000,-1040,46,43,19,30,19,0,0,0,0,0,0,0,0,1,0,0,0
1162,580500,-491,46,42,19,30,19,0,0,0,0,0,0,0,0,1,0,0,0
1163,581000,77,47,44,16,32,20,0,0,0,0,0,0,0,0,1,0,0,0
1164,581500,605,47,45,13,32,20,0,0,0,0,0,0,0,0,1,0,0,0
1165,582000,1126,46,43,11,30,19,0,0,0,0,0,0,0,0,1,0,0,0
1166,582500,1619,45,42,10,30,19,0,0,0,0,0,0,0,0,1,0,0,0
1167,583000,2090,45,42,8,30,18,0,0,0,0,0,0,0,0,1,0,0,0
1168,583500,2502,46,43,7,30,19,0,0,0,0,0,0,0,0,1,0,0,0
1169,584000,2850,47,44,5,32,20,0,0,0,0,0,0,0,0,1,0,0,0
1170,584500,3129,46,44,5,31,20,0,0,0,0,0,0,0,0,1,0,0,0
1171,585000,3326,46,43,4,30,19,0,0,0,0,0,0,0,0,1,0,0,0
1172,585500,3436,45,43,4,30,19,0,0,0,0,0,0,0,0,1,0,0,0
1173,586000,3475,46,44,4,31,19,0,0,0,0,0,0,0,0,1,0,0,0
1174,586500,3422,46,44,4,32,20,0,0,0,0,0,0,0,0,1,0,0,0
1175,587000,3287,45,43,4,30,19,0,0,0,0,0,0,0,0,1,0,0,0
1176,587500,3068,46,44,5,32,19,0,0,0,0,0,0,0,0,1,0,0,0
1177,588000,2771,45,43,7,30,19,0,0,0,0,0,0,0,0,1,0,0,0
1178,588500,2404,45,42,8,30,19,0,0,0,0,0,0,0,0,1,0,0,0
1179,589000,1969,45,43,10,31,19,0,0,0,0,0,0,0,0,1,0,0,0
1180,589500,1497,45,43,11,30,19,0,0,0,0,0,0,0,0,1,0,0,0
1181,590000,987,45,42,14,30,19,0,0,0,0,0,0,0,0,1,0,0,0
1182,590500,466,45,42,14,30,19,0,0,0,0,0,0,0,0,1,0,0,0
1183,591000,-54,46,43,19,30,18,0,0,0,0,0,0,0,0,1,0,0,0
1184,591500,-630,47,43,21,30,19,0,0,0,0,0,0,0,0,1,0,0,0
1185,592000,-1180,47,43,21,30,19,0,0,0,0,0,0,0,0,1,0,0,0
1186,592500,-1686,47,43,23,30,19,0,0,0,0,0,0,0,0,1,0,0,0
1187,593000,-2154,47,44,25,31,19,0,0,0,0,0,0,0,0,1,0,0,0
1188,593500,-2572,48,43,28,32,19,0,0,0,0,0,0,0,0,1,0,0,0
1189,594000,-2922,48,43,30,30,19,0,0,0,0,0,0,0,0,1,0,0,0
1190,594500,-3201,46,44,30,32,19,0,0,0,0,0,0,0,0,1,0,0,0
1191,595000,-3412,47,43,33,30,19,0,0,0,0,0,0,0,0,1,0,0,0
1192,595500,-3494,48,43,34,31,19,0,0,0,0,0,0,0,0,1,0,0,0
1193,596000,-3551,46,44,33,32,20,0,0,0,0,0,0,0,0,1,0,0,0
1194,596500,-3480,47,43,33,30,19,0,0,0,0,0,0,0,0,1,0,0,0
1195,597000,-3342,46,44,30,32,19,0,0,0,0,0,0,0,0,1,0,0,0
1196,597500,-3131,46,42,30,30,19,0,0,0,0,0,0,0,0,1,0,0,0
1197,598000,-2852,47,42,29,31,19,0,0,0,0,0,0,0,0,1,0,0,0
1198,598500,-2445,46,43,26,31,19,0,0,0,0,0,0,0,0,1,0,0,0
1199,599000,-2018,46,44,23,32,20,0,0,0,0,0,0,0,0,1,0,0,0
1200,599500,-1542,46,43,21,30,19,0,0,0,0,0,0,0,0,1,0,0,0
1201,600000,-1035,46,44,18,31,19,0,0,0,0,0,0,0,0,1,0,0,0
1202,600500,-474,45,44,17,32,20,0,0,0,0,0,0,0,0,1,0,0,0
1203,601000,95,46,43,14,30,19,0,0,0,0,0,0,0,0,1,0,0,0
1204,601500,622,47,44,13,32,20,0,0,0,0,0,0,0,0,1,0,0,0
1205,602000,1131,45,43,11,30,19,0,0,0,0,0,0,0,0,1,0,0,0
1206,602500,1619,46,43,11,30,19,0,0,0,0,0,0,0,0,1,0,0,0
1207,603000,2104,45,42,8,30,19,0,0,0,0,0,0,0,0,1,0,0,0
1208,603500,2514,47,44,8,32,20,0,0,0,0,0,0,0,0,1,0,0,0
1209,604000,2859,46,43,5,30,19,0,0,0,0,0,0,0,0,1,0,0,0
1210,604500,3135,45,43,5,30,19,0,0,0,0,0,0,0,0,1,0,0,0
1211,605000,3330,45,43,4,30,19,0,0,0,0,0,0,0,0,1,0,0,0
1212,605500,3436,46,44,4,31,19,0,0,0,0,0,0,0,0,1,0,0,0
1213,606000,3475,45,43,4,30,19,0,0,0,0,0,0,0,0,1,0,0,0
1214,606500,3422,45,42,4,30,19,0,0,0,0,0,0,0,0,1,0,0,0
1215,607000,3283,46,43,5,31,19,0,0,0,0,0,0,0,0,1,0,0,0
1216,607500,3055,46,44,5,32,20,0,0,0,0,0,0,0,0,1,0,0,0
1217,608000,2758,46,44,7,32,20,0,0,0,0,0,0,0,0,1,0,0,0
1218,608500,2387,44,43,8,36,19,0,0,0,0,0,0,0,0,1,0,0,0
1219,609000,1965,46,39,11,32,19,0,0,0,0,0,0,0,0,1,0,0,0
1220,609500,1471,45,41,13,30,19,0,0,0,0,0,0,0,0,1,0,0,0
1221,610000,974,46,44,20,31,19,0,0,0,0,0,0,0,0,1,0,0,0
1222,610500,451,49,43,15,30,19,0,0,0,0,0,0,0,0,1,0,0,0
1223,611000,-70,48,44,19,33,19,0,0,0,0,0,0,0,0,1,0,0,0
1224,611500,-647,47,43,21,32,19,0,0,0,0,0,0,0,0,1,0,0,0
1225,612000,-1192,47,43,21,30,19,0,0,0,0,0,0,0,0,1,0,0,0
1226,612500,-1694,46,42,23,30,18,0,0,0,0,0,0,0,0,1,0,0,0
1227,613000,-2154,46,42,25,30,18,0,0,0,0,0,0,0,0,1,0,0,0
1228,613500,-2572,46,42,27,30,20,0,0,0,0,0,0,0,0,1,0,0,0
1229,614000,-2922,47,43,30,30,19,0,0,0,0,0,0,0,0,1,0,0,0
1230,614500,-3201,46,44,30,32,19,0,0,0,0,0,0,0,0,1,0,0,0
1231,615000,-3412,46,42,32,30,19,0,0,0,0,0,0,0,0,1,0,0,0
1232,615500,-3494,47,42,33,31,19,0,0,0,0,0,0,0,0,1,0,0,0
1233,616000,-3551,46,44,32,32,19,0,0,0,0,0,0,0,0,1,0,0,0
1234,616500,-3480,46,43,32,30,19,0,0,0,0,0,0,0,0,1,0,0,0
1235,617000,-3342,48,42,33,32,19,0,0,0,0,0,0,0,0,1,0,0,0
1236,617500,-3131,46,42,30,30,22,0,0,0,0,0,0,0,0,1,0,0,0
1237,618000,-2805,48,42,35,31,20,0,0,0,0,0,0,0,0,1,0,0,0
1238,618500,-2438,43,43,27,30,19,0,0,0,0,0,0,0,0,1,0,0,0
1239,619000,-2014,45,43,23,27,19,0,0,0,0,0,0,0,0,1,0,0,0
1240,619500,-1528,46,40,21,30,19,0,0,0,0,0,0,0,0,1,0,0,0
1241,620000,-1035,45,44,18,32,19,0,0,0,0,0,0,0,0,1,0,0,0
1242,620500,-457,46,43,20,30,18,0,0,0,0,0,0,0,0,1,0,0,0
1243,621000,110,45,42,15,30,19,0,0,0,0,0,0,0,0,1,0,0,0
1244,621500,637,46,44,11,30,19,0,0,0,0,0,0,0,0,1,0,0,0
1245,622000,1156,45,43,11,30,19,0,0,0,0,0,0,0,0,1,0,0,0
1246,622500,1659,45,42,10,30,19,0,0,0,0,0,0,0,0,1,0,0,0
1247,623000,2107,45,42,8,30,18,0,0,0,0,0,0,0,0,1,0,0,0
1248,623500,2523,47,44,8,32,20,0,0,0,0,0,0,0,0,1,0,0,0
1249,624000,2867,45,43,5,30,19,0,0,0,0,0,0,0,0,1,0,0,0
1250,624500,3143,45,43,5,31,19,0,0,0,0,0,0,0,0,1,0,0,0
1251,625000,3336,45,43,4,30,19,0,0,0,0,0,0,0,0,1,0,0,0
1252,625500,3436,46,44,4,32,19,0,0,0,0,0,0,0,0,1,0,0,0
1253,626000,3475,45,44,4,32,19,0,0,0,0,0,0,0,0,1,0,0,0
1254,626500,3418,45,43,4,30,19,0,0,0,0,0,0,0,0,1,0,0,0
1255,627000,3273,45,43,4,30,19,0,0,0,0,0,0,0,0,1,0,0,0
1256,627500,3051,45,42,5,30,19,0,0,0,0,0,0,0,0,1,0,0,0
1257,628000,2736,45,42,7,30,19,0,0,0,0,0,0,0,0,1,0,0,0
1258,628500,2383,45,43,8,30,19,0,0,0,0,0,0,0,0,1,0,0,0
1259,629000,1956,45,43,11,30,19,0,0,0,0,0,0,0,0,1,0,0,0
1260,629500,1471,46,43,13,31,19,0,0,0,0,0,0,0,0,1,0,0,0
1261,630000,960,45,42,14,30,18,0,0,0,0,0,0,0,0,1,0,0,0
1262,630500,433,45,42,14,30,18,0,0,0,0,0,0,0,0,1,0,0,0
1263,631000,-86,45,44,17,32,20,0,0,0,0,0,0,0,0,1,0,0,0
1264,631500,-659,46,43,20,30,19,0,0,0,0,0,0,0,0,1,0,0,0
1265,632000,-1210,46,42,21,30,18,0,0,0,0,0,0,0,0,1,0,0,0
1266,632500,-1734,46,43,23,30,18,0,0,0,0,0,0,0,0,1,0,0,0
1267,633000,-2166,48,44,26,31,19,0,0,0,0,0,0,0,0,1,0,0,0
1268,633500,-2572,47,43,27,31,19,0,0,0,0,0,0,0,0,1,0,0,0
1269,634000,-2922,46,44,29,32,19,0,0,0,0,0,0,0,0,1,0,0,0
1270,634500,-3201,46,43,30,30,19,0,0,0,0,0,0,0,0,1,0,0,0
1271,635000,-3412,46,42,32,30,19,0,0,0,0,0,0,0,0,1,0,0,0
1272,635500,-3494,48,42,33,32,19,0,0,0,0,0,0,0,0,1,0,0,0
1273,636000,-3551,48,44,33,32,19,0,0,0,0,0,0,0,0,1,0,0,0
1274,636500,-3480,46,44,32,32,19,0,0,0,0,0,0,0,0,1,0,0,0
1275,637000,-3342,46,43,31,30,19,0,0,0,0,0,0,0,0,1,0,0,0
1276,637500,-3131,48,42,31,31,19,0,0,0,0,0,0,0,0,1,0,0,0
1277,638000,-2795,46,43,27,30,18,0,0,0,0,0,0,0,0,1,0,0,0
1278,638500,-2434,48,43,26,31,19,0,0,0,0,0,0,0,0,1,0,0,0
1279,639000,-2014,46,44,23,32,19,0,0,0,0,0,0,0,0,1,0,0,0
1280,639500,-1524,47,43,21,31,19,0,0,0,0,0,0,0,0,1,0,0,0
1281,640000,-996,46,42,19,30,18,0,0,0,0,0,0,0,0,1,0,0,0
1282,640500,-439,46,42,18,30,19,0,0,0,0,0,0,0,0,1,0,0,0
1283,641000,126,46,43,14,30,19,0,0,0,0,0,0,0,0,1,0,0,0
1284,641500,653,46,43,11,31,19,0,0,0,0,0,0,0,0,1,0,0,0
1285,642000,1165,45,42,11,30,18,0,0,0,0,0,0,0,0,1,0,0,0
1286,642500,1668,46,42,10,30,19,0,0,0,0,0,0,0,0,1,0,0,0
1287,643000,2107,46,43,8,30,19,0,0,0,0,0,0,0,0,1,0,0,0
1288,643500,2535,45,43,7,31,19,0,0,0,0,0,0,0,0,1,0,0,0
1289,644000,2877,47,44,7,32,20,0,0,0,0,0,0,0,0,1,0,0,0
1290,644500,3146,47,45,5,32,20,0,0,0,0,0,0,0,0,1,0,0,0
1291,645000,3340,45,43,4,30,19,0,0,0,0,0,0,0,0,1,0,0,0
1292,645500,3436,46,44,4,31,19,0,0,0,0,0,0,0,0,1,0,0,0
1293,646000,3475,45,43,4,30,19,0,0,0,0,0,0,0,0,1,0,0,0
1294,646500,3418,45,43,4,30,19,0,0,0,0,0,0,0,0,1,0,0,0
1295,647000,3270,45,43,4,30,19,0,0,0,0,0,0,0,0,1,0,0,0
1296,647500,3043,45,43,5,30,19,0,0,0,0,0,0,0,0,1,0,0,0
1297,648000,2736,46,43,7,32,19,0,0,0,0,0,0,0,0,1,0,0,0
1298,648500,2369,45,43,8,30,19,0,0,0,0,0,0,0,0,1,0,0,0
1299,649000,1938,47,44,11,32,20,0,0,0,0,0,0,0,0,1,0,0,0
1300,649500,1458,46,43,13,31,19,0,0,0,0,0,0,0,0,1,0,0,0
1301,650000,921,46,43,14,31,19,0,0,0,0,0,0,0,0,1,0,0,0
1302,650500,417,46,43,14,30,19,0,0,0,0,0,0,0,0,1,0,0,0
1303,651000,-104,47,43,19,31,19,0,0,0,0,0,0,0,0,1,0,0,0
1304,651500,-677,46,43,21,30,19,0,0,0,0,0,0,0,0,1,0,0,0
1305,652000,-1245,46,42,21,30,19,0,0,0,0,0,0,0,0,1,0,0,0
1306,652500,-1734,46,42,23,30,19,0,0,0,0,0,0,0,0,1,0,0,0
1307,653000,-2184,47,44,26,31,19,0,0,0,0,0,0,0,0,1,0,0,0
1308,653500,-2586,47,43,28,32,18,0,0,0,0,0,0,0,0,1,0,0,0
1309,654000,-2926,46,42,29,30,18,0,0,0,0,0,0,0,0,1,0,0,0
1310,654500,-3201,48,42,32,31,19,0,0,0,0,0,0,0,0,1,0,0,0
1311,655000,-3412,47,43,33,30,19,0,0,0,0,0,0,0,0,1,0,0,0
1312,655500,-3504,48,44,35,32,19,0,0,0,0,0,0,0,0,1,0,0,0
1313,656000,-3551,46,43,33,30,18,0,0,0,0,0,0,0,0,1,0,0,0
1314,656500,-3480,47,42,33,30,19,0,0,0,0,0,0,0,0,1,0,0,0
1315,657000,-3342,46,44,30,31,20,0,0,0,0,0,0,0,0,1,0,0,0
1316,657500,-3092,48,44,31,30,19,0,0,0,0,0,0,0,0,1,0,0,0
1317,658000,-2787,46,44,27,32,19,0,0,0,0,0,0,0,0,1,0,0,0
1318,658500,-2434,46,43,24,30,19,0,0,0,0,0,0,0,0,1,0,0,0
1319,659000,-2014,47,42,23,30,19,0,0,0,0,0,0,0,0,1,0,0,0
1320,659500,-1524,47,43,21,30,19,0,0,0,0,0,0,0,0,1,0,0,0
1321,660000,-979,47,43,20,31,19,0,0,0,0,0,0,0,0,1,0,0,0
1322,660500,-424,48,43,19,31,19,0,0,0,0,0,0,0,0,1,0,0,0
1323,661000,142,46,43,14,30,19,0,0,0,0,0,0,0,0,1,0,0,0
1324,661500,667,46,43,11,31,19,0,0,0,0,0,0,0,0,1,0,0,0
1325,662000,1188,45,42,11,30,19,0,0,0,0,0,0,0,0,1,0,0,0
1326,662500,1685,45,42,10,30,19,0,0,0,0,0,0,0,0,1,0,0,0
1327,663000,2143,45,43,8,30,19,0,0,0,0,0,0,0,0,1,0,0,0
1328,663500,2527,47,44,8,32,20,0,0,0,0,0,0,0,0,1,0,0,0
1329,664000,2885,45,43,5,30,19,0,0,0,0,0,0,0,0,1,0,0,0
1330,664500,3156,45,43,5,31,19,0,0,0,0,0,0,0,0,1,0,0,0
1331,665000,3344,46,44,4,32,20,0,0,0,0,0,0,0,0,1,0,0,0
1332,665500,3436,46,44,4,31,19,0,0,0,0,0,0,0,0,1,0,0,0
1333,666000,3471,47,44,4,32,19,0,0,0,0,0,0,0,0,1,0,0,0
1334,666500,3414,46,43,4,32,19,0,0,0,0,0,0,0,0,1,0,0,0
1335,667000,3262,46,43,5,30,19,0,0,0,0,0,0,0,0,1,0,0,0
1336,667500,3039,45,43,5,30,19,0,0,0,0,0,0,0,0,1,0,0,0
1337,668000,2732,45,42,7,30,19,0,0,0,0,0,0,0,0,1,0,0,0
1338,668500,2357,45,43,8,30,19,0,0,0,0,0,0,0,0,1,0,0,0
1339,669000,1925,45,43,11,30,19,0,0,0,0,0,0,0,0,1,0,0,0
1340,669500,1445,45,42,12,30,19,0,0,0,0,0,0,0,0,1,0,0,0
1341,670000,921,47,44,14,32,20,0,0,0,0,0,0,0,0,1,0,0,0
1342,670500,403,45,43,14,30,19,0,0,0,0,0,0,0,0,1,0,0,0
1343,671000,-118,45,44,17,32,20,0,0,0,0,0,0,0,0,1,0,0,0
1344,671500,-691,46,43,20,30,19,0,0,0,0,0,0,0,0,1,0,0,0
1345,672000,-1245,47,43,22,31,19,0,0,0,0,0,0,0,0,1,0,0,0
1346,672500,-1734,45,44,23,32,20,0,0,0,0,0,0,0,0,1,0,0,0
1347,673000,-2223,46,42,24,30,19,0,0,0,0,0,0,0,0,1,0,0,0
1348,673500,-2607,47,42,28,30,19,0,0,0,0,0,0,0,0,1,0,0,0
1349,674000,-2936,46,42,30,30,19,0,0,0,0,0,0,0,0,1,0,0,0
1350,674500,-3205,46,44,30,32,19,0,0,0,0,0,0,0,0,1,0,0,0
1351,675000,-3412,47,43,33,31,19,0,0,0,0,0,0,0,0,1,0,0,0
1352,675500,-3504,46,44,32,32,20,0,0,0,0,0,0,0,0,1,0,0,0
1353,676000,-3551,46,45,32,32,20,0,0,0,0,0,0,0,0,1,0,0,0
1354,676500,-3480,46,45,31,32,20,0,0,0,0,0,0,0,0,1,0,0,0
1355,677000,-3342,46,43,31,30,19,0,0,0,0,0,0,0,0,1,0,0,0
1356,677500,-3084,47,43,30,30,19,0,0,0,0,0,0,0,0,1,0,0,0
1357,678000,-2783,47,43,28,30,19,0,0,0,0,0,0,0,0,1,0,0,0
1358,678500,-2434,46,42,25,30,18,0,0,0,0,0,0,0,0,1,0,0,0
1359,679000,-1966,47,44,24,32,19,0,0,0,0,0,0,0,0,1,0,0,0
1360,679500,-1489,46,43,21,30,18,0,0,0,0,0,0,0,0,1,0,0,0
1361,680000,-954,46,43,21,30,18,0,0,0,0,0,0,0,0,1,0,0,0
1362,680500,-409,46,44,18,32,20,0,0,0,0,0,0,0,0,1,0,0,0
1363,681000,157,46,43,14,31,20,0,0,0,0,0,0,0,0,1,0,0,0
1364,681500,684,45,42,11,30,19,0,0,0,0,0,0,0,0,1,0,0,0
1365,682000,1200,45,42,11,30,19,0,0,0,0,0,0,0,0,1,0,0,0
1366,682500,1689,45,43,10,30,19,0,0,0,0,0,0,0,0,1,0,0,0
1367,683000,2156,45,43,8,30,19,0,0,0,0,0,0,0,0,1,0,0,0
1368,683500,2559,45,43,7,30,18,0,0,0,0,0,0,0,0,1,0,0,0
1369,684000,2877,46,43,5,30,19,0,0,0,0,0,0,0,0,1,0,0,0
1370,684500,3156,46,43,5,31,19,0,0,0,0,0,0,0,0,1,0,0,0
1371,685000,3348,46,43,4,30,19,0,0,0,0,0,0,0,0,1,0,0,0
1372,685500,3453,45,42,4,30,19,0,0,0,0,0,0,0,0,1,0,0,0
1373,686000,3475,46,44,4,31,19,0,0,0,0,0,0,0,0,1,0,0,0
1374,686500,3410,45,42,4,30,19,0,0,0,0,0,0,0,0,1,0,0,0
1375,687000,3256,46,43,5,31,19,0,0,0,0,0,0,0,0,1,0,0,0
1376,687500,3016,46,44,5,30,20,0,0,0,0,0,0,0,0,1,0,0,0
1377,688000,2719,44,42,7,30,19,0,0,0,0,0,0,0,0,1,0,0,0
1378,688500,2348,45,42,8,30,19,0,0,0,0,0,0,0,0,1,0,0,0
1379,689000,1912,45,42,10,30,18,0,0,0,0,0,0,0,0,1,0,0,0
1380,689500,1428,45,42,11,30,18,0,0,0,0,0,0,0,0,1,0,0,0
1381,690000,913,45,43,14,30,19,0,0,0,0,0,0,0,0,1,0,0,0
1382,690500,386,46,43,14,30,19,0,0,0,0,0,0,0,0,1,0,0,0
1383,691000,-135,46,43,19,30,19,0,0,0,0,0,0,0,0,1,0,0,0
1384,691500,-708,45,42,20,30,19,0,0,0,0,0,0,0,0,1,0,0,0
1385,692000,-1254,47,44,23,31,19,0,0,0,0,0,0,0,0,1,0,0,0
1386,692500,-1769,46,42,23,30,19,0,0,0,0,0,0,0,0,1,0,0,0
1387,693000,-2223,45,44,24,32,19,0,0,0,0,0,0,0,0,1,0,0,0
1388,693500,-2643,46,42,27,30,19,0,0,0,0,0,0,0,0,1,0,0,0
1389,694000,-2943,47,42,30,31,19,0,0,0,0,0,0,0,0,1,0,0,0
1390,694500,-3211,46,42,30,30,18,0,0,0,0,0,0,0,0,1,0,0,0
1391,695000,-3412,46,42,32,30,19,0,0,0,0,0,0,0,0,1,0,0,0
1392,695500,-3504,46,44,32,32,19,0,0,0,0,0,0,0,0,1,0,0,0
1393,696000,-3512,47,43,33,31,19,0,0,0,0,0,0,0,0,1,0,0,0
1394,696500,-3480,47,43,33,30,19,0,0,0,0,0,0,0,0,1,0,0,0
1395,697000,-3342,48,43,32,32,19,0,0,0,0,0,0,0,0,1,0,0,0
1396,697500,-3070,46,42,30,30,18,0,0,0,0,0,0,0,0,1,0,0,0
1397,698000,-2783,48,42,29,31,19,0,0,0,0,0,0,0,0,1,0,0,0
1398,698500,-2385,46,43,24,30,19,0,0,0,0,0,0,0,0,1,0,0,0
1399,699000,-1952,47,43,23,31,19,0,0,0,0,0,0,0,0,1,0,0,0
1400,699500,-1468,48,43,22,31,19,0,0,0,0,0,0,0,0,1,0,0,0
1401,700000,-933,47,43,21,31,19,0,0,0,0,0,0,0,0,1,0,0,0
1402,700500,-396,45,43,18,30,19,0,0,0,0,0,0,0,0,1,0,0,0
1403,701000,173,47,44,14,31,19,0,0,0,0,0,0,0,0,1,0,0,0
1404,701500,700,46,43,11,31,19,0,0,0,0,0,0,0,0,1,0,0,0
1405,702000,1200,45,43,11,30,19,0,0,0,0,0,0,0,0,1,0,0,0
1406,702500,1689,46,43,10,31,19,0,0,0,0,0,0,0,0,1,0,0,0
1407,703000,2164,45,42,8,30,19,0,0,0,0,0,0,0,0,1,0,0,0
1408,703500,2563,45,42,7,30,19,0,0,0,0,0,0,0,0,1,0,0,0
1409,704000,2902,46,44,5,31,19,0,0,0,0,0,0,0,0,1,0,0,0
1410,704500,3156,45,43,5,30,19,0,0,0,0,0,0,0,0,1,0,0,0
1411,705000,3354,47,44,4,32,19,0,0,0,0,0,0,0,0,1,0,0,0
1412,705500,3457,46,45,4,32,20,0,0,0,0,0,0,0,0,1,0,0,0
1413,706000,3475,46,43,4,32,20,0,0,0,0,0,0,0,0,1,0,0,0
1414,706500,3404,47,44,5,32,20,0,0,0,0,0,0,0,0,1,0,0,0
1415,707000,3256,45,43,5,30,19,0,0,0,0,0,0,0,0,1,0,0,0
1416,707500,3016,46,42,7,30,19,0,0,0,0,0,0,0,0,1,0,0,0
1417,708000,2715,45,43,7,30,19,0,0,0,0,0,0,0,0,1,0,0,0
1418,708500,2318,46,44,10,31,19,0,0,0,0,0,0,0,0,1,0,0,0
1419,709000,1899,47,45,11,32,20,0,0,0,0,0,0,0,0,1,0,0,0
1420,709500,1410,46,43,13,32,19,0,0,0,0,0,0,0,0,1,0,0,0
1421,710000,895,46,43,14,32,19,0,0,0,0,0,0,0,0,1,0,0,0
1422,710500,372,47,44,16,32,19,0,0,0,0,0,0,0,0,1,0,0,0
1423,711000,-151,45,43,17,30,19,0,0,0,0,0,0,0,0,1,0,0,0
1424,711500,-725,46,42,20,30,19,0,0,0,0,0,0,0,0,1,0,0,0
1425,712000,-1267,47,43,22,30,19,0,0,0,0,0,0,0,0,1,0,0,0
1426,712500,-1765,47,48,24,31,19,0,0,0,0,0,0,0,0,1,0,0,0
1427,713000,-2223,46,43,24,30,14,0,0,0,0,0,0,0,0,1,0,0,0
1428,713500,-2643,46,43,24,30,18,0,0,0,0,0,0,0,0,1,0,0,0
1429,714000,-2953,51,42,29,30,19,0,0,0,0,0,0,0,0,1,0,0,0
1430,714500,-3215,46,44,30,35,19,0,0,0,0,0,0,0,0,1,0,0,0
1431,715000,-3412,47,44,32,31,19,0,0,0,0,0,0,0,0,1,0,0,0
1432,715500,-3508,46,44,33,32,20,0,0,0,0,0,0,0,0,1,0,0,0
1433,716000,-3512,46,44,33,32,20,0,0,0,0,0,0,0,0,1,0,0,0
1434,716500,-3480,46,44,32,32,19,0,0,0,0,0,0,0,0,1,0,0,0
1435,717000,-3307,46,43,30,31,19,0,0,0,0,0,0,0,0,1,0,0,0
1436,717500,-3066,47,44,30,32,19,0,0,0,0,0,0,0,0,1,0,0,0
1437,718000,-2783,48,43,29,32,19,0,0,0,0,0,0,0,0,1,0,0,0
1438,718500,-2377,48,43,26,32,19,0,0,0,0,0,0,0,0,1,0,0,0
1439,719000,-1943,47,43,23,30,19,0,0,0,0,0,0,0,0,1,0,0,0
1440,719500,-1454,47,43,21,31,19,0,0,0,0,0,0,0,0,1,0,0,0
1441,720000,-917,47,43,21,31,19,0,0,0,0,0,0,0,0,1,0,0,0
1442,720500,-379,47,43,18,31,19,0,0,0,0,0,0,0,0,1,0,0,0
1443,721000,189,46,44,14,31,19,0,0,0,0,0,0,0,0,1,0,0,0
1444,721500,716,45,43,11,30,19,0,0,0,0,0,0,0,0,1,0,0,0
1445,722000,1230,47,44,11,32,19,0,0,0,0,0,0,0,0,1,0,0,0
1446,722500,1725,45,43,10,30,19,0,0,0,0,0,0,0,0,1,0,0,0
1447,723000,2178,45,43,8,30,18,0,0,0,0,0,0,0,0,1,0,0,0
1448,723500,2580,45,43,7,30,19,0,0,0,0,0,0,0,0,1,0,0,0
1449,724000,2916,46,43,5,30,19,0,0,0,0,0,0,0,0,1,0,0,0
1450,724500,3174,45,43,5,30,19,0,0,0,0,0,0,0,0,1,0,0,0
1451,725000,3357,45,43,4,30,19,0,0,0,0,0,0,0,0,1,0,0,0
1452,725500,3457,44,43,2,30,19,0,0,0,0,0,0,0,0,1,0,0,0
1453,726000,3471,46,44,4,32,20,0,0,0,0,0,0,0,0,1,0,0,0
1454,726500,3400,45,43,4,30,19,0,0,0,0,0,0,0,0,1,0,0,0
1455,727000,3248,46,44,5,32,20,0,0,0,0,0,0,0,0,1,0,0,0
1456,727500,3012,45,43,5,31,19,0,0,0,0,0,0,0,0,1,0,0,0
1457,728000,2701,45,43,7,30,19,0,0,0,0,0,0,0,0,1,0,0,0
1458,728500,2318,46,43,8,31,19,0,0,0,0,0,0,0,0,1,0,0,0
1459,729000,1886,47,44,11,32,20,0,0,0,0,0,0,0,0,1,0,0,0
1460,729500,1396,46,43,13,30,19,0,0,0,0,0,0,0,0,1,0,0,0
1461,730000,882,45,43,14,30,19,0,0,0,0,0,0,0,0,1,0,0,0
1462,730500,355,46,43,16,31,19,0,0,0,0,0,0,0,0,1,0,0,0
1463,731000,-166,46,42,19,30,19,0,0,0,0,0,0,0,0,1,0,0,0
1464,731500,-742,46,44,21,31,19,0,0,0,0,0,0,0,0,1,0,0,0
1465,732000,-1275,47,43,21,30,19,0,0,0,0,0,0,0,0,1,0,0,0
1466,732500,-1804,45,44,23,32,20,0,0,0,0,0,0,0,0,1,0,0,0
1467,733000,-2229,46,42,25,30,19,0,0,0,0,0,0,0,0,1,0,0,0
1468,733500,-2643,46,42,27,30,18,0,0,0,0,0,0,0,0,1,0,0,0
1469,734000,-2992,46,42,30,30,18,0,0,0,0,0,0,0,0,1,0,0,0
1470,734500,-3223,47,42,32,31,18,0,0,0,0,0,0,0,0,1,0,0,0
1471,735000,-3445,46,43,32,30,18,0,0,0,0,0,0,0,0,1,0,0,0
1472,735500,-3508,46,42,32,30,18,0,0,0,0,0,0,0,0,1,0,0,0
1473,736000,-3551,46,42,33,30,18,0,0,0,0,0,0,0,0,1,0,0,0
1474,736500,-3480,46,42,32,30,18,0,0,0,0,0,0,0,0,1,0,0,0
1475,737000,-3307,46,44,30,32,19,0,0,0,0,0,0,0,0,1,0,0,0
1476,737500,-3063,45,43,29,30,18,0,0,0,0,0,0,0,0,1,0,0,0
1477,738000,-2783,47,42,27,31,19,0,0,0,0,0,0,0,0,1,0,0,0
1478,738500,-2363,46,42,24,30,19,0,0,0,0,0,0,0,0,1,0,0,0
1479,739000,-1943,47,43,23,32,19,0,0,0,0,0,0,0,0,1,0,0,0
1480,739500,-1454,46,42,21,30,19,0,0,0,0,0,0,0,0,1,0,0,0
1481,740000,-900,46,44,20,31,19,0,0,0,0,0,0,0,0,1,0,0,0
1482,740500,-362,47,44,18,31,20,0,0,0,0,0,0,0,0,1,0,0,0
1483,741000,204,48,44,14,32,19,0,0,0,0,0,0,0,0,1,0,0,0
1484,741500,731,46,44,11,31,19,0,0,0,0,0,0,0,0,1,0,0,0
1485,742000,1235,47,44,11,32,20,0,0,0,0,0,0,0,0,1,0,0,0
1486,742500,1742,45,43,10,30,19,0,0,0,0,0,0,0,0,1,0,0,0
1487,743000,2195,45,42,8,30,19,0,0,0,0,0,0,0,0,1,0,0,0
1488,743500,2588,45,42,7,30,18,0,0,0,0,0,0,0,0,1,0,0,0
1489,744000,2920,45,43,5,30,18,0,0,0,0,0,0,0,0,1,0,0,0
1490,744500,3182,45,43,5,30,18,0,0,0,0,0,0,0,0,1,0,0,0
1491,745000,3365,45,42,4,30,19,0,0,0,0,0,0,0,0,1,0,0,0
1492,745500,3457,46,43,4,31,19,0,0,0,0,0,0,0,0,1,0,0,0
1493,746000,3475,45,43,2,30,19,0,0,0,0,0,0,0,0,1,0,0,0
1494,746500,3400,46,44,5,32,19,0,0,0,0,0,0,0,0,1,0,0,0
