1,0,19,46,43,17,30,19,0,1,0,0,0,0,0,0,0,0,0,0
2,500,18,46,43,16,30,19,0,1,0,0,0,0,0,0,0,0,0,0
3,1000,17,48,45,17,32,20,0,1,0,0,0,0,0,0,0,0,0,0
4,1500,18,48,44,18,32,20,0,1,0,0,0,0,0,0,0,0,0,0
5,2000,18,46,43,17,31,19,0,1,0,0,0,0,0,0,0,0,0,0
6,2500,18,48,45,18,32,20,0,1,0,0,0,0,0,0,0,0,0,0
7,3000,18,46,43,17,31,19,0,1,0,0,0,0,0,0,0,0,0,0
8,3500,17,48,45,18,32,20,0,1,0,0,0,0,0,0,0,0,0,0
9,4000,19,46,43,17,32,19,0,1,0,0,0,0,0,0,0,0,0,0
10,4500,18,46,43,17,31,19,0,1,0,0,0,0,0,0,0,0,0,0
11,5000,18,46,43,17,30,19,0,1,0,0,0,0,0,0,0,0,0,0
12,5500,17,46,43,17,30,19,0,1,0,0,0,0,0,0,0,0,0,0
13,6000,18,46,43,17,30,19,0,1,0,0,0,0,0,0,0,0,0,0
14,6500,18,46,43,16,30,18,0,1,0,0,0,0,0,0,0,0,0,0
15,7000,19,46,43,17,30,19,0,1,0,0,0,0,0,0,0,0,0,0
16,7500,18,46,43,17,30,19,0,1,0,0,0,0,0,0,0,0,0,0
17,8000,20,46,43,17,32,19,0,1,0,0,0,0,0,0,0,0,0,0
18,8500,18,48,44,18,32,20,0,1,0,0,0,0,0,0,0,0,0,0
19,9000,18,46,43,16,31,19,0,1,0,0,0,0,0,0,0,0,0,0
20,9500,18,46,43,17,30,19,0,1,0,0,0,0,0,0,0,0,0,0
21,10000,19,46,43,16,30,19,0,1,0,0,0,0,0,0,0,0,0,0
22,10500,18,46,43,16,30,19,0,1,0,0,0,0,0,0,0,0,0,0
23,11000,18,48,45,18,32,20,0,1,0,0,0,0,0,0,0,0,0,0
24,11500,20,46,43,17,31,19,0,1,0,0,0,0,0,0,0,0,0,0
25,12000,18,48,45,18,32,20,0,1,0,0,0,0,0,0,0,0,0,0
26,12500,18,46,43,17,31,19,0,1,0,0,0,0,0,0,0,0,0,0
27,13000,18,46,43,17,30,19,0,1,0,0,0,0,0,0,0,0,0,0
28,13500,18,46,43,17,30,18,0,1,0,0,0,0,0,0,0,0,0,0
29,14000,17,48,44,18,32,20,0,1,0,0,0,0,0,0,0,0,0,0
30,14500,19,46,43,17,31,19,0,1,0,0,0,0,0,0,0,0,0,0
31,15000,18,46,44,17,32,20,0,1,0,0,0,0,0,0,0,0,0,0
32,15500,18,46,43,17,31,19,0,1,0,0,0,0,0,0,0,0,0,0
33,16000,17,47,44,17,30,19,0,1,0,0,0,0,0,0,0,0,0,0
34,16500,20,46,43,17,30,19,0,1,0,0,0,0,0,0,0,0,0,0
35,17000,17,48,45,18,32,20,0,1,0,0,0,0,0,0,0,0,0,0
36,17500,17,48,45,18,32,20,0,1,0,0,0,0,0,0,0,0,0,0
37,18000,18,46,43,16,31,19,0,1,0,0,0,0,0,0,0,0,0,0
38,18500,18,46,43,16,30,19,0,1,0,0,0,0,0,0,0,0,0,0
39,19000,18,46,43,17,30,18,0,1,0,0,0,0,0,0,0,0,0,0
40,19500,18,46,43,17,30,19,0,1,0,0,0,0,0,0,0,0,0,0
41,20000,17,48,45,18,32,20,0,1,0,0,0,0,0,0,0,0,0,0
42,20500,18,46,43,17,31,19,0,1,0,0,0,0,0,0,0,0,0,0
43,21000,18,46,43,17,30,19,0,1,0,0,0,0,0,0,0,0,0,0
44,21500,17,46,44,17,32,19,0,1,0,0,0,0,0,0,0,0,0,0
45,22000,20,46,43,17,31,19,0,1,0,0,0,0,0,0,0,0,0,0
46,22500,18,46,43,17,30,18,0,1,0,0,0,0,0,0,0,0,0,0
47,23000,18,48,45,18,32,20,0,1,0,0,0,0,0,0,0,0,0,0
48,23500,18,48,45,17,32,20,0,1,0,0,0,0,0,0,0,0,0,0
49,24000,17,48,45,18,32,20,0,1,0,0,0,0,0,0,0,0,0,0
50,24500,17,48,45,18,32,20,0,1,0,0,0,0,0,0,0,0,0,0
51,25000,17,46,44,17,32,20,0,1,0,0,0,0,0,0,0,0,0,0
52,25500,18,46,43,17,31,19,0,1,0,0,0,0,0,0,0,0,0,0
53,26000,18,46,44,17,32,19,0,1,0,0,0,0,0,0,0,0,0,0
54,26500,18,46,43,17,31,19,0,1,0,0,0,0,0,0,0,0,0,0
55,27000,20,46,43,17,30,19,0,1,0,0,0,0,0,0,0,0,0,0
56,27500,19,46,43,17,30,19,0,1,0,0,0,0,0,0,0,0,0,0
57,28000,18,46,43,17,30,19,0,1,0,0,0,0,0,0,0,0,0,0
58,28500,18,46,43,17,30,19,0,1,0,0,0,0,0,0,0,0,0,0
59,29000,18,46,43,17,30,19,0,1,0,0,0,0,0,0,0,0,0,0
60,29500,17,47,44,18,32,19,0,1,0,0,0,0,0,0,0,0,0,0
61,30000,19,46,43,17,31,19,0,1,0,0,0,0,0,0,0,0,0,0
62,30500,19,46,43,17,30,19,0,1,0,0,0,0,0,0,0,0,0,0
63,31000,19,46,43,17,30,19,0,1,0,0,0,0,0,0,0,0,0,0
64,31500,18,46,43,16,30,19,0,1,0,0,0,0,0,0,0,0,0,0
65,32000,18,48,45,18,32,20,0,1,0,0,0,0,0,0,0,0,0,0
66,32500,18,48,45,18,32,20,0,1,0,0,0,0,0,0,0,0,0,0
67,33000,18,46,43,17,31,19,0,1,0,0,0,0,0,0,0,0,0,0
68,33500,18,48,45,18,32,20,0,1,0,0,0,0,0,0,0,0,0,0
69,34000,18,46,43,16,31,19,0,1,0,0,0,0,0,0,0,0,0,0
70,34500,17,46,44,17,32,19,0,1,0,0,0,0,0,0,0,0,0,0
71,35000,19,46,43,17,31,19,0,1,0,0,0,0,0,0,0,0,0,0
72,35500,18,46,43,16,30,19,0,1,0,0,0,0,0,0,0,0,0,0
73,36000,18,47,44,18,32,19,0,1,0,0,0,0,0,0,0,0,0,0
74,36500,17,48,45,18,33,20,0,1,0,0,0,0,0,0,0,0,0,0
75,37000,18,46,45,17,32,20,0,1,0,0,0,0,0,0,0,0,0,0
76,37500,18,47,43,17,31,19,0,1,0,0,0,0,0,0,0,0,0,0
77,38000,18,46,43,16,30,19,0,1,0,0,0,0,0,0,0,0,0,0
78,38500,18,48,45,18,32,20,0,1,0,0,0,0,0,0,0,0,0,0
79,39000,19,46,43,17,31,19,0,1,0,0,0,0,0,0,0,0,0,0
80,39500,18,46,43,17,30,19,0,1,0,0,0,0,0,0,0,0,0,0
81,40000,18,46,43,17,30,19,0,1,0,0,0,0,0,0,0,0,0,0
82,40500,18,47,44,18,32,19,0,1,0,0,0,0,0,0,0,0,0,0
83,41000,18,46,43,16,31,19,0,1,0,0,0,0,0,0,0,0,0,0
84,41500,18,48,45,17,32,20,0,1,0,0,0,0,0,0,0,0,0,0
85,42000,18,46,43,17,32,19,0,1,0,0,0,0,0,0,0,0,0,0
86,42500,19,46,43,17,31,19,0,1,0,0,0,0,0,0,0,0,0,0
87,43000,18,46,43,17,30,19,0,1,0,0,0,0,0,0,0,0,0,0
88,43500,17,47,44,17,32,19,0,1,0,0,0,0,0,0,0,0,0,0
89,44000,18,46,43,17,31,19,0,1,0,0,0,0,0,0,0,0,0,0
90,44500,20,46,43,17,30,19,0,1,0,0,0,0,0,0,0,0,0,0
91,45000,18,46,43,17,30,19,0,1,0,0,0,0,0,0,0,0,0,0
92,45500,18,47,43,17,33,20,0,1,0,0,0,0,0,0,0,0,0,0
93,46000,18,48,44,18,32,20,0,1,0,0,0,0,0,0,0,0,0,0
94,46500,17,48,45,18,32,20,0,1,0,0,0,0,0,0,0,0,0,0
95,47000,18,48,44,17,32,20,0,1,0,0,0,0,0,0,0,0,0,0
96,47500,18,48,45,18,32,20,0,1,0,0,0,0,0,0,0,0,0,0
97,48000,18,46,43,17,31,19,0,1,0,0,0,0,0,0,0,0,0,0
98,48500,18,48,45,18,32,20,0,1,0,0,0,0,0,0,0,0,0,0
99,49000,18,47,45,18,32,20,0,1,0,0,0,0,0,0,0,0,0,0
100,49500,18,46,43,17,31,19,0,1,0,0,0,0,0,0,0,0,0,0
101,50000,18,46,43,17,30,19,0,1,0,0,0,0,0,0,0,0,0,0
102,50500,18,46,43,17,30,19,0,1,0,0,0,0,0,0,0,0,0,0
103,51000,18,46,43,17,30,19,0,1,0,0,0,0,0,0,0,0,0,0
104,51500,18,46,43,17,30,19,0,1,0,0,0,0,0,0,0,0,0,0
105,52000,45,46,43,17,30,18,0,1,0,0,0,0,0,0,0,0,0,0
106,52500,158,46,43,15,32,19,0,1,0,0,0,0,0,0,0,0,0,0
107,53000,293,46,43,15,31,19,0,1,0,0,0,0,0,0,0,0,0,0
108,53500,440,46,43,13,30,18,0,1,0,0,0,0,0,0,0,0,0,0
109,54000,568,46,43,13,30,19,0,1,0,0,0,0,0,0,0,0,0,0
110,54500,679,48,45,13,32,20,0,1,0,0,0,0,0,0,0,0,0,0
111,55000,772,46,43,11,31,19,0,1,0,0,0,0,0,0,0,0,0,0
112,55500,848,46,44,11,32,19,0,1,0,0,0,0,0,0,0,0,0,0
113,56000,900,46,43,10,31,19,0,1,0,0,0,0,0,0,0,0,0,0
114,56500,929,46,43,10,30,18,0,1,0,0,0,0,0,0,0,0,0,0
115,57000,921,46,43,13,30,19,0,1,0,0,0,0,0,0,0,0,0,0
116,57500,917,46,43,10,30,19,0,1,0,0,0,0,0,0,0,0,0,0
117,58000,875,48,45,12,32,20,0,1,0,0,0,0,0,0,0,0,0,0
118,58500,811,46,45,12,32,23,0,1,0,0,0,0,0,0,0,0,0,0
119,59000,725,46,43,12,31,20,0,1,0,0,0,0,0,0,0,0,0,0
120,59500,619,47,44,13,32,19,0,1,0,0,0,0,0,0,0,0,0,0
121,60000,497,46,43,14,31,19,0,1,0,0,0,0,0,0,0,0,0,0
122,60500,361,46,43,15,32,19,0,1,0,0,0,0,0,0,0,0,0,0
123,61000,212,48,45,17,33,20,0,1,0,0,0,0,0,0,0,0,0,0
124,61500,86,46,43,11,31,19,0,1,0,0,0,0,0,0,0,0,0,0
125,62000,-70,46,43,17,30,19,0,1,0,0,0,0,0,0,0,0,0,0
126,62500,-228,47,43,20,29,19,0,1,0,0,0,0,0,0,0,0,0,0
127,63000,-399,48,44,20,32,19,0,1,0,0,0,0,0,0,0,0,0,0
128,63500,-543,46,45,20,32,20,0,1,0,0,0,0,0,0,0,0,0,0
129,64000,-673,46,43,18,31,19,0,1,0,0,0,0,0,0,0,0,0,0
130,64500,-786,46,45,21,32,20,0,1,0,0,0,0,0,0,0,0,0,0
131,65000,-880,46,43,21,31,19,0,1,0,0,0,0,0,0,0,0,1,0
132,65500,-950,48,43,23,32,19,0,1,0,0,0,0,0,0,0,0,1,0
133,66000,-1002,49,43,23,32,19,0,1,0,0,0,0,0,0,0,0,1,0
134,66500,-1032,46,43,21,31,19,0,1,0,0,0,0,0,0,0,0,1,0
135,67000,-1070,46,45,20,32,20,0,1,0,0,0,0,0,0,0,0,1,0
136,67500,-1015,48,43,23,32,19,0,1,0,0,0,0,0,0,0,0,1,0
137,68000,-967,48,43,23,32,19,0,1,0,0,0,0,0,0,0,0,1,0
138,68500,-898,48,44,22,32,19,0,1,0,0,0,0,0,0,0,0,1,0
139,69000,-812,46,43,21,31,19,0,1,0,0,0,0,0,0,0,0,1,0
140,69500,-699,46,45,20,32,20,0,1,0,0,0,0,0,0,0,0,1,0
141,70000,-574,46,46,19,32,20,0,1,0,0,0,0,0,0,0,0,1,0
142,70500,-435,47,43,19,31,19,0,1,0,0,0,0,0,0,0,0,1,0
143,71000,-284,46,45,18,32,20,0,1,0,0,0,0,0,0,0,0,1,0
144,71500,-107,48,44,19,32,20,0,1,0,0,0,0,0,0,0,0,1,0
145,72000,49,48,45,18,32,20,0,1,0,0,0,0,0,0,0,0,1,0
146,72500,204,48,45,15,32,20,0,1,0,0,0,0,0,0,0,0,1,0
147,73000,330,46,43,15,31,19,0,1,0,0,0,0,0,0,0,0,1,0
148,73500,469,47,44,14,30,20,0,1,0,0,0,0,0,0,0,0,1,0
149,74000,596,46,43,12,30,19,0,1,0,0,0,0,0,0,0,0,1,0
150,74500,707,48,45,13,32,20,0,1,0,0,0,0,0,0,0,0,1,0
151,75000,800,46,43,11,31,19,0,1,0,0,0,0,0,0,0,0,1,0
152,75500,873,48,45,11,32,20,0,1,0,0,0,0,0,0,0,0,1,0
153,76000,924,48,45,11,32,20,0,1,0,0,0,0,0,0,0,0,1,0
154,76500,921,46,43,13,31,19,0,1,0,0,0,0,0,0,0,0,1,0
155,77000,921,48,45,14,32,20,0,1,0,0,0,0,0,0,0,0,1,0
156,77500,935,48,46,12,32,20,0,1,0,0,0,0,0,0,0,0,0,0
157,78000,890,48,45,11,32,20,0,1,0,0,0,0,0,0,0,0,0,0
158,78500,823,48,45,11,32,20,0,1,0,0,0,0,0,0,0,0,0,0
159,79000,734,46,43,12,31,19,0,1,0,0,0,0,0,0,0,0,0,0
160,79500,627,46,43,12,30,18,0,1,0,0,0,0,0,0,0,0,0,0
161,80000,503,48,45,15,32,20,0,1,0,0,0,0,0,0,0,0,0,0
162,80500,365,46,43,15,32,19,0,1,0,0,0,0,0,0,0,0,0,0
163,81000,218,48,45,16,33,20,0,1,0,0,0,0,0,0,0,0,0,0
164,81500,89,46,43,16,31,19,0,1,0,0,0,0,0,0,0,0,0,0
165,82000,-69,48,44,19,30,19,0,1,0,0,0,0,0,0,0,0,0,0
166,82500,-225,48,44,20,32,19,0,1,0,0,0,0,0,0,0,0,0,0
167,83000,-397,49,44,21,32,19,0,1,0,0,0,0,0,0,0,0,0,0
168,83500,-538,47,43,21,31,19,0,1,0,0,0,0,0,0,0,0,0,0
169,84000,-665,46,44,20,32,20,0,1,0,0,0,0,0,0,0,0,0,0
170,84500,-777,48,44,22,32,20,0,1,0,0,0,0,0,0,0,0,0,0
171,85000,-872,48,43,22,31,19,0,1,0,0,0,0,0,0,0,0,0,0
172,85500,-950,46,43,21,30,18,0,1,0,0,0,0,0,0,0,0,0,0
173,86000,-1002,46,43,23,30,19,0,1,0,0,0,0,0,0,0,0,0,0
174,86500,-1027,48,44,24,32,19,0,1,0,0,0,0,0,0,1,0,0,0
175,87000,-1027,49,44,24,31,20,0,1,0,0,0,0,0,0,1,0,0,0
176,87500,-1002,46,43,22,30,19,0,1,0,0,0,0,0,0,1,0,0,0
177,88000,-958,46,45,23,32,20,0,1,0,0,0,0,0,0,1,0,0,0
178,88500,-889,48,44,23,32,20,0,1,0,0,0,0,0,0,1,0,0,0
179,89000,-796,46,44,21,31,19,0,1,0,0,0,0,0,0,1,0,0,0
180,89500,-690,47,44,21,32,19,0,1,0,0,0,0,0,0,1,0,0,0
181,90000,-561,49,45,22,32,19,0,1,0,0,0,0,0,0,1,0,0,0
182,90500,-422,48,43,20,32,19,0,1,0,0,0,0,0,0,1,0,0,0
183,91000,-275,48,44,21,32,19,0,1,0,0,0,0,0,0,1,0,0,0
184,91500,-95,49,44,21,32,20,0,1,0,0,0,0,0,0,1,0,0,0
185,92000,62,46,43,18,31,19,0,1,0,0,0,0,0,0,1,0,0,0
186,92500,217,46,43,15,30,19,0,1,0,0,0,0,0,0,1,0,0,0
187,93000,344,46,43,16,30,19,0,1,0,0,0,0,0,0,1,0,0,0
188,93500,483,47,43,16,32,19,0,1,0,0,0,0,0,0,1,0,0,0
189,94000,609,48,45,15,32,20,0,1,0,0,0,0,0,0,1,0,0,0
190,94500,718,46,43,14,31,19,0,1,0,0,0,0,0,0,1,0,0,0
191,95000,811,46,43,12,30,19,0,1,0,0,0,0,0,0,1,0,0,0
192,95500,883,47,44,12,30,19,0,1,0,0,0,0,0,0,1,0,0,0
193,96000,932,47,44,12,32,20,0,1,0,0,0,0,0,0,1,0,0,0
194,96500,921,46,43,14,31,20,0,1,0,0,0,0,0,0,1,0,0,0
195,97000,952,46,43,15,30,19,0,1,0,0,0,0,0,0,1,0,0,0
196,97500,921,46,43,14,30,19,0,1,0,0,0,0,0,0,1,0,0,0
197,98000,894,48,45,13,32,20,0,1,0,0,0,0,0,0,1,0,0,0
198,98500,826,46,43,12,31,19,0,1,0,0,0,0,0,0,1,0,0,0
199,99000,738,48,45,15,32,20,0,1,0,0,0,0,0,0,1,0,0,0
200,99500,630,47,43,15,33,20,0,1,0,0,0,0,0,0,1,0,0,0
201,100000,503,46,43,15,31,19,0,1,0,0,0,0,0,0,1,0,0,0
202,100500,367,48,44,17,32,20,0,1,0,0,0,0,0,0,1,0,0,0
203,101000,218,46,43,17,31,19,0,1,0,0,0,0,0,0,1,0,0,0
204,101500,89,46,43,18,30,19,0,1,0,0,0,0,0,0,1,0,0,0
205,102000,-67,48,44,21,32,20,0,1,0,0,0,0,0,0,1,0,0,0
206,102500,-224,46,43,21,31,19,0,1,0,0,0,0,0,0,1,0,0,0
207,103000,-396,48,43,22,32,19,0,1,0,0,0,0,0,0,1,0,0,0
208,103500,-535,48,44,23,32,20,0,1,0,0,0,0,0,0,1,0,0,0
209,104000,-665,48,43,23,31,20,0,1,0,0,0,0,0,0,1,0,0,0
210,104500,-777,46,45,23,32,20,0,1,0,0,0,0,0,0,1,0,0,0
211,105000,-872,48,43,24,32,20,0,1,0,0,0,0,0,0,1,0,0,0
212,105500,-941,48,44,24,31,20,0,1,0,0,0,0,0,0,1,0,0,0
213,106000,-993,46,43,24,30,19,0,1,0,0,0,0,0,0,1,0,0,0
214,106500,-1020,48,43,24,30,19,0,1,0,0,0,0,0,0,1,0,0,0
215,107000,-1020,48,43,24,30,19,0,1,0,0,0,0,0,0,1,0,0,0
216,107500,-1002,49,44,24,32,19,0,1,0,0,0,0,0,0,1,0,0,0
217,108000,-950,48,45,24,32,20,0,1,0,0,0,0,0,0,1,0,0,0
218,108500,-880,48,44,24,32,19,0,1,0,0,0,0,0,0,1,0,0,0
219,109000,-787,48,43,23,31,20,0,1,0,0,0,0,0,0,1,0,0,0
220,109500,-682,47,43,21,32,19,0,1,0,0,0,0,0,0,1,0,0,0
221,110000,-552,48,43,21,31,19,0,1,0,0,0,0,0,0,1,0,0,0
222,110500,-414,48,44,20,32,20,0,1,0,0,0,0,0,0,1,0,0,0
223,111000,-262,46,45,18,33,20,0,1,0,0,0,0,0,0,1,0,0,0
224,111500,-85,46,43,18,31,19,0,1,0,0,0,0,0,0,1,0,0,0
225,112000,71,48,44,17,32,20,0,1,0,0,0,0,0,0,1,0,0,0
226,112500,226,46,43,14,31,19,0,1,0,0,0,0,0,0,1,0,0,0
227,113000,354,47,43,15,32,20,0,1,0,0,0,0,0,0,1,0,0,0
228,113500,492,48,45,15,32,20,0,1,0,0,0,0,0,0,1,0,0,0
229,114000,618,48,45,14,33,20,0,1,0,0,0,0,0,0,1,0,0,0
230,114500,728,46,43,12,31,19,0,1,0,0,0,0,0,0,1,0,0,0
231,115000,819,48,45,12,32,20,0,1,0,0,0,0,0,0,1,0,0,0
232,115500,889,46,43,10,31,19,0,1,0,0,0,0,0,0,1,0,0,0
233,116000,938,46,43,10,30,19,0,1,0,0,0,0,0,0,1,0,0,0
234,116500,952,48,45,14,32,20,0,1,0,0,0,0,0,0,1,0,0,0
235,117000,956,46,43,14,31,19,0,1,0,0,0,0,0,0,1,0,0,0
236,117500,921,46,43,14,30,19,0,1,0,0,0,0,0,0,1,0,0,0
237,118000,898,46,43,11,30,19,0,1,0,0,0,0,0,0,1,0,0,0
238,118500,829,46,43,11,30,19,0,1,0,0,0,0,0,0,1,0,0,0
239,119000,738,46,43,12,30,19,0,1,0,0,0,0,0,0,1,0,0,0
240,119500,630,47,44,13,30,19,0,1,0,0,0,0,0,0,1,0,0,0
241,120000,505,46,43,14,30,19,0,1,0,0,0,0,0,0,1,0,0,0
242,120500,365,48,45,16,32,20,0,1,0,0,0,0,0,0,1,0,0,0
243,121000,218,46,43,15,32,20,0,1,0,0,0,0,0,0,1,0,0,0
244,121500,86,46,44,17,32,19,0,1,0,0,0,0,0,0,1,0,0,0
245,122000,-69,46,43,18,31,19,0,1,0,0,0,0,0,0,1,0,0,0
246,122500,-225,46,45,18,32,20,0,1,0,0,0,0,0,0,1,0,0,0
247,123000,-396,46,43,18,31,19,0,1,0,0,0,0,0,0,1,0,0,0
248,123500,-535,46,43,20,30,19,0,1,0,0,0,0,0,0,1,0,0,0
249,124000,-665,46,43,20,30,19,0,1,0,0,0,0,0,0,1,0,0,0
250,124500,-777,48,44,22,32,19,0,1,0,0,0,0,0,0,1,0,0,0
251,125000,-866,48,43,22,31,19,0,1,0,0,0,0,0,0,1,0,0,0
252,125500,-941,46,43,24,30,19,0,1,0,0,0,0,0,0,1,0,0,0
253,126000,-993,46,43,21,30,19,0,1,0,0,0,0,0,0,1,0,0,0
254,126500,-1015,46,43,22,30,19,0,1,0,0,0,0,0,0,1,0,0,0
255,127000,-1020,46,45,21,32,20,0,1,0,0,0,0,0,0,1,0,0,0
256,127500,-993,46,43,21,31,19,0,1,0,0,0,0,0,0,1,0,0,0
257,128000,-945,46,43,21,30,18,0,1,0,0,0,0,0,0,1,0,0,0
258,128500,-872,47,43,21,30,19,0,1,0,0,0,0,0,0,1,0,0,0
259,129000,-781,46,45,21,32,20,0,1,0,0,0,0,0,0,1,0,0,0
260,129500,-673,46,43,20,31,19,0,1,0,0,0,0,0,0,1,0,0,0
261,130000,-543,47,43,20,30,19,0,1,0,0,0,0,0,0,1,0,0,0
262,130500,-405,46,43,18,30,19,0,1,0,0,0,0,0,0,1,0,0,0
263,131000,-254,46,43,18,30,19,0,1,0,0,0,0,0,0,1,0,0,0
264,131500,-77,46,45,17,32,20,0,1,0,0,0,0,0,0,1,0,0,0
265,132000,80,46,43,16,31,19,0,1,0,0,0,0,0,0,1,0,0,0
266,132500,235,46,43,13,30,19,0,1,0,0,0,0,0,0,1,0,0,0
267,133000,361,47,44,15,32,20,0,1,0,0,0,0,0,0,1,0,0,0
268,133500,500,46,43,14,31,19,0,1,0,0,0,0,0,0,1,0,0,0
269,134000,624,46,44,13,30,20,0,1,0,0,0,0,0,0,1,0,0,0
270,134500,734,46,43,12,30,19,0,1,0,0,0,0,0,0,1,0,0,0
271,135000,824,46,43,11,30,19,0,1,0,0,0,0,0,0,1,0,0,0
272,135500,895,48,45,11,32,20,0,1,0,0,0,0,0,0,1,0,0,0
273,136000,943,46,43,10,31,19,0,1,0,0,0,0,0,0,1,0,0,0
274,136500,956,46,44,14,32,20,0,1,0,0,0,0,0,0,1,0,0,0
275,137000,960,46,43,13,31,19,0,1,0,0,0,0,0,0,1,0,0,0
276,137500,921,46,43,14,32,19,0,1,0,0,0,0,0,0,1,0,0,0
277,138000,899,46,43,11,31,19,0,1,0,0,0,0,0,0,1,0,0,0
278,138500,830,45,43,11,30,19,0,1,0,0,0,0,0,0,1,0,0,0
279,139000,741,46,43,12,30,19,0,1,0,0,0,0,0,0,1,0,0,0
280,139500,630,46,43,12,30,19,0,1,0,0,0,0,0,0,1,0,0,0
281,140000,503,47,45,14,32,20,0,1,0,0,0,0,0,0,1,0,0,0
282,140500,364,46,43,15,31,19,0,1,0,0,0,0,0,0,1,0,0,0
283,141000,216,46,43,15,30,19,0,1,0,0,0,0,0,0,1,0,0,0
284,141500,86,46,44,17,32,19,0,1,0,0,0,0,0,0,1,0,0,0
285,142000,-70,48,43,18,32,20,0,1,0,0,0,0,0,0,1,0,0,0
286,142500,-225,46,44,19,32,20,0,1,0,0,0,0,0,0,1,0,0,0
287,143000,-397,46,43,18,31,19,0,1,0,0,0,0,0,0,1,0,0,0
288,143500,-539,46,43,19,30,19,0,1,0,0,0,0,0,0,1,0,0,0
289,144000,-665,46,43,20,30,18,0,1,0,0,0,0,0,0,1,0,0,0
290,144500,-777,46,43,21,30,18,0,1,0,0,0,0,0,0,1,0,0,0
291,145000,-866,47,43,21,30,19,0,1,0,0,0,0,0,0,1,0,0,0
292,145500,-941,48,44,23,32,19,0,1,0,0,0,0,0,0,1,0,0,0
293,146000,-985,48,43,23,31,19,0,1,0,0,0,0,0,0,1,0,0,0
294,146500,-1015,46,45,21,32,20,0,1,0,0,0,0,0,0,1,0,0,0
295,147000,-1011,48,43,23,32,20,0,1,0,0,0,0,0,0,1,0,0,0
296,147500,-989,46,43,21,31,19,0,1,0,0,0,0,0,0,1,0,0,0
297,148000,-936,46,45,21,32,20,0,1,0,0,0,0,0,0,1,0,0,0
298,148500,-865,48,43,21,31,20,0,1,0,0,0,0,0,0,1,0,0,0
299,149000,-777,48,44,21,32,20,0,1,0,0,0,0,0,0,1,0,0,0
300,149500,-665,49,44,21,32,19,0,1,0,0,0,0,0,0,1,0,0,0
301,150000,-535,49,44,21,32,19,0,1,0,0,0,0,0,0,1,0,0,0
302,150500,-396,46,43,18,31,18,0,1,0,0,0,0,0,0,1,0,0,0
303,151000,-225,48,44,20,32,19,0,1,0,0,0,0,0,0,1,0,0,0
304,151500,-69,46,45,17,32,20,0,1,0,0,0,0,0,0,1,0,0,0
305,152000,86,46,43,15,31,19,0,1,0,0,0,0,0,0,1,0,0,0
306,152500,241,46,44,14,32,20,0,1,0,0,0,0,0,0,1,0,0,0
307,153000,368,48,45,15,32,20,0,1,0,0,0,0,0,0,1,0,0,0
308,153500,506,46,43,13,31,19,0,1,0,0,0,0,0,0,1,0,0,0
309,154000,632,46,43,12,30,19,0,1,0,0,0,0,0,0,1,0,0,0
310,154500,740,48,44,12,32,20,0,1,0,0,0,0,0,0,1,0,0,0
311,155000,829,46,43,11,31,19,0,1,0,0,0,0,0,0,1,0,0,0
312,155500,900,46,43,10,30,18,0,1,0,0,0,0,0,0,1,0,0,0
313,156000,921,46,43,13,30,19,0,1,0,0,0,0,0,0,1,0,0,0
314,156500,956,48,45,14,32,20,0,1,0,0,0,0,0,0,1,0,0,0
315,157000,960,46,43,13,31,19,0,1,0,0,0,0,0,0,1,0,0,0
316,157500,921,47,44,14,32,20,0,1,0,0,0,0,0,0,1,0,0,0
317,158000,899,48,45,12,32,20,0,1,0,0,0,0,0,0,1,0,0,0
318,158500,831,46,43,11,31,19,0,1,0,0,0,0,0,0,1,0,0,0
319,159000,739,48,45,12,32,19,0,1,0,0,0,0,0,0,1,0,0,0
320,159500,629,46,44,13,31,19,0,1,0,0,0,0,0,0,1,0,0,0
321,160000,503,46,43,14,32,19,0,1,0,0,0,0,0,0,1,0,0,0
322,160500,363,46,43,15,31,19,0,1,0,0,0,0,0,0,1,0,0,0
323,161000,215,46,44,16,32,19,0,1,0,0,0,0,0,0,1,0,0,0
324,161500,83,48,45,17,32,20,0,1,0,0,0,0,0,0,1,0,0,0
325,162000,-73,46,43,18,31,19,0,1,0,0,0,0,0,0,1,0,0,0
326,162500,-228,48,44,20,32,20,0,1,0,0,0,0,0,0,1,0,0,0
327,163000,-401,46,43,19,31,19,0,1,0,0,0,0,0,0,1,0,0,0
328,163500,-543,48,44,21,30,19,0,1,0,0,0,0,0,0,1,0,0,0
329,164000,-665,46,43,20,30,19,0,1,0,0,0,0,0,0,1,0,0,0
330,164500,-777,48,44,21,30,19,0,1,0,0,0,0,0,0,1,0,0,0
331,165000,-865,46,43,21,30,19,0,1,0,0,0,0,0,0,1,0,0,0
332,165500,-941,47,47,22,31,18,0,1,0,0,0,0,0,0,1,0,0,0
333,166000,-989,46,44,21,30,18,0,1,0,0,0,0,0,0,1,0,0,0
334,166500,-1011,47,43,23,30,19,0,1,0,0,0,0,0,0,1,0,0,0
335,167000,-1011,46,45,21,32,20,0,1,0,0,0,0,0,0,1,0,0,0
336,167500,-984,48,43,23,31,19,0,1,0,0,0,0,0,0,1,0,0,0
337,168000,-933,47,43,22,30,19,0,1,0,0,0,0,0,0,1,0,0,0
338,168500,-863,46,43,21,30,18,0,1,0,0,0,0,0,0,1,0,0,0
339,169000,-768,48,43,21,30,19,0,1,0,0,0,0,0,0,1,0,0,0
340,169500,-656,46,43,19,30,18,0,1,0,0,0,0,0,0,1,0,0,0
341,170000,-530,46,43,19,30,19,0,1,0,0,0,0,0,0,1,0,0,0
342,170500,-388,46,45,18,32,20,0,1,0,0,0,0,0,0,1,0,0,0
343,171000,-217,46,45,18,33,20,0,1,0,0,0,0,0,0,1,0,0,0
344,171500,-63,48,44,18,32,20,0,1,0,0,0,0,0,0,1,0,0,0
345,172000,94,46,43,16,31,19,0,1,0,0,0,0,0,0,1,0,0,0
346,172500,249,46,43,14,30,19,0,1,0,0,0,0,0,0,1,0,0,0
347,173000,373,48,45,15,32,20,0,1,0,0,0,0,0,0,1,0,0,0
348,173500,512,46,43,13,31,19,0,1,0,0,0,0,0,0,1,0,0,0
349,174000,637,48,45,13,32,20,0,1,0,0,0,0,0,0,1,0,0,0
350,174500,747,48,45,12,32,20,0,1,0,0,0,0,0,0,1,0,0,0
351,175000,836,48,45,12,32,20,0,1,0,0,0,0,0,0,1,0,0,0
352,175500,904,46,43,10,31,19,0,1,0,0,0,0,0,0,1,0,0,0
353,176000,921,48,44,15,32,20,0,1,0,0,0,0,0,0,1,0,0,0
354,176500,956,48,45,14,32,20,0,1,0,0,0,0,0,0,1,0,0,0
355,177000,956,48,45,14,32,20,0,1,0,0,0,0,0,0,1,0,0,0
356,177500,921,46,43,14,31,19,0,1,0,0,0,0,0,0,1,0,0,0
357,178000,900,48,45,12,32,20,0,1,0,0,0,0,0,0,1,0,0,0
358,178500,829,48,45,12,32,20,0,1,0,0,0,0,0,0,1,0,0,0
359,179000,736,48,45,12,32,20,0,1,0,0,0,0,0,0,1,0,0,0
360,179500,627,46,43,13,32,20,0,1,0,0,0,0,0,0,1,0,0,0
361,180000,500,46,44,14,32,20,0,1,0,0,0,0,0,0,1,0,0,0
362,180500,361,46,43,15,31,19,0,1,0,0,0,0,0,0,1,0,0,0
363,181000,212,48,45,17,32,20,0,1,0,0,0,0,0,0,1,0,0,0
364,181500,83,46,43,17,31,19,0,1,0,0,0,0,0,0,1,0,0,0
365,182000,-76,46,45,17,32,20,0,1,0,0,0,0,0,0,1,0,0,0
366,182500,-231,47,43,20,31,19,0,1,0,0,0,0,0,0,1,0,0,0
367,183000,-405,48,43,20,32,19,0,1,0,0,0,0,0,0,1,0,0,0
368,183500,-543,46,43,19,31,19,0,1,0,0,0,0,0,0,1,0,0,0
369,184000,-669,46,45,20,32,20,0,1,0,0,0,0,0,0,1,0,0,0
370,184500,-777,48,43,22,32,19,0,1,0,0,0,0,0,0,1,0,0,0
371,185000,-865,46,43,21,31,19,0,1,0,0,0,0,0,0,1,0,0,0
372,185500,-936,46,43,21,30,18,0,1,0,0,0,0,0,0,1,0,0,0
373,186000,-989,46,43,22,30,18,0,1,0,0,0,0,0,0,1,0,0,0
374,186500,-1035,47,43,21,30,19,0,1,0,0,0,0,0,0,1,0,0,0
375,187000,-1005,46,43,22,30,18,0,1,0,0,0,0,0,0,1,0,0,0
376,187500,-984,48,43,23,30,19,0,1,0,0,0,0,0,0,1,0,0,0
377,188000,-933,46,43,21,30,19,0,1,0,0,0,0,0,0,1,0,0,0
378,188500,-859,46,43,21,30,18,0,1,0,0,0,0,0,0,1,0,0,0
379,189000,-763,48,44,21,30,19,0,1,0,0,0,0,0,0,1,0,0,0
380,189500,-656,48,44,21,32,19,0,1,0,0,0,0,0,0,1,0,0,0
381,190000,-526,46,43,19,31,18,0,1,0,0,0,0,0,0,1,0,0,0
382,190500,-382,46,43,18,30,19,0,1,0,0,0,0,0,0,1,0,0,0
383,191000,-211,47,43,18,30,18,0,1,0,0,0,0,0,0,1,0,0,0
384,191500,-57,46,45,17,32,20,0,1,0,0,0,0,0,0,1,0,0,0
385,192000,101,46,43,15,31,19,0,1,0,0,0,0,0,0,1,0,0,0
386,192500,254,46,43,12,30,18,0,1,0,0,0,0,0,0,1,0,0,0
387,193000,380,48,45,15,32,20,0,1,0,0,0,0,0,0,1,0,0,0
388,193500,519,48,44,14,32,19,0,1,0,0,0,0,0,0,1,0,0,0
389,194000,641,46,43,12,31,19,0,1,0,0,0,0,0,0,1,0,0,0
390,194500,750,46,43,11,30,19,0,1,0,0,0,0,0,0,1,0,0,0
391,195000,839,46,43,11,30,18,0,1,0,0,0,0,0,0,1,0,0,0
392,195500,908,46,43,10,30,18,0,1,0,0,0,0,0,0,1,0,0,0
393,196000,921,48,45,14,32,20,0,1,0,0,0,0,0,0,1,0,0,0
394,196500,965,46,43,13,31,19,0,1,0,0,0,0,0,0,1,0,0,0
395,197000,956,48,45,14,32,20,0,1,0,0,0,0,0,0,1,0,0,0
396,197500,921,46,43,13,31,20,0,1,0,0,0,0,0,0,1,0,0,0
397,198000,900,46,43,10,30,19,0,1,0,0,0,0,0,0,1,0,0,0
398,198500,828,46,44,11,30,19,0,1,0,0,0,0,0,0,1,0,0,0
399,199000,735,46,44,12,32,19,0,1,0,0,0,0,0,0,1,0,0,0
400,199500,624,47,44,13,31,19,0,1,0,0,0,0,0,0,1,0,0,0
401,200000,499,46,43,14,32,19,0,1,0,0,0,0,0,0,1,0,0,0
402,200500,356,46,43,15,31,19,0,1,0,0,0,0,0,0,1,0,0,0
403,201000,209,46,43,16,30,20,0,1,0,0,0,0,0,0,1,0,0,0
404,201500,77,47,44,17,32,20,0,1,0,0,0,0,0,0,1,0,0,0
405,202000,-76,46,43,18,31,19,0,1,0,0,0,0,0,0,1,0,0,0
406,202500,-235,48,44,20,32,19,0,1,0,0,0,0,0,0,1,0,0,0
407,203000,-405,46,43,18,30,19,0,1,0,0,0,0,0,0,1,0,0,0
408,203500,-543,46,43,20,30,19,0,1,0,0,0,0,0,0,1,0,0,0
409,204000,-669,46,43,21,30,19,0,1,0,0,0,0,0,0,1,0,0,0
410,204500,-777,48,44,22,30,20,0,1,0,0,0,0,0,0,1,0,0,0
411,205000,-867,48,44,23,32,20,0,1,0,0,0,0,0,0,1,0,0,0
412,205500,-936,46,43,23,31,19,0,1,0,0,0,0,0,0,1,0,0,0
413,206000,-984,48,43,23,30,19,0,1,0,0,0,0,0,0,1,0,0,0
414,206500,-1006,46,45,21,32,20,0,1,0,0,0,0,0,0,1,0,0,0
415,207000,-1004,47,43,23,31,20,0,1,0,0,0,0,0,0,1,0,0,0
416,207500,-980,46,43,21,30,19,0,1,0,0,0,0,0,0,1,0,0,0
417,208000,-933,46,43,23,30,19,0,1,0,0,0,0,0,0,1,0,0,0
418,208500,-854,46,43,21,30,19,0,1,0,0,0,0,0,0,1,0,0,0
419,209000,-760,46,45,21,32,20,0,1,0,0,0,0,0,0,1,0,0,0
420,209500,-647,47,43,21,31,19,0,1,0,0,0,0,0,0,1,0,0,0
421,210000,-518,46,45,19,32,20,0,1,0,0,0,0,0,0,1,0,0,0
422,210500,-379,48,44,20,32,20,0,1,0,0,0,0,0,0,1,0,0,0
423,211000,-205,46,45,18,32,20,0,1,0,0,0,0,0,0,1,0,0,0
424,211500,-49,46,45,17,32,20,0,1,0,0,0,0,0,0,1,0,0,0
425,212000,107,46,43,15,31,19,0,1,0,0,0,0,0,0,1,0,0,0
426,212500,260,46,43,12,30,19,0,1,0,0,0,0,0,0,1,0,0,0
427,213000,387,47,44,14,32,19,0,1,0,0,0,0,0,0,1,0,0,0
428,213500,523,46,43,13,31,19,0,1,0,0,0,0,0,0,1,0,0,0
429,214000,648,46,43,12,30,19,0,1,0,0,0,0,0,0,1,0,0,0
430,214500,755,46,44,10,32,19,0,1,0,0,0,0,0,0,1,0,0,0
431,215000,843,46,43,11,31,19,0,1,0,0,0,0,0,0,1,0,0,0
432,215500,911,46,43,10,30,19,0,1,0,0,0,0,0,0,1,0,0,0
433,216000,921,48,45,14,32,20,0,1,0,0,0,0,0,0,1,0,0,0
434,216500,965,48,45,14,32,20,0,1,0,0,0,0,0,0,1,0,0,0
435,217000,960,46,43,14,31,19,0,1,0,0,0,0,0,0,1,0,0,0
436,217500,921,46,43,13,30,19,0,1,0,0,0,0,0,0,1,0,0,0
437,218000,898,46,43,11,30,19,0,1,0,0,0,0,0,0,1,0,0,0
438,218500,828,46,43,11,30,19,0,1,0,0,0,0,0,0,1,0,0,0
439,219000,735,46,43,11,30,19,0,1,0,0,0,0,0,0,1,0,0,0
440,219500,623,47,45,14,32,20,0,1,0,0,0,0,0,0,1,0,0,0
441,220000,494,48,45,15,32,20,0,1,0,0,0,0,0,0,1,0,0,0
442,220500,356,46,43,15,31,20,0,1,0,0,0,0,0,0,1,0,0,0
443,221000,205,46,43,15,30,19,0,1,0,0,0,0,0,0,1,0,0,0
444,221500,74,46,44,17,32,19,0,1,0,0,0,0,0,0,1,0,0,0
445,222000,-80,46,43,18,31,19,0,1,0,0,0,0,0,0,1,0,0,0
446,222500,-236,46,43,18,30,19,0,1,0,0,0,0,0,0,1,0,0,0
447,223000,-406,46,43,20,30,19,0,1,0,0,0,0,0,0,1,0,0,0
448,223500,-545,48,44,21,32,20,0,1,0,0,0,0,0,0,1,0,0,0
449,224000,-673,46,43,21,31,19,0,1,0,0,0,0,0,0,1,0,0,0
450,224500,-781,46,45,20,32,20,0,1,0,0,0,0,0,0,1,0,0,0
451,225000,-872,48,44,23,31,20,0,1,0,0,0,0,0,0,1,0,0,0
452,225500,-936,46,43,21,30,19,0,1,0,0,0,0,0,0,1,0,0,0
453,226000,-984,47,43,23,30,19,0,1,0,0,0,0,0,0,1,0,0,0
454,226500,-1011,49,44,23,30,19,0,1,0,0,0,0,0,0,1,0,0,0
455,227000,-1002,47,43,23,32,19,0,1,0,0,0,0,0,0,1,0,0,0
456,227500,-976,48,43,23,32,19,0,1,0,0,0,0,0,0,1,0,0,0
457,228000,-924,48,43,21,31,19,0,1,0,0,0,0,0,0,1,0,0,0
458,228500,-854,47,43,21,30,19,0,1,0,0,0,0,0,0,1,0,0,0
459,229000,-760,48,43,21,30,19,0,1,0,0,0,0,0,0,1,0,0,0
460,229500,-643,46,43,19,30,19,0,1,0,0,0,0,0,0,1,0,0,0
461,230000,-518,46,43,18,30,19,0,1,0,0,0,0,0,0,1,0,0,0
462,230500,-371,46,45,18,32,20,0,1,0,0,0,0,0,0,1,0,0,0
463,231000,-200,48,44,20,31,19,0,1,0,0,0,0,0,0,1,0,0,0
464,231500,-44,46,45,17,32,20,0,1,0,0,0,0,0,0,1,0,0,0
465,232000,111,48,45,17,32,20,0,1,0,0,0,0,0,0,1,0,0,0
466,232500,244,46,43,15,31,19,0,1,0,0,0,0,0,0,1,0,0,0
467,233000,391,48,45,15,32,20,0,1,0,0,0,0,0,0,1,0,0,0
468,233500,528,46,43,14,31,19,0,1,0,0,0,0,0,0,1,0,0,0
469,234000,652,46,43,12,30,19,0,1,0,0,0,0,0,0,1,0,0,0
470,234500,760,47,45,12,32,20,0,1,0,0,0,0,0,0,1,0,0,0
471,235000,848,48,45,12,32,20,0,1,0,0,0,0,0,0,1,0,0,0
472,235500,914,46,43,10,31,19,0,1,0,0,0,0,0,0,1,0,0,0
473,236000,947,46,43,13,30,19,0,1,0,0,0,0,0,0,1,0,0,0
474,236500,969,48,45,14,32,20,0,1,0,0,0,0,0,0,1,0,0,0
475,237000,969,46,43,13,31,19,0,1,0,0,0,0,0,0,1,0,0,0
476,237500,921,46,44,14,31,20,0,1,0,0,0,0,0,0,1,0,0,0
477,238000,898,46,44,11,32,19,0,1,0,0,0,0,0,0,1,0,0,0
478,238500,826,46,43,11,31,19,0,1,0,0,0,0,0,0,1,0,0,0
479,239000,732,46,43,12,30,19,0,1,0,0,0,0,0,0,1,0,0,0
480,239500,620,46,43,13,30,19,0,1,0,0,0,0,0,0,1,0,0,0
481,240000,493,46,43,14,30,19,0,1,0,0,0,0,0,0,1,0,0,0
482,240500,352,46,42,15,30,19,0,1,0,0,0,0,0,0,1,0,0,0
483,241000,200,46,43,15,30,19,0,1,0,0,0,0,0,0,1,0,0,0
484,241500,72,46,43,16,30,18,0,1,0,0,0,0,0,0,1,0,0,0
485,242000,-86,48,43,19,32,19,0,1,0,0,0,0,0,0,1,0,0,0
486,242500,-241,46,45,18,33,20,0,1,0,0,0,0,0,0,1,0,0,0
487,243000,-414,46,43,18,31,19,0,1,0,0,0,0,0,0,1,0,0,0
488,243500,-552,45,45,20,32,20,0,1,0,0,0,0,0,0,1,0,0,0
489,244000,-673,46,45,20,32,20,0,1,0,0,0,0,0,0,1,0,0,0
490,244500,-786,48,44,22,32,20,0,1,0,0,0,0,0,0,1,0,0,0
491,245000,-872,48,45,23,32,20,0,1,0,0,0,0,0,0,1,0,0,0
492,245500,-941,46,43,21,31,19,0,1,0,0,0,0,0,0,1,0,0,0
493,246000,-989,46,45,21,32,20,0,1,0,0,0,0,0,0,1,0,0,0
494,246500,-1004,48,44,23,32,20,0,1,0,0,0,0,0,0,1,0,0,0
495,247000,-1002,46,43,23,31,19,0,1,0,0,0,0,0,0,1,0,0,0
496,247500,-976,46,45,21,32,20,0,1,0,0,0,0,0,0,1,0,0,0
497,248000,-924,46,43,21,31,19,0,1,0,0,0,0,0,0,1,0,0,0
498,248500,-850,46,45,21,32,20,0,1,0,0,0,0,0,0,1,0,0,0
499,249000,-755,46,45,20,33,20,0,1,0,0,0,0,0,0,1,0,0,0
500,249500,-639,48,43,21,31,20,0,1,0,0,0,0,0,0,1,0,0,0
501,250000,-509,46,45,19,32,20,0,1,0,0,0,0,0,0,1,0,0,0
502,250500,-370,48,44,20,32,20,0,1,0,0,0,0,0,0,1,0,0,0
503,251000,-195,48,43,19,32,20,0,1,0,0,0,0,0,0,1,0,0,0
504,251500,-38,46,43,17,31,19,0,1,0,0,0,0,0,0,1,0,0,0
505,252000,118,46,43,15,30,19,0,1,0,0,0,0,0,0,1,0,0,0
506,252500,249,47,44,15,32,19,0,1,0,0,0,0,0,0,1,0,0,0
507,253000,396,46,43,14,31,19,0,1,0,0,0,0,0,0,1,0,0,0
508,253500,534,46,43,13,30,19,0,1,0,0,0,0,0,0,1,0,0,0
509,254000,656,46,43,12,30,19,0,1,0,0,0,0,0,0,1,0,0,0
510,254500,762,48,45,12,32,20,0,1,0,0,0,0,0,0,1,0,0,0
511,255000,851,46,43,11,31,19,0,1,0,0,0,0,0,0,1,0,0,0
512,255500,917,46,44,11,32,19,0,1,0,0,0,0,0,0,1,0,0,0
513,256000,921,46,44,14,32,20,0,1,0,0,0,0,0,0,1,0,0,0
514,256500,969,47,44,14,32,20,0,1,0,0,0,0,0,0,1,0,0,0
515,257000,965,46,44,13,31,19,0,1,0,0,0,0,0,0,1,0,0,0
516,257500,921,46,43,14,30,20,0,1,0,0,0,0,0,0,1,0,0,0
517,258000,898,46,44,11,30,20,0,1,0,0,0,0,0,0,1,0,0,0
518,258500,823,46,43,11,30,19,0,1,0,0,0,0,0,0,1,0,0,0
519,259000,729,45,43,12,30,19,0,1,0,0,0,0,0,0,1,0,0,0
520,259500,618,46,43,12,30,19,0,1,0,0,0,0,0,0,1,0,0,0
521,260000,490,46,43,14,32,19,0,1,0,0,0,0,0,0,1,0,0,0
522,260500,347,46,43,15,31,19,0,1,0,0,0,0,0,0,1,0,0,0
523,261000,198,46,43,15,30,19,0,1,0,0,0,0,0,0,1,0,0,0
524,261500,67,46,43,16,30,19,0,1,0,0,0,0,0,0,1,0,0,0
525,262000,-88,46,42,18,30,19,0,1,0,0,0,0,0,0,1,0,0,0
526,262500,-244,46,43,19,30,19,0,1,0,0,0,0,0,0,1,0,0,0
527,263000,-414,46,43,20,30,19,0,1,0,0,0,0,0,0,1,0,0,0
528,263500,-552,46,43,18,30,19,0,1,0,0,0,0,0,0,1,0,0,0
529,264000,-677,46,43,20,30,19,0,1,0,0,0,0,0,0,1,0,0,0
530,264500,-786,46,45,21,32,20,0,1,0,0,0,0,0,0,1,0,0,0
531,265000,-872,46,43,21,31,19,0,1,0,0,0,0,0,0,1,0,0,0
532,265500,-941,46,43,21,30,19,0,1,0,0,0,0,0,0,1,0,0,0
533,266000,-984,48,44,23,30,20,0,1,0,0,0,0,0,0,1,0,0,0
534,266500,-1004,46,43,21,30,19,0,1,0,0,0,0,0,0,1,0,0,0
535,267000,-1002,48,43,23,30,19,0,1,0,0,0,0,0,0,1,0,0,0
536,267500,-970,49,44,23,30,19,0,1,0,0,0,0,0,0,1,0,0,0
537,268000,-924,48,44,22,32,19,0,1,0,0,0,0,0,0,1,0,0,0
538,268500,-846,46,43,21,31,19,0,1,0,0,0,0,0,0,1,0,0,0
539,269000,-751,47,43,21,30,19,0,1,0,0,0,0,0,0,1,0,0,0
540,269500,-639,46,45,20,32,20,0,1,0,0,0,0,0,0,1,0,0,0
541,270000,-509,48,44,20,32,20,0,1,0,0,0,0,0,0,1,0,0,0
542,270500,-362,49,44,20,32,19,0,1,0,0,0,0,0,0,1,0,0,0
543,271000,-189,46,45,18,32,20,0,1,0,0,0,0,0,0,1,0,0,0
544,271500,-32,46,43,17,31,19,0,1,0,0,0,0,0,0,1,0,0,0
545,272000,122,48,45,16,32,20,0,1,0,0,0,0,0,0,1,0,0,0
546,272500,252,46,43,15,31,19,0,1,0,0,0,0,0,0,1,0,0,0
547,273000,399,46,43,14,30,19,0,1,0,0,0,0,0,0,1,0,0,0
548,273500,538,47,44,14,32,19,0,1,0,0,0,0,0,0,1,0,0,0
549,274000,659,46,43,12,31,19,0,1,0,0,0,0,0,0,1,0,0,0
550,274500,766,46,43,12,32,19,0,1,0,0,0,0,0,0,1,0,0,0
551,275000,853,46,43,11,32,19,0,1,0,0,0,0,0,0,1,0,0,0
552,275500,918,46,43,10,31,19,0,1,0,0,0,0,0,0,1,0,0,0
553,276000,947,46,43,12,30,19,0,1,0,0,0,0,0,0,1,0,0,0
554,276500,969,46,43,13,30,19,0,1,0,0,0,0,0,0,1,0,0,0
555,277000,965,48,45,14,32,20,0,1,0,0,0,0,0,0,1,0,0,0
556,277500,921,46,43,13,31,19,0,1,0,0,0,0,0,0,1,0,0,0
557,278000,896,46,43,11,30,19,0,1,0,0,0,0,0,0,1,0,0,0
558,278500,821,46,43,11,30,19,0,1,0,0,0,0,0,0,1,0,0,0
559,279000,727,46,43,12,30,19,0,1,0,0,0,0,0,0,1,0,0,0
560,279500,614,46,43,12,30,19,0,1,0,0,0,0,0,0,1,0,0,0
561,280000,485,46,43,13,30,19,0,1,0,0,0,0,0,0,1,0,0,0
562,280500,344,46,44,15,30,20,0,1,0,0,0,0,0,0,1,0,0,0
563,281000,192,46,43,15,30,19,0,1,0,0,0,0,0,0,1,0,0,0
564,281500,63,47,43,17,30,19,0,1,0,0,0,0,0,0,1,0,0,0
565,282000,-93,46,45,17,32,20,0,1,0,0,0,0,0,0,1,0,0,0
566,282500,-248,47,43,20,31,20,0,1,0,0,0,0,0,0,1,0,0,0
567,283000,-417,46,45,18,32,20,0,1,0,0,0,0,0,0,1,0,0,0
568,283500,-555,46,43,20,31,19,0,1,0,0,0,0,0,0,1,0,0,0
569,284000,-682,47,43,21,30,19,0,1,0,0,0,0,0,0,1,0,0,0
570,284500,-786,46,43,21,30,19,0,1,0,0,0,0,0,0,1,0,0,0
571,285000,-873,48,44,23,32,19,0,1,0,0,0,0,0,0,1,0,0,0
572,285500,-945,46,43,21,31,19,0,1,0,0,0,0,0,0,1,0,0,0
573,286000,-989,46,45,21,32,19,0,1,0,0,0,0,0,0,1,0,0,0
574,286500,-1004,48,43,23,32,19,0,1,0,0,0,0,0,0,1,0,0,0
575,287000,-1002,46,43,21,31,19,0,1,0,0,0,0,0,0,1,0,0,0
576,287500,-969,46,43,21,30,19,0,1,0,0,0,0,0,0,1,0,0,0
577,288000,-919,46,43,21,30,19,0,1,0,0,0,0,0,0,1,0,0,0
578,288500,-842,46,45,21,32,20,0,1,0,0,0,0,0,0,1,0,0,0
579,289000,-747,46,43,20,31,19,0,1,0,0,0,0,0,0,1,0,0,0
580,289500,-630,46,43,20,30,19,0,1,0,0,0,0,0,0,1,0,0,0
581,290000,-500,48,44,20,32,19,0,1,0,0,0,0,0,0,1,0,0,0
582,290500,-356,48,43,20,32,20,0,1,0,0,0,0,0,0,1,0,0,0
583,291000,-183,46,43,18,31,19,0,1,0,0,0,0,0,0,1,0,0,0
584,291500,-29,47,43,17,30,19,0,1,0,0,0,0,0,0,1,0,0,0
585,292000,129,46,43,16,30,19,0,1,0,0,0,0,0,0,1,0,0,0
586,292500,258,46,43,15,31,19,0,1,0,0,0,0,0,0,1,0,0,0
587,293000,406,47,44,15,32,20,0,1,0,0,0,0,0,0,1,0,0,0
588,293500,542,46,43,13,31,19,0,1,0,0,0,0,0,0,1,0,0,0
589,294000,664,46,44,12,30,19,0,1,0,0,0,0,0,0,1,0,0,0
590,294500,770,48,45,12,32,20,0,1,0,0,0,0,0,0,1,0,0,0
591,295000,855,46,44,11,32,20,0,1,0,0,0,0,0,0,1,0,0,0
592,295500,920,48,45,11,32,20,0,1,0,0,0,0,0,0,1,0,0,0
593,296000,952,46,43,13,31,19,0,1,0,0,0,0,0,0,1,0,0,0
594,296500,969,46,43,13,30,19,0,1,0,0,0,0,0,0,1,0,0,0
595,297000,965,46,44,14,32,19,0,1,0,0,0,0,0,0,1,0,0,0
596,297500,921,48,45,14,32,20,0,1,0,0,0,0,0,0,1,0,0,0
597,298000,895,46,43,11,31,19,0,1,0,0,0,0,0,0,1,0,0,0
598,298500,821,46,43,11,30,19,0,1,0,0,0,0,0,0,1,0,0,0
599,299000,725,46,43,11,30,19,0,1,0,0,0,0,0,0,1,0,0,0
600,299500,611,46,43,12,30,19,0,1,0,0,0,0,0,0,1,0,0,0
601,300000,481,46,43,14,30,19,0,1,0,0,0,0,0,0,1,0,0,0
602,300500,339,48,45,16,32,20,0,1,0,0,0,0,0,0,1,0,0,0
603,301000,190,48,43,16,31,20,0,1,0,0,0,0,0,0,1,0,0,0
604,301500,60,46,43,15,30,19,0,1,0,0,0,0,0,0,1,0,0,0
605,302000,-97,46,43,18,30,19,0,1,0,0,0,0,0,0,1,0,0,0
606,302500,-252,46,43,18,30,19,0,1,0,0,0,0,0,0,1,0,0,0
607,303000,-422,48,44,20,30,19,0,1,0,0,0,0,0,0,1,0,0,0
608,303500,-561,46,43,20,30,19,0,1,0,0,0,0,0,0,1,0,0,0
609,304000,-682,48,44,21,32,19,0,1,0,0,0,0,0,0,1,0,0,0
610,304500,-790,46,43,21,31,19,0,1,0,0,0,0,0,0,1,0,0,0
611,305000,-880,48,43,21,31,19,0,1,0,0,0,0,0,0,1,0,0,0
612,305500,-941,46,43,21,31,19,0,1,0,0,0,0,0,0,1,0,0,0
613,306000,-989,46,42,21,30,19,0,1,0,0,0,0,0,0,1,0,0,0
614,306500,-1003,46,43,21,30,19,0,1,0,0,0,0,0,0,1,0,0,0
615,307000,-1002,47,43,22,30,19,0,1,0,0,0,0,0,0,1,0,0,0
616,307500,-967,46,43,22,30,19,0,1,0,0,0,0,0,0,1,0,0,0
617,308000,-919,46,42,21,30,19,0,1,0,0,0,0,0,0,1,0,0,0
618,308500,-837,48,43,22,32,20,0,1,0,0,0,0,0,0,1,0,0,0
619,309000,-742,48,43,21,31,19,0,1,0,0,0,0,0,0,1,0,0,0
620,309500,-630,48,44,21,30,19,0,1,0,0,0,0,0,0,1,0,0,0
621,310000,-496,46,45,18,32,20,0,1,0,0,0,0,0,0,1,0,0,0
622,310500,-353,46,43,18,31,19,0,1,0,0,0,0,0,0,1,0,0,0
623,311000,-180,48,44,19,30,20,0,1,0,0,0,0,0,0,1,0,0,0
624,311500,-24,48,43,18,30,19,0,1,0,0,0,0,0,0,1,0,0,0
625,312000,133,46,43,15,30,19,0,1,0,0,0,0,0,0,1,0,0,0
626,312500,265,46,43,15,30,19,0,1,0,0,0,0,0,0,1,0,0,0
627,313000,411,48,45,15,32,20,0,1,0,0,0,0,0,0,1,0,0,0
628,313500,546,47,43,13,32,20,0,1,0,0,0,0,0,0,1,0,0,0
629,314000,667,46,43,12,32,19,0,1,0,0,0,0,0,0,1,0,0,0
630,314500,771,46,43,12,32,20,0,1,0,0,0,0,0,0,1,0,0,0
631,315000,857,46,43,10,31,19,0,1,0,0,0,0,0,0,1,0,0,0
632,315500,923,47,45,11,32,19,0,1,0,0,0,0,0,0,1,0,0,0
633,316000,956,46,43,13,31,19,0,1,0,0,0,0,0,0,1,0,0,0
634,316500,974,46,43,13,30,19,0,1,0,0,0,0,0,0,1,0,0,0
635,317000,956,48,45,14,32,20,0,1,0,0,0,0,0,0,1,0,0,0
636,317500,921,46,44,14,32,20,0,1,0,0,0,0,0,0,1,0,0,0
637,318000,892,46,44,11,31,20,0,1,0,0,0,0,0,0,1,0,0,0
638,318500,818,46,43,11,30,19,0,1,0,0,0,0,0,0,1,0,0,0
639,319000,722,46,43,11,30,19,0,1,0,0,0,0,0,0,1,0,0,0
640,319500,606,47,44,14,32,19,0,1,0,0,0,0,0,0,1,0,0,0
641,320000,477,48,45,15,32,20,0,1,0,0,0,0,0,0,1,0,0,0
642,320500,337,46,43,15,31,19,0,1,0,0,0,0,0,0,1,0,0,0
643,321000,210,46,43,15,30,19,0,1,0,0,0,0,0,0,1,0,0,0
644,321500,55,48,44,17,32,19,0,1,0,0,0,0,0,0,1,0,0,0
645,322000,-101,48,43,19,32,19,0,1,0,0,0,0,0,0,1,0,0,0
646,322500,-257,46,45,18,32,20,0,1,0,0,0,0,0,0,1,0,0,0
647,323000,-425,47,43,20,31,19,0,1,0,0,0,0,0,0,1,0,0,0
648,323500,-565,45,45,19,32,20,0,1,0,0,0,0,0,0,1,0,0,0
649,324000,-686,46,45,21,32,20,0,1,0,0,0,0,0,0,1,0,0,0
650,324500,-794,46,43,21,31,19,0,1,0,0,0,0,0,0,1,0,0,0
651,325000,-885,46,43,21,30,19,0,1,0,0,0,0,0,0,1,0,0,0
652,325500,-945,46,47,21,32,20,0,1,0,0,0,0,0,0,1,0,0,0
653,326000,-989,46,45,21,32,20,0,1,0,0,0,0,0,0,1,0,0,0
654,326500,-1004,46,45,22,32,20,0,1,0,0,0,0,0,0,1,0,0,0
655,327000,-1002,48,44,23,32,19,0,1,0,0,0,0,0,0,1,0,0,0
656,327500,-967,49,45,23,32,19,0,1,0,0,0,0,0,0,1,0,0,0
657,328000,-915,46,43,21,31,19,0,1,0,0,0,0,0,0,1,0,0,0
658,328500,-837,46,43,21,30,19,0,1,0,0,0,0,0,0,1,0,0,0
659,329000,-736,48,43,21,30,19,0,1,0,0,0,0,0,0,1,0,0,0
660,329500,-621,48,43,20,30,19,0,1,0,0,0,0,0,0,1,0,0,0
661,330000,-491,46,45,18,32,20,0,1,0,0,0,0,0,0,1,0,0,0
662,330500,-346,46,43,18,31,19,0,1,0,0,0,0,0,0,1,0,0,0
663,331000,-175,46,45,18,32,20,0,1,0,0,0,0,0,0,1,0,0,0
664,331500,-17,46,45,17,33,20,0,1,0,0,0,0,0,0,1,0,0,0
665,332000,137,47,45,15,32,20,0,1,0,0,0,0,0,0,1,0,0,0
666,332500,269,46,43,15,31,19,0,1,0,0,0,0,0,0,1,0,0,0
667,333000,415,46,44,15,32,19,0,1,0,0,0,0,0,0,1,0,0,0
668,333500,550,48,45,14,32,20,0,1,0,0,0,0,0,0,1,0,0,0
669,334000,671,46,44,12,32,20,0,1,0,0,0,0,0,0,1,0,0,0
670,334500,775,46,43,12,32,19,0,1,0,0,0,0,0,0,1,0,0,0
671,335000,861,46,43,11,31,19,0,1,0,0,0,0,0,0,1,0,0,0
672,335500,924,46,44,11,31,19,0,1,0,0,0,0,0,0,1,0,0,0
673,336000,952,46,43,13,31,19,0,1,0,0,0,0,0,0,1,0,0,0
674,336500,969,46,42,13,30,18,0,1,0,0,0,0,0,0,1,0,0,0
675,337000,965,46,43,13,32,19,0,1,0,0,0,0,0,0,1,0,0,0
676,337500,921,45,42,13,31,19,0,1,0,0,0,0,0,0,1,0,0,0
677,338000,892,46,43,10,30,19,0,1,0,0,0,0,0,0,1,0,0,0
678,338500,814,46,43,11,30,19,0,1,0,0,0,0,0,0,1,0,0,0
679,339000,719,46,43,12,30,19,0,1,0,0,0,0,0,0,1,0,0,0
680,339500,605,48,45,13,32,20,0,1,0,0,0,0,0,0,1,0,0,0
681,340000,474,46,43,14,31,19,0,1,0,0,0,0,0,0,1,0,0,0
682,340500,330,46,44,15,32,19,0,1,0,0,0,0,0,0,1,0,0,0
683,341000,205,45,43,14,31,19,0,1,0,0,0,0,0,0,1,0,0,0
684,341500,49,46,43,17,30,19,0,1,0,0,0,0,0,0,1,0,0,0
685,342000,-107,48,44,18,30,20,0,1,0,0,0,0,0,0,1,0,0,0
686,342500,-260,46,43,20,30,19,0,1,0,0,0,0,0,0,1,0,0,0
687,343000,-431,48,44,20,32,20,0,1,0,0,0,0,0,0,1,0,0,0
688,343500,-569,46,43,20,31,19,0,1,0,0,0,0,0,0,1,0,0,0
689,344000,-690,47,43,21,31,19,0,1,0,0,0,0,0,0,1,0,0,0
690,344500,-794,48,44,22,31,19,0,1,0,0,0,0,0,0,1,0,0,0
691,345000,-885,46,45,21,32,20,0,1,0,0,0,0,0,0,1,0,0,0
692,345500,-950,46,45,21,32,20,0,1,0,0,0,0,0,0,1,0,0,0
693,346000,-989,46,43,21,31,19,0,1,0,0,0,0,0,0,1,0,0,0
694,346500,-1002,46,43,22,30,19,0,1,0,0,0,0,0,0,1,0,0,0
695,347000,-1002,46,43,21,30,18,0,1,0,0,0,0,0,0,1,0,0,0
696,347500,-967,46,43,21,30,19,0,1,0,0,0,0,0,0,1,0,0,0
697,348000,-911,46,43,21,30,19,0,1,0,0,0,0,0,0,1,0,0,0
698,348500,-831,46,43,21,30,19,0,1,0,0,0,0,0,0,1,0,0,0
699,349000,-733,46,43,20,30,19,0,1,0,0,0,0,0,0,1,0,0,0
700,349500,-621,47,43,20,30,19,0,1,0,0,0,0,0,0,1,0,0,0
701,350000,-485,46,43,19,30,19,0,1,0,0,0,0,0,0,1,0,0,0
702,350500,-344,48,43,18,32,19,0,1,0,0,0,0,0,0,1,0,0,0
703,351000,-171,46,45,18,32,20,0,1,0,0,0,0,0,0,1,0,0,0
704,351500,-14,48,43,18,31,19,0,1,0,0,0,0,0,0,1,0,0,0
705,352000,142,46,43,15,30,19,0,1,0,0,0,0,0,0,1,0,0,0
706,352500,273,46,43,15,30,19,0,1,0,0,0,0,0,0,1,0,0,0
707,353000,420,46,43,14,30,19,0,1,0,0,0,0,0,0,1,0,0,0
708,353500,554,46,44,14,32,20,0,1,0,0,0,0,0,0,1,0,0,0
709,354000,675,48,45,13,32,20,0,1,0,0,0,0,0,0,1,0,0,0
710,354500,779,46,45,12,32,20,0,1,0,0,0,0,0,0,1,0,0,0
711,355000,863,46,43,11,31,19,0,1,0,0,0,0,0,0,1,0,0,0
712,355500,925,46,43,10,30,18,0,1,0,0,0,0,0,0,1,0,0,0
713,356000,956,46,43,13,30,18,0,1,0,0,0,0,0,0,1,0,0,0
714,356500,969,46,44,13,32,19,0,1,0,0,0,0,0,0,1,0,0,0
715,357000,960,46,44,14,31,20,0,1,0,0,0,0,0,0,1,0,0,0
716,357500,921,46,43,13,30,19,0,1,0,0,0,0,0,0,1,0,0,0
717,358000,890,47,45,11,32,20,0,1,0,0,0,0,0,0,1,0,0,0
718,358500,813,46,45,12,31,20,0,1,0,0,0,0,0,0,1,0,0,0
719,359000,715,46,43,12,30,19,0,1,0,0,0,0,0,0,1,0,0,0
720,359500,601,46,43,13,30,19,0,1,0,0,0,0,0,0,1,0,0,0
721,360000,469,46,43,14,30,19,0,1,0,0,0,0,0,0,1,0,0,0
722,360500,328,46,43,15,30,19,0,1,0,0,0,0,0,0,1,0,0,0
723,361000,200,46,43,14,30,18,0,1,0,0,0,0,0,0,1,0,0,0
724,361500,46,46,43,16,30,19,0,1,0,0,0,0,0,0,1,0,0,0
725,362000,-111,48,44,19,31,19,0,1,0,0,0,0,0,0,1,0,0,0
726,362500,-263,46,43,19,31,19,0,1,0,0,0,0,0,0,1,0,0,0
727,363000,-433,47,43,20,30,19,0,1,0,0,0,0,0,0,1,0,0,0
728,363500,-569,48,44,21,32,19,0,1,0,0,0,0,0,0,1,0,0,0
729,364000,-691,46,45,21,32,20,0,1,0,0,0,0,0,0,1,0,0,0
730,364500,-794,46,45,21,32,20,0,1,0,0,0,0,0,0,1,0,0,0
731,365000,-881,47,43,21,31,19,0,1,0,0,0,0,0,0,1,0,0,0
732,365500,-954,46,43,22,30,19,0,1,0,0,0,0,0,0,1,0,0,0
733,366000,-989,46,45,21,32,20,0,1,0,0,0,0,0,0,1,0,0,0
734,366500,-1002,46,43,22,31,19,0,1,0,0,0,0,0,0,1,0,0,0
735,367000,-997,46,44,21,32,19,0,1,0,0,0,0,0,0,1,0,0,0
736,367500,-967,48,44,23,32,20,0,1,0,0,0,0,0,0,1,0,0,0
737,368000,-907,49,45,23,32,20,0,1,0,0,0,0,0,0,1,0,0,0
738,368500,-829,46,43,21,31,19,0,1,0,0,0,0,0,0,1,0,0,0
739,369000,-733,47,43,21,30,19,0,1,0,0,0,0,0,0,1,0,0,0
740,369500,-613,48,43,20,30,19,0,1,0,0,0,0,0,0,1,0,0,0
741,370000,-483,48,44,21,32,19,0,1,0,0,0,0,0,0,1,0,0,0
742,370500,-340,46,43,18,31,19,0,1,0,0,0,0,0,0,1,0,0,0
743,371000,-164,46,43,18,30,19,0,1,0,0,0,0,0,0,1,0,0,0
744,371500,-10,46,43,17,30,19,0,1,0,0,0,0,0,0,1,0,0,0
745,372000,147,46,43,15,30,19,0,1,0,0,0,0,0,0,1,0,0,0
746,372500,278,48,45,16,32,20,0,1,0,0,0,0,0,0,1,0,0,0
747,373000,423,46,43,15,31,20,0,1,0,0,0,0,0,0,1,0,0,0
748,373500,558,47,43,13,32,19,0,1,0,0,0,0,0,0,1,0,0,0
749,374000,677,46,43,12,31,19,0,1,0,0,0,0,0,0,1,0,0,0
750,374500,781,46,43,11,30,19,0,1,0,0,0,0,0,0,1,0,0,0
751,375000,866,46,43,10,30,19,0,1,0,0,0,0,0,0,1,0,0,0
752,375500,928,48,45,11,32,20,0,1,0,0,0,0,0,0,1,0,0,0
753,376000,956,46,43,13,32,19,0,1,0,0,0,0,0,0,1,0,0,0
754,376500,974,48,44,14,32,20,0,1,0,0,0,0,0,0,1,0,0,0
755,377000,965,46,43,13,31,19,0,1,0,0,0,0,0,0,1,0,0,0
756,377500,921,46,43,14,30,19,0,1,0,0,0,0,0,0,1,0,0,0
757,378000,888,46,43,11,30,19,0,1,0,0,0,0,0,0,1,0,0,0
758,378500,811,46,43,11,30,19,0,1,0,0,0,0,0,0,1,0,0,0
759,379000,714,46,43,12,30,19,0,1,0,0,0,0,0,0,1,0,0,0
760,379500,598,48,45,14,32,20,0,1,0,0,0,0,0,0,1,0,0,0
761,380000,467,46,43,15,32,20,0,1,0,0,0,0,0,0,1,0,0,0
762,380500,324,46,43,15,31,19,0,1,0,0,0,0,0,0,1,0,0,0
763,381000,196,46,44,15,30,19,0,1,0,0,0,0,0,0,1,0,0,0
764,381500,42,46,43,17,30,19,0,1,0,0,0,0,0,0,1,0,0,0
765,382000,-116,46,45,18,32,19,0,1,0,0,0,0,0,0,1,0,0,0
766,382500,-269,46,43,19,31,19,0,1,0,0,0,0,0,0,1,0,0,0
767,383000,-439,46,45,18,32,19,0,1,0,0,0,0,0,0,1,0,0,0
768,383500,-574,46,45,19,32,20,0,1,0,0,0,0,0,0,1,0,0,0
769,384000,-693,48,43,21,32,19,0,1,0,0,0,0,0,0,1,0,0,0
770,384500,-798,46,43,21,31,19,0,1,0,0,0,0,0,0,1,0,0,0
771,385000,-889,46,44,21,32,20,0,1,0,0,0,0,0,0,1,0,0,0
772,385500,-950,48,45,23,32,20,0,1,0,0,0,0,0,0,1,0,0,0
773,386000,-993,46,43,21,31,19,0,1,0,0,0,0,0,0,1,0,0,0
774,386500,-1003,46,44,21,32,20,0,1,0,0,0,0,0,0,1,0,0,0
775,387000,-997,46,43,21,31,19,0,1,0,0,0,0,0,0,1,0,0,0
776,387500,-967,46,43,22,30,19,0,1,0,0,0,0,0,0,1,0,0,0
777,388000,-907,46,45,21,32,20,0,1,0,0,0,0,0,0,1,0,0,0
778,388500,-829,46,45,21,32,20,0,1,0,0,0,0,0,0,1,0,0,0
779,389000,-727,46,43,21,31,19,0,1,0,0,0,0,0,0,1,0,0,0
780,389500,-612,48,43,21,32,19,0,1,0,0,0,0,0,0,1,0,0,0
781,390000,-483,48,43,19,31,19,0,1,0,0,0,0,0,0,1,0,0,0
782,390500,-336,47,43,18,30,19,0,1,0,0,0,0,0,0,1,0,0,0
783,391000,-160,48,44,19,32,19,0,1,0,0,0,0,0,0,1,0,0,0
784,391500,-4,46,43,17,31,19,0,1,0,0,0,0,0,0,1,0,0,0
785,392000,151,46,43,15,30,19,0,1,0,0,0,0,0,0,1,0,0,0
786,392500,282,46,44,15,30,20,0,1,0,0,0,0,0,0,1,0,0,0
787,393000,430,46,43,14,30,19,0,1,0,0,0,0,0,0,1,0,0,0
788,393500,562,46,44,14,32,20,0,1,0,0,0,0,0,0,1,0,0,0
789,394000,682,46,43,12,31,19,0,1,0,0,0,0,0,0,1,0,0,0
790,394500,785,47,45,12,32,20,0,1,0,0,0,0,0,0,1,0,0,0
791,395000,868,48,45,11,32,20,0,1,0,0,0,0,0,0,1,0,0,0
792,395500,930,46,43,10,31,19,0,1,0,0,0,0,0,0,1,0,0,0
793,396000,960,46,43,12,30,19,0,1,0,0,0,0,0,0,1,0,0,0
794,396500,974,46,43,13,30,19,0,1,0,0,0,0,0,0,1,0,0,0
795,397000,956,48,45,14,32,20,0,1,0,0,0,0,0,0,1,0,0,0
796,397500,921,46,45,14,32,20,0,1,0,0,0,0,0,0,1,0,0,0
797,398000,887,46,45,11,32,20,0,1,0,0,0,0,0,0,1,0,0,0
798,398500,808,46,43,12,31,20,0,1,0,0,0,0,0,0,1,0,0,0
799,399000,710,48,45,13,32,20,0,1,0,0,0,0,0,0,1,0,0,0
800,399500,593,46,43,12,31,19,0,1,0,0,0,0,0,0,1,0,0,0
801,400000,465,46,44,14,32,20,0,1,0,0,0,0,0,0,1,0,0,0
802,400500,320,46,43,15,31,19,0,1,0,0,0,0,0,0,1,0,0,0
803,401000,191,47,44,15,32,20,0,1,0,0,0,0,0,0,1,0,0,0
804,401500,37,46,43,16,31,19,0,1,0,0,0,0,0,0,1,0,0,0
805,402000,-119,46,45,18,32,20,0,1,0,0,0,0,0,0,1,0,0,0
806,402500,-295,46,45,18,32,20,0,1,0,0,0,0,0,0,1,0,0,0
807,403000,-444,46,44,19,32,20,0,1,0,0,0,0,0,0,1,0,0,0
808,403500,-578,46,45,20,33,20,0,1,0,0,0,0,0,0,1,0,0,0
809,404000,-699,46,43,20,31,19,0,1,0,0,0,0,0,0,1,0,0,0
810,404500,-803,48,44,23,32,19,0,1,0,0,0,0,0,0,1,0,0,0
811,405000,-889,46,43,21,31,19,0,1,0,0,0,0,0,0,1,0,0,0
812,405500,-950,46,44,23,30,19,0,1,0,0,0,0,0,0,1,0,0,0
813,406000,-993,46,43,22,30,19,0,1,0,0,0,0,0,0,1,0,0,0
814,406500,-1003,46,45,21,32,20,0,1,0,0,0,0,0,0,1,0,0,0
815,407000,-997,46,43,21,31,19,0,1,0,0,0,0,0,0,1,0,0,0
816,407500,-963,46,45,21,32,20,0,1,0,0,0,0,0,0,1,0,0,0
817,408000,-907,46,43,21,31,19,0,1,0,0,0,0,0,0,1,0,0,0
818,408500,-824,46,45,21,32,20,0,1,0,0,0,0,0,0,1,0,0,0
819,409000,-725,46,45,20,32,20,0,1,0,0,0,0,0,0,1,0,0,0
820,409500,-608,46,45,20,32,20,0,1,0,0,0,0,0,0,1,0,0,0
821,410000,-474,46,43,18,31,19,0,1,0,0,0,0,0,0,1,0,0,0
822,410500,-329,46,43,18,30,19,0,1,0,0,0,0,0,0,1,0,0,0
823,411000,-155,46,43,18,30,19,0,1,0,0,0,0,0,0,1,0,0,0
824,411500,1,46,43,16,30,19,0,1,0,0,0,0,0,0,1,0,0,0
825,412000,156,46,43,15,30,19,0,1,0,0,0,0,0,0,1,0,0,0
826,412500,287,46,44,15,32,19,0,1,0,0,0,0,0,0,1,0,0,0
827,413000,432,46,44,15,31,20,0,1,0,0,0,0,0,0,1,0,0,0
828,413500,568,46,43,12,30,19,0,1,0,0,0,0,0,0,1,0,0,0
829,414000,685,46,43,12,30,19,0,1,0,0,0,0,0,0,1,0,0,0
830,414500,786,46,43,11,30,19,0,1,0,0,0,0,0,0,1,0,0,0
831,415000,870,46,43,10,30,19,0,1,0,0,0,0,0,0,1,0,0,0
832,415500,931,46,43,10,30,19,0,1,0,0,0,0,0,0,1,0,0,0
833,416000,956,46,43,13,30,19,0,1,0,0,0,0,0,0,1,0,0,0
834,416500,969,46,43,13,30,19,0,1,0,0,0,0,0,0,1,0,0,0
835,417000,965,46,43,12,30,19,0,1,0,0,0,0,0,0,1,0,0,0
836,417500,921,46,43,13,30,19,0,1,0,0,0,0,0,0,1,0,0,0
837,418000,885,48,45,12,32,20,0,1,0,0,0,0,0,0,1,0,0,0
838,418500,806,48,45,12,32,20,0,1,0,0,0,0,0,0,1,0,0,0
839,419000,707,46,43,12,31,19,0,1,0,0,0,0,0,0,1,0,0,0
840,419500,589,46,43,12,30,18,0,1,0,0,0,0,0,0,1,0,0,0
841,420000,459,46,44,14,32,20,0,1,0,0,0,0,0,0,1,0,0,0
842,420500,316,46,43,15,31,19,0,1,0,0,0,0,0,0,1,0,0,0
843,421000,188,46,43,15,30,19,0,1,0,0,0,0,0,0,1,0,0,0
844,421500,32,48,45,17,32,20,0,1,0,0,0,0,0,0,1,0,0,0
845,422000,-123,46,43,17,31,19,0,1,0,0,0,0,0,0,1,0,0,0
846,422500,-301,46,43,18,30,19,0,1,0,0,0,0,0,0,1,0,0,0
847,423000,-448,48,44,20,32,20,0,1,0,0,0,0,0,0,1,0,0,0
848,423500,-582,46,43,20,31,19,0,1,0,0,0,0,0,0,1,0,0,0
849,424000,-703,46,43,21,30,18,0,1,0,0,0,0,0,0,1,0,0,0
850,424500,-803,46,43,21,30,19,0,1,0,0,0,0,0,0,1,0,0,0
851,425000,-889,46,43,21,30,18,0,1,0,0,0,0,0,0,1,0,0,0
852,425500,-954,46,43,21,30,19,0,1,0,0,0,0,0,0,1,0,0,0
853,426000,-993,48,43,23,32,19,0,1,0,0,0,0,0,0,1,0,0,0
854,426500,-1002,46,45,21,33,20,0,1,0,0,0,0,0,0,1,0,0,0
855,427000,-993,46,43,21,31,19,0,1,0,0,0,0,0,0,1,0,0,0
856,427500,-963,46,45,21,32,20,0,1,0,0,0,0,0,0,1,0,0,0
857,428000,-900,46,43,21,31,19,0,1,0,0,0,0,0,0,1,0,0,0
858,428500,-824,46,45,21,32,20,0,1,0,0,0,0,0,0,1,0,0,0
859,429000,-725,48,44,21,32,20,0,1,0,0,0,0,0,0,1,0,0,0
860,429500,-604,48,44,21,32,19,0,1,0,0,0,0,0,0,1,0,0,0
861,430000,-470,46,43,19,31,19,0,1,0,0,0,0,0,0,1,0,0,0
862,430500,-327,48,44,19,30,19,0,1,0,0,0,0,0,0,1,0,0,0
863,431000,-150,46,43,18,30,19,0,1,0,0,0,0,0,0,1,0,0,0
864,431500,4,46,44,17,30,20,0,1,0,0,0,0,0,0,1,0,0,0
865,432000,161,46,43,15,30,19,0,1,0,0,0,0,0,0,1,0,0,0
866,432500,292,46,43,15,30,19,0,1,0,0,0,0,0,0,1,0,0,0
867,433000,434,46,43,14,30,19,0,1,0,0,0,0,0,0,1,0,0,0
868,433500,569,46,43,12,30,18,0,1,0,0,0,0,0,0,1,0,0,0
869,434000,688,46,43,12,30,18,0,1,0,0,0,0,0,0,1,0,0,0
870,434500,791,46,43,11,30,19,0,1,0,0,0,0,0,0,1,0,0,0
871,435000,872,46,43,10,30,19,0,1,0,0,0,0,0,0,1,0,0,0
872,435500,933,46,43,11,32,19,0,1,0,0,0,0,0,0,1,0,0,0
873,436000,956,48,45,14,32,20,0,1,0,0,0,0,0,0,1,0,0,0
874,436500,969,46,43,14,32,20,0,1,0,0,0,0,0,0,1,0,0,0
875,437000,965,46,43,12,31,19,0,1,0,0,0,0,0,0,1,0,0,0
876,437500,921,48,45,14,32,20,0,1,0,0,0,0,0,0,1,0,0,0
877,438000,883,46,44,12,31,20,0,1,0,0,0,0,0,0,1,0,0,0
878,438500,803,46,43,11,30,19,0,1,0,0,0,0,0,0,1,0,0,0
879,439000,702,46,43,12,30,19,0,1,0,0,0,0,0,0,1,0,0,0
880,439500,586,48,45,14,32,20,0,1,0,0,0,0,0,0,1,0,0,0
881,440000,455,48,45,15,32,20,0,1,0,0,0,0,0,0,1,0,0,0
882,440500,311,46,43,15,31,19,0,1,0,0,0,0,0,0,1,0,0,0
883,441000,182,46,44,15,32,19,0,1,0,0,0,0,0,0,1,0,0,0
884,441500,27,46,43,16,31,19,0,1,0,0,0,0,0,0,1,0,0,0
885,442000,-126,46,43,18,30,19,0,1,0,0,0,0,0,0,1,0,0,0
886,442500,-305,46,43,18,30,19,0,1,0,0,0,0,0,0,1,0,0,0
887,443000,-449,46,43,19,30,19,0,1,0,0,0,0,0,0,1,0,0,0
888,443500,-586,47,43,21,30,19,0,1,0,0,0,0,0,0,1,0,0,0
889,444000,-708,46,43,21,30,19,0,1,0,0,0,0,0,0,1,0,0,0
890,444500,-812,46,43,21,30,19,0,1,0,0,0,0,0,0,1,0,0,0
891,445000,-889,48,44,23,32,19,0,1,0,0,0,0,0,0,1,0,0,0
892,445500,-951,46,43,23,31,19,0,1,0,0,0,0,0,0,1,0,0,0
893,446000,-993,46,45,21,32,20,0,1,0,0,0,0,0,0,1,0,0,0
894,446500,-1003,47,43,23,31,20,0,1,0,0,0,0,0,0,1,0,0,0
895,447000,-993,46,43,23,30,19,0,1,0,0,0,0,0,0,1,0,0,0
896,447500,-958,46,43,21,30,18,0,1,0,0,0,0,0,0,1,0,0,0
897,448000,-898,47,43,22,30,19,0,1,0,0,0,0,0,0,1,0,0,0
898,448500,-820,46,45,21,32,20,0,1,0,0,0,0,0,0,1,0,0,0
899,449000,-717,46,43,20,31,19,0,1,0,0,0,0,0,0,1,0,0,0
900,449500,-604,48,44,21,32,20,0,1,0,0,0,0,0,0,1,0,0,0
901,450000,-465,46,45,18,32,20,0,1,0,0,0,0,0,0,1,0,0,0
902,450500,-323,46,38,18,31,19,0,1,0,0,0,0,0,0,1,0,0,0
903,451000,-145,46,42,18,30,24,0,1,0,0,0,0,0,0,1,0,0,0
904,451500,9,48,44,18,32,21,0,1,0,0,0,0,0,0,1,0,0,0
905,452000,167,41,43,15,31,19,0,1,0,0,0,0,0,0,1,0,0,0
906,452500,295,48,45,16,28,20,0,1,0,0,0,0,0,0,1,0,0,0
907,453000,441,46,43,14,30,19,0,1,0,0,0,0,0,0,1,0,0,0
908,453500,563,46,43,12,30,20,0,1,0,0,0,0,0,0,1,0,0,0
909,454000,691,46,44,8,32,20,0,1,0,0,0,0,0,0,1,0,0,0
910,454500,792,49,45,11,31,20,0,1,0,0,0,0,0,0,1,0,0,0
911,455000,875,46,43,11,30,19,0,1,0,0,0,0,0,0,1,0,0,0
912,455500,935,47,45,11,32,20,0,1,0,0,0,0,0,0,1,0,0,0
913,456000,960,46,43,13,31,19,0,1,0,0,0,0,0,0,1,0,0,0
914,456500,974,46,43,13,30,19,0,1,0,0,0,0,0,0,1,0,0,0
915,457000,956,48,45,14,32,20,0,1,0,0,0,0,0,0,1,0,0,0
916,457500,921,46,43,13,31,19,0,1,0,0,0,0,0,0,1,0,0,0
917,458000,881,48,45,12,32,20,0,1,0,0,0,0,0,0,1,0,0,0
918,458500,801,46,43,11,31,19,0,1,0,0,0,0,0,0,1,0,0,0
919,459000,701,46,43,12,30,19,0,1,0,0,0,0,0,0,1,0,0,0
920,459500,583,46,43,13,30,19,0,1,0,0,0,0,0,0,1,0,0,0
921,460000,451,45,43,13,30,19,0,1,0,0,0,0,0,0,1,0,0,0
922,460500,307,48,44,16,27,19,0,1,0,0,0,0,0,0,1,0,0,0
923,461000,179,46,43,15,30,19,0,1,0,0,0,0,0,0,1,0,0,0
924,461500,24,46,43,16,30,17,0,1,0,0,0,0,0,0,1,0,0,0
925,462000,-133,46,44,12,32,19,0,1,0,0,0,0,0,0,1,0,0,0
926,462500,-310,49,45,18,32,20,0,1,0,0,0,0,0,0,1,0,0,0
927,463000,-457,46,43,19,31,19,0,1,0,0,0,0,0,0,1,0,0,0
928,463500,-588,47,43,21,30,19,0,1,0,0,0,0,0,0,1,0,0,0
929,464000,-712,46,45,21,32,20,0,1,0,0,0,0,0,0,1,0,0,0
930,464500,-816,46,43,21,31,19,0,1,0,0,0,0,0,0,1,0,0,0
931,465000,-898,46,43,21,30,19,0,1,0,0,0,0,0,0,1,0,0,0
932,465500,-958,46,45,21,32,20,0,1,0,0,0,0,0,0,1,0,0,0
933,466000,-993,46,45,21,32,20,0,1,0,0,0,0,0,0,1,0,0,0
934,466500,-1002,46,43,21,31,19,0,1,0,0,0,0,0,0,1,0,0,0
935,467000,-993,46,45,21,32,20,0,1,0,0,0,0,0,0,1,0,0,0
936,467500,-958,47,43,21,31,19,0,1,0,0,0,0,0,0,1,0,0,0
937,468000,-898,48,44,23,30,19,0,1,0,0,0,0,0,0,1,0,0,0
938,468500,-820,48,44,22,26,19,0,1,0,0,0,0,0,0,1,0,0,0
939,469000,-716,46,38,21,30,19,0,1,0,0,0,0,0,0,1,0,0,0
940,469500,-595,46,42,19,30,16,0,1,0,0,0,0,0,0,1,0,0,0
941,470000,-465,46,45,18,32,19,0,1,0,0,0,0,0,0,1,0,0,0
942,470500,-318,52,43,18,31,20,0,1,0,0,0,0,0,0,1,0,0,0
943,471000,-142,49,44,19,33,19,0,1,0,0,0,0,0,0,1,0,0,0
944,471500,14,46,43,17,31,19,0,1,0,0,0,0,0,0,1,0,0,0
945,472000,166,46,43,14,30,19,0,1,0,0,0,0,0,0,1,0,0,0
946,472500,300,46,43,15,30,19,0,1,0,0,0,0,0,0,1,0,0,0
947,473000,442,46,43,14,30,19,0,1,0,0,0,0,0,0,1,0,0,0
948,473500,577,48,45,14,32,20,0,1,0,0,0,0,0,0,1,0,0,0
949,474000,693,46,44,12,31,20,0,1,0,0,0,0,0,0,1,0,0,0
950,474500,795,46,43,11,30,19,0,1,0,0,0,0,0,0,1,0,0,0
951,475000,876,46,43,10,30,19,0,1,0,0,0,0,0,0,1,0,0,0
952,475500,935,46,43,11,30,19,0,1,0,0,0,0,0,0,1,0,0,0
953,476000,960,46,44,14,32,20,0,1,0,0,0,0,0,0,1,0,0,0
954,476500,974,46,43,13,31,20,0,1,0,0,0,0,0,0,1,0,0,0
955,477000,960,46,43,12,30,19,0,1,0,0,0,0,0,0,1,0,0,0
956,477500,921,46,43,13,30,19,0,1,0,0,0,0,0,0,1,0,0,0
957,478000,879,46,43,11,30,19,0,1,0,0,0,0,0,0,1,0,0,0
958,478500,798,46,44,12,30,19,0,1,0,0,0,0,0,0,1,0,0,0
959,479000,699,46,45,12,35,20,0,1,0,0,0,0,0,0,1,0,0,0
960,479500,580,46,45,14,33,20,0,1,0,0,0,0,0,0,1,0,0,0
961,480000,442,46,44,15,32,19,0,1,0,0,0,0,0,0,1,0,0,0
962,480500,302,47,44,12,32,19,0,1,0,0,0,0,0,0,1,0,0,0
963,481000,174,43,43,15,31,19,0,1,0,0,0,0,0,0,1,0,0,0
964,481500,20,45,43,17,30,18,0,1,0,0,0,0,0,0,1,0,0,0
965,482000,-138,46,45,18,32,20,0,1,0,0,0,0,0,0,1,0,0,0
966,482500,-318,46,45,18,32,20,0,1,0,0,0,0,0,0,1,0,0,0
967,483000,-461,46,45,18,32,20,0,1,0,0,0,0,0,0,1,0,0,0
968,483500,-590,46,43,20,31,19,0,1,0,0,0,0,0,0,1,0,0,0
969,484000,-712,48,44,21,32,20,0,1,0,0,0,0,0,0,1,0,0,0
970,484500,-816,46,43,21,31,19,0,1,0,0,0,0,0,0,1,0,0,0
971,485000,-898,48,45,21,30,19,0,1,0,0,0,0,0,0,1,0,0,0
972,485500,-958,46,44,21,30,21,0,1,0,0,0,0,0,0,1,0,0,0
973,486000,-993,46,45,22,32,21,0,1,0,0,0,0,0,0,1,0,0,0
974,486500,-1002,40,43,22,31,19,0,1,0,0,0,0,0,0,1,0,0,0
975,487000,-993,46,43,21,25,18,0,1,0,0,0,0,0,0,1,0,0,0
976,487500,-958,48,40,23,30,19,0,1,0,0,0,0,0,0,1,0,0,0
977,488000,-889,46,42,21,30,17,0,1,0,0,0,0,0,0,1,0,0,0
978,488500,-813,48,44,26,32,19,0,1,0,0,0,0,0,0,1,0,0,0
979,489000,-716,46,43,20,31,19,0,1,0,0,0,0,0,0,1,0,0,0
980,489500,-595,46,43,20,30,19,0,1,0,0,0,0,0,0,1,0,0,0
981,490000,-457,46,45,18,32,20,0,1,0,0,0,0,0,0,1,0,0,0
982,490500,-311,47,43,18,31,19,0,1,0,0,0,0,0,0,1,0,0,0
983,491000,-138,48,44,19,32,19,0,1,0,0,0,0,0,0,1,0,0,0
984,491500,18,47,43,17,31,19,0,1,0,0,0,0,0,0,1,0,0,0
985,492000,173,48,45,15,32,20,0,1,0,0,0,0,0,0,1,0,0,0
986,492500,304,46,43,15,31,19,0,1,0,0,0,0,0,0,1,0,0,0
987,493000,448,46,43,14,30,19,0,1,0,0,0,0,0,0,1,0,0,0
988,493500,580,46,43,12,30,23,0,1,0,0,0,0,0,0,1,0,0,0
989,494000,697,46,43,12,30,20,0,1,0,0,0,0,0,0,1,0,0,0
990,494500,798,46,44,11,32,19,0,1,0,0,0,0,0,0,1,0,0,0
991,495000,879,46,44,11,25,19,0,1,0,0,0,0,0,0,1,0,0,0
992,495500,937,46,44,10,31,19,0,1,0,0,0,0,0,0,1,0,0,0
993,496000,974,46,43,13,31,17,0,1,0,0,0,0,0,0,1,0,0,0
994,496500,969,46,42,7,30,18,0,1,0,0,0,0,0,0,1,0,0,0
995,497000,960,49,43,13,30,19,0,1,0,0,0,0,0,0,1,0,0,0
996,497500,921,46,43,13,30,19,0,1,0,0,0,0,0,0,1,0,0,0
997,498000,876,45,43,10,30,19,0,1,0,0,0,0,0,0,1,0,0,0
998,498500,796,48,45,12,32,19,0,1,0,0,0,0,0,0,1,0,0,0
999,499000,693,46,43,14,31,20,0,1,0,0,0,0,0,0,1,0,0,0
1000,499500,576,46,43,13,30,19,0,1,0,0,0,0,0,0,1,0,0,0
1001,500000,442,46,43,14,30,19,0,1,0,0,0,0,0,0,1,0,0,0
1002,500500,299,46,43,15,32,19,0,1,0,0,0,0,0,0,1,0,0,0
1003,501000,171,46,43,15,31,19,0,1,0,0,0,0,0,0,1,0,0,0
1004,501500,14,46,43,17,30,19,0,1,0,0,0,0,0,0,1,0,0,0
1005,502000,-141,46,43,18,30,19,0,1,0,0,0,0,0,0,1,0,0,0
1006,502500,-318,46,45,18,32,20,0,1,0,0,0,0,0,0,1,0,0,0
1007,503000,-465,46,45,18,28,20,0,1,0,0,0,0,0,0,1,0,0,0
1008,503500,-595,46,48,20,30,19,0,1,0,0,0,0,0,0,1,0,0,0
1009,504000,-716,48,44,21,32,16,0,1,0,0,0,0,0,0,1,0,0,0
1010,504500,-820,46,43,15,31,18,0,1,0,0,0,0,0,0,1,0,0,0
1011,505000,-898,40,45,21,32,20,0,1,0,0,0,0,0,0,1,0,0,0
1012,505500,-958,46,43,21,28,19,0,1,0,0,0,0,0,0,1,0,0,0
1013,506000,-993,46,45,21,32,20,0,1,0,0,0,0,0,0,1,0,0,0
1014,506500,-1002,48,44,23,31,19,0,1,0,0,0,0,0,0,1,0,0,0
1015,507000,-993,48,44,23,32,19,0,1,0,0,0,0,0,0,1,0,0,0
1016,507500,-954,48,43,22,31,19,0,1,0,0,0,0,0,0,1,0,0,0
1017,508000,-894,46,43,21,30,19,0,1,0,0,0,0,0,0,1,0,0,0
1018,508500,-812,46,45,21,32,20,0,1,0,0,0,0,0,0,1,0,0,0
1019,509000,-708,48,43,21,31,20,0,1,0,0,0,0,0,0,1,0,0,0
1020,509500,-587,46,45,20,32,20,0,1,0,0,0,0,0,0,1,0,0,0
1021,510000,-457,46,45,18,32,21,0,1,0,0,0,0,0,0,1,0,0,0
1022,510500,-310,48,44,19,32,20,0,1,0,0,0,0,0,0,1,0,0,0
1023,511000,-132,46,43,18,31,19,0,1,0,0,0,0,0,0,1,0,0,0
1024,511500,24,46,48,16,30,19,0,1,0,0,0,0,0,0,1,0,0,0
1025,512000,179,48,46,15,32,20,0,1,0,0,0,0,0,0,1,0,0,0
1026,512500,309,48,45,13,32,20,0,1,0,0,0,0,0,0,1,0,0,0
1027,513000,451,43,45,15,32,20,0,1,0,0,0,0,0,0,1,0,0,0
1028,513500,583,46,43,12,27,19,0,1,0,0,0,0,0,0,1,0,0,0
1029,514000,701,48,47,12,31,20,0,1,0,0,0,0,0,0,1,0,0,0
1030,514500,801,46,44,11,31,18,0,1,0,0,0,0,0,0,1,0,0,0
1031,515000,881,46,43,10,30,18,0,1,0,0,0,0,0,0,1,0,0,0
1032,515500,938,46,43,9,30,19,0,1,0,0,0,0,0,0,1,0,0,0
1033,516000,960,47,44,13,33,19,0,1,0,0,0,0,0,0,1,0,0,0
1034,516500,974,46,43,12,31,19,0,1,0,0,0,0,0,0,1,0,0,0
1035,517000,960,46,43,14,30,19,0,1,0,0,0,0,0,0,1,0,0,0
1036,517500,921,47,44,15,32,19,0,1,0,0,0,0,0,0,1,0,0,0
1037,518000,875,45,43,11,31,19,0,1,0,0,0,0,0,0,1,0,0,0
1038,518500,792,45,43,11,30,18,0,1,0,0,0,0,0,0,1,0,0,0
1039,519000,691,45,43,12,30,19,0,1,0,0,0,0,0,0,1,0,0,0
1040,519500,572,46,43,12,30,19,0,1,0,0,0,0,0,0,1,0,0,0
1041,520000,438,46,43,14,30,14,0,1,0,0,0,0,0,0,1,0,0,0
1042,520500,294,46,43,15,30,18,0,1,0,0,0,0,0,0,1,0,0,0
1043,521000,164,46,43,15,30,19,0,1,0,0,0,0,0,0,1,0,0,0
1044,521500,12,46,43,17,25,19,0,1,0,0,0,0,0,0,1,0,0,0
1045,522000,-147,46,43,18,30,19,0,1,0,0,0,0,0,0,1,0,0,0
1046,522500,-323,46,43,18,30,18,0,1,0,0,0,0,0,0,1,0,0,0
1047,523000,-465,48,44,25,32,19,0,1,0,0,0,0,0,0,1,0,0,0
1048,523500,-600,43,45,20,33,20,0,1,0,0,0,0,0,0,1,0,0,0
1049,524000,-716,46,43,20,31,19,0,1,0,0,0,0,0,0,1,0,0,0
1050,524500,-820,48,43,21,30,19,0,1,0,0,0,0,0,0,1,0,0,0
1051,525000,-898,46,45,21,30,19,0,1,0,0,0,0,0,0,1,0,0,0
1052,525500,-958,46,43,21,30,19,0,1,0,0,0,0,0,0,1,0,0,0
1053,526000,-993,48,43,24,32,19,0,1,0,0,0,0,0,0,1,0,0,0
1054,526500,-1002,46,43,23,31,19,0,1,0,0,0,0,0,0,1,0,0,0
1055,527000,-993,46,43,21,30,19,0,1,0,0,0,0,0,0,1,0,0,0
1056,527500,-954,48,43,22,30,19,0,1,0,0,0,0,0,0,1,0,0,0
1057,528000,-890,47,43,22,30,19,0,1,0,0,0,0,0,0,1,0,0,0
1058,528500,-812,46,43,21,30,19,0,1,0,0,0,0,0,0,1,0,0,0
1059,529000,-708,46,45,20,32,20,0,1,0,0,0,0,0,0,1,0,0,0
1060,529500,-586,46,43,20,31,20,0,1,0,0,0,0,0,0,1,0,0,0
1061,530000,-449,48,44,20,32,19,0,1,0,0,0,0,0,0,1,0,0,0
1062,530500,-302,46,45,18,33,20,0,1,0,0,0,0,0,0,1,0,0,0
1063,531000,-129,47,43,18,32,20,0,1,0,0,0,0,0,0,1,0,0,0
1064,531500,29,46,43,16,31,19,0,1,0,0,0,0,0,0,1,0,0,0
1065,532000,182,48,45,15,32,20,0,1,0,0,0,0,0,0,1,0,0,0
1066,532500,313,48,45,15,33,20,0,1,0,0,0,0,0,0,1,0,0,0
1067,533000,457,46,43,13,31,19,0,1,0,0,0,0,0,0,1,0,0,0
1068,533500,587,46,43,12,30,19,0,1,0,0,0,0,0,0,1,0,0,0
1069,534000,704,46,43,12,30,19,0,1,0,0,0,0,0,0,1,0,0,0
1070,534500,804,46,42,11,30,19,0,1,0,0,0,0,0,0,1,0,0,0
1071,535000,883,46,42,10,30,19,0,1,0,0,0,0,0,0,1,0,0,0
1072,535500,940,46,44,10,32,19,0,1,0,0,0,0,0,0,1,0,0,0
1073,536000,960,46,44,13,31,20,0,1,0,0,0,0,0,0,1,0,0,0
1074,536500,974,46,43,13,30,20,0,1,0,0,0,0,0,0,1,0,0,0
1075,537000,960,46,44,14,32,19,0,1,0,0,0,0,0,0,1,0,0,0
1076,537500,921,47,43,14,31,19,0,1,0,0,0,0,0,0,1,0,0,0
1077,538000,873,46,43,11,30,19,0,1,0,0,0,0,0,0,1,0,0,0
1078,538500,791,45,43,11,30,19,0,1,0,0,0,0,0,0,1,0,0,0
1079,539000,688,46,43,12,30,19,0,1,0,0,0,0,0,0,1,0,0,0
1080,539500,569,47,44,14,32,20,0,1,0,0,0,0,0,0,1,0,0,0
1081,540000,434,48,45,15,32,20,0,1,0,0,0,0,0,0,1,0,0,0
1082,540500,290,46,43,15,31,19,0,1,0,0,0,0,0,0,1,0,0,0
1083,541000,161,46,43,15,30,19,0,1,0,0,0,0,0,0,1,0,0,0
1084,541500,5,48,45,18,32,20,0,1,0,0,0,0,0,0,1,0,0,0
1085,542000,-152,46,45,18,32,20,0,1,0,0,0,0,0,0,1,0,0,0
1086,542500,-327,48,44,19,32,20,0,1,0,0,0,0,0,0,1,0,0,0
1087,543000,-474,48,43,20,31,19,0,1,0,0,0,0,0,0,1,0,0,0
1088,543500,-604,47,43,21,30,19,0,1,0,0,0,0,0,0,1,0,0,0
1089,544000,-721,46,43,21,30,19,0,1,0,0,0,0,0,0,1,0,0,0
1090,544500,-820,46,43,21,30,19,0,1,0,0,0,0,0,0,1,0,0,0
1091,545000,-900,46,43,21,30,19,0,1,0,0,0,0,0,0,1,0,0,0
1092,545500,-958,48,44,23,30,19,0,1,0,0,0,0,0,0,1,0,0,0
1093,546000,-993,48,43,24,30,19,0,1,0,0,0,0,0,0,1,0,0,0
1094,546500,-1002,46,43,22,30,19,0,1,0,0,0,0,0,0,1,0,0,0
1095,547000,-993,46,42,21,30,19,0,1,0,0,0,0,0,0,1,0,0,0
1096,547500,-950,47,43,22,30,19,0,1,0,0,0,0,0,0,1,0,0,0
1097,548000,-889,47,43,21,30,19,0,1,0,0,0,0,0,0,1,0,0,0
1098,548500,-804,46,43,21,30,19,0,1,0,0,0,0,0,0,1,0,0,0
1099,549000,-703,46,45,20,32,20,0,1,0,0,0,0,0,0,1,0,0,0
1100,549500,-579,46,43,20,31,19,0,1,0,0,0,0,0,0,1,0,0,0
1101,550000,-448,46,45,18,32,20,0,1,0,0,0,0,0,0,1,0,0,0
1102,550500,-301,46,45,18,32,20,0,1,0,0,0,0,0,0,1,0,0,0
1103,551000,-122,48,44,19,32,20,0,1,0,0,0,0,0,0,1,0,0,0
1104,551500,33,46,43,16,31,19,0,1,0,0,0,0,0,0,1,0,0,0
1105,552000,187,46,43,15,30,19,0,1,0,0,0,0,0,0,1,0,0,0
1106,552500,317,46,43,15,30,19,0,1,0,0,0,0,0,0,1,0,0,0
1107,553000,460,46,43,13,30,19,0,1,0,0,0,0,0,0,1,0,0,0
1108,553500,589,46,43,12,30,19,0,1,0,0,0,0,0,0,1,0,0,0
1109,554000,708,48,45,12,32,20,0,1,0,0,0,0,0,0,1,0,0,0
1110,554500,806,46,43,11,31,19,0,1,0,0,0,0,0,0,1,0,0,0
1111,555000,883,46,43,10,30,19,0,1,0,0,0,0,0,0,1,0,0,0
1112,555500,941,46,43,9,30,19,0,1,0,0,0,0,0,0,1,0,0,0
1113,556000,965,46,44,14,32,20,0,1,0,0,0,0,0,0,1,0,0,0
1114,556500,974,46,43,13,31,19,0,1,0,0,0,0,0,0,1,0,0,0
1115,557000,956,47,45,14,32,20,0,1,0,0,0,0,0,0,1,0,0,0
1116,557500,921,48,45,15,32,20,0,1,0,0,0,0,0,0,1,0,0,0
1117,558000,870,46,43,11,31,20,0,1,0,0,0,0,0,0,1,0,0,0
1118,558500,788,46,44,12,30,19,0,1,0,0,0,0,0,0,1,0,0,0
1119,559000,685,46,43,13,30,19,0,1,0,0,0,0,0,0,1,0,0,0
1120,559500,563,46,44,14,32,20,0,1,0,0,0,0,0,0,1,0,0,0
1121,560000,431,48,45,15,32,20,0,1,0,0,0,0,0,0,1,0,0,0
1122,560500,285,46,43,15,31,19,0,1,0,0,0,0,0,0,1,0,0,0
1123,561000,157,46,43,15,30,19,0,1,0,0,0,0,0,0,1,0,0,0
1124,561500,-1,46,44,17,30,19,0,1,0,0,0,0,0,0,1,0,0,0
1125,562000,-154,46,43,18,30,19,0,1,0,0,0,0,0,0,1,0,0,0
1126,562500,-330,46,43,19,30,19,0,1,0,0,0,0,0,0,1,0,0,0
1127,563000,-474,46,42,19,30,19,0,1,0,0,0,0,0,0,1,0,0,0
1128,563500,-608,46,43,20,30,19,0,1,0,0,0,0,0,0,1,0,0,0
1129,564000,-725,48,44,22,32,20,0,1,0,0,0,0,0,0,1,0,0,0
1130,564500,-824,46,43,21,31,19,0,1,0,0,0,0,0,0,1,0,0,0
1131,565000,-901,46,44,21,30,20,0,1,0,0,0,0,0,0,1,0,0,0
1132,565500,-958,46,43,21,30,19,0,1,0,0,0,0,0,0,1,0,0,0
1133,566000,-993,48,44,23,31,19,0,1,0,0,0,0,0,0,1,0,0,0
1134,566500,-1002,46,43,23,31,19,0,1,0,0,0,0,0,0,1,0,0,0
1135,567000,-993,48,44,23,32,19,0,1,0,0,0,0,0,0,1,0,0,0
1136,567500,-954,46,43,21,31,19,0,1,0,0,0,0,0,0,1,0,0,0
1137,568000,-889,48,44,23,32,20,0,1,0,0,0,0,0,0,1,0,0,0
1138,568500,-803,46,43,21,31,19,0,1,0,0,0,0,0,0,1,0,0,0
1139,569000,-699,46,45,20,32,20,0,1,0,0,0,0,0,0,1,0,0,0
1140,569500,-578,46,43,19,31,19,0,1,0,0,0,0,0,0,1,0,0,0
1141,570000,-441,48,43,19,30,19,0,1,0,0,0,0,0,0,1,0,0,0
1142,570500,-293,46,43,18,30,19,0,1,0,0,0,0,0,0,1,0,0,0
1143,571000,-119,48,44,18,32,20,0,1,0,0,0,0,0,0,1,0,0,0
1144,571500,39,46,43,17,31,19,0,1,0,0,0,0,0,0,1,0,0,0
1145,572000,192,47,44,15,31,19,0,1,0,0,0,0,0,0,1,0,0,0
1146,572500,322,46,43,15,31,19,0,1,0,0,0,0,0,0,1,0,0,0
1147,573000,465,47,44,15,30,19,0,1,0,0,0,0,0,0,1,0,0,0
1148,573500,595,46,43,12,30,19,0,1,0,0,0,0,0,0,1,0,0,0
1149,574000,710,46,43,12,30,19,0,1,0,0,0,0,0,0,1,0,0,0
1150,574500,809,46,44,11,32,20,0,1,0,0,0,0,0,0,1,0,0,0
1151,575000,887,48,45,11,32,20,0,1,0,0,0,0,0,0,1,0,0,0
1152,575500,942,48,45,11,32,20,0,1,0,0,0,0,0,0,1,0,0,0
1153,576000,960,46,43,13,31,19,0,1,0,0,0,0,0,0,1,0,0,0
1154,576500,969,46,44,14,32,19,0,1,0,0,0,0,0,0,1,0,0,0
1155,577000,956,48,45,15,32,20,0,1,0,0,0,0,0,0,1,0,0,0
1156,577500,930,46,43,11,32,20,0,1,0,0,0,0,0,0,1,0,0,0
1157,578000,868,46,43,10,31,19,0,1,0,0,0,0,0,0,1,0,0,0
1158,578500,785,48,45,13,32,20,0,1,0,0,0,0,0,0,1,0,0,0
1159,579000,682,48,45,13,32,20,0,1,0,0,0,0,0,0,1,0,0,0
1160,579500,562,46,43,13,31,19,0,1,0,0,0,0,0,0,1,0,0,0
1161,580000,425,48,44,15,32,20,0,1,0,0,0,0,0,0,1,0,0,0
1162,580500,278,48,45,17,32,20,0,1,0,0,0,0,0,0,1,0,0,0
1163,581000,152,48,43,16,31,20,0,1,0,0,0,0,0,0,1,0,0,0
1164,581500,-4,46,43,17,30,19,0,1,0,0,0,0,0,0,1,0,0,0
1165,582000,-160,46,43,18,30,19,0,1,0,0,0,0,0,0,1,0,0,0
1166,582500,-336,46,43,19,30,19,0,1,0,0,0,0,0,0,1,0,0,0
1167,583000,-483,46,43,19,30,19,0,1,0,0,0,0,0,0,1,0,0,0
1168,583500,-612,48,44,21,30,19,0,1,0,0,0,0,0,0,1,0,0,0
1169,584000,-725,46,43,21,30,19,0,1,0,0,0,0,0,0,1,0,0,0
1170,584500,-829,47,43,21,30,19,0,1,0,0,0,0,0,0,1,0,0,0
1171,585000,-907,47,43,23,30,19,0,1,0,0,0,0,0,0,1,0,0,0
1172,585500,-963,45,45,21,32,20,0,1,0,0,0,0,0,0,1,0,0,0
1173,586000,-997,46,43,21,31,19,0,1,0,0,0,0,0,0,1,0,0,0
1174,586500,-1002,46,44,21,32,20,0,1,0,0,0,0,0,0,1,0,0,0
1175,587000,-989,46,43,22,31,19,0,1,0,0,0,0,0,0,1,0,0,0
1176,587500,-950,48,43,23,30,19,0,1,0,0,0,0,0,0,1,0,0,0
1177,588000,-882,49,43,23,30,19,0,1,0,0,0,0,0,0,1,0,0,0
1178,588500,-803,46,43,21,30,19,0,1,0,0,0,0,0,0,1,0,0,0
1179,589000,-692,46,43,20,30,19,0,1,0,0,0,0,0,0,1,0,0,0
1180,589500,-574,48,44,20,32,19,0,1,0,0,0,0,0,0,1,0,0,0
1181,590000,-439,48,43,18,31,19,0,1,0,0,0,0,0,0,1,0,0,0
1182,590500,-292,49,44,19,30,19,0,1,0,0,0,0,0,0,1,0,0,0
1183,591000,-113,46,43,18,30,19,0,1,0,0,0,0,0,0,1,0,0,0
1184,591500,42,46,43,17,30,18,0,1,0,0,0,0,0,0,1,0,0,0
1185,592000,197,46,43,14,30,19,0,1,0,0,0,0,0,0,1,0,0,0
1186,592500,327,46,43,15,30,19,0,1,0,0,0,0,0,0,1,0,0,0
1187,593000,469,46,44,14,32,19,0,1,0,0,0,0,0,0,1,0,0,0
1188,593500,598,46,43,12,31,19,0,1,0,0,0,0,0,0,1,0,0,0
1189,594000,714,46,43,11,30,19,0,1,0,0,0,0,0,0,1,0,0,0
1190,594500,812,46,43,11,30,19,0,1,0,0,0,0,0,0,1,0,0,0
1191,595000,888,46,43,10,30,19,0,1,0,0,0,0,0,0,1,0,0,0
1192,595500,944,46,44,10,30,20,0,1,0,0,0,0,0,0,1,0,0,0
1193,596000,965,46,44,14,32,20,0,1,0,0,0,0,0,0,1,0,0,0
1194,596500,974,48,45,14,32,20,0,1,0,0,0,0,0,0,1,0,0,0
1195,597000,956,46,43,13,31,19,0,1,0,0,0,0,0,0,1,0,0,0
1196,597500,928,46,43,11,30,19,0,1,0,0,0,0,0,0,1,0,0,0
1197,598000,866,46,44,11,32,20,0,1,0,0,0,0,0,0,1,0,0,0
1198,598500,782,46,43,11,31,19,0,1,0,0,0,0,0,0,1,0,0,0
1199,599000,679,46,43,12,30,19,0,1,0,0,0,0,0,0,1,0,0,0
1200,599500,558,46,43,13,30,19,0,1,0,0,0,0,0,0,1,0,0,0
1201,600000,421,45,43,14,30,19,0,1,0,0,0,0,0,0,1,0,0,0
1202,600500,277,46,43,15,30,19,0,1,0,0,0,0,0,0,1,0,0,0
1203,601000,147,46,43,15,30,19,0,1,0,0,0,0,0,0,1,0,0,0
1204,601500,-9,45,45,17,32,20,0,1,0,0,0,0,0,0,1,0,0,0
1205,602000,-166,46,43,18,31,19,0,1,0,0,0,0,0,0,1,0,0,0
1206,602500,-340,46,44,18,32,20,0,1,0,0,0,0,0,0,1,0,0,0
1207,603000,-483,48,44,21,32,19,0,1,0,0,0,0,0,0,1,0,0,0
1208,603500,-613,46,43,20,31,19,0,1,0,0,0,0,0,0,1,0,0,0
1209,604000,-728,46,45,21,32,20,0,1,0,0,0,0,0,0,1,0,0,0
1210,604500,-829,48,43,23,32,19,0,1,0,0,0,0,0,0,1,0,0,0
1211,605000,-911,46,43,21,30,19,0,1,0,0,0,0,0,0,1,0,0,0
1212,605500,-967,48,43,23,30,19,0,1,0,0,0,0,0,0,1,0,0,0
1213,606000,-1002,48,43,23,30,19,0,1,0,0,0,0,0,0,1,0,0,0
1214,606500,-1003,49,43,24,32,19,0,1,0,0,0,0,0,0,1,0,0,0
1215,607000,-993,46,43,21,31,19,0,1,0,0,0,0,0,0,1,0,0,0
1216,607500,-950,46,43,22,30,19,0,1,0,0,0,0,0,0,1,0,0,0
1217,608000,-885,46,43,21,30,19,0,1,0,0,0,0,0,0,1,0,0,0
1218,608500,-794,48,43,21,30,19,0,1,0,0,0,0,0,0,1,0,0,0
1219,609000,-691,46,43,20,30,19,0,1,0,0,0,0,0,0,1,0,0,0
1220,609500,-574,46,43,20,30,19,0,1,0,0,0,0,0,0,1,0,0,0
1221,610000,-431,48,44,20,32,19,0,1,0,0,0,0,0,0,1,0,0,0
1222,610500,-284,48,44,18,32,19,0,1,0,0,0,0,0,0,1,0,0,0
1223,611000,-110,46,43,17,31,19,0,1,0,0,0,0,0,0,1,0,0,0
1224,611500,46,46,44,17,32,19,0,1,0,0,0,0,0,0,1,0,0,0
1225,612000,203,46,43,14,31,19,0,1,0,0,0,0,0,0,1,0,0,0
1226,612500,330,46,43,15,32,19,0,1,0,0,0,0,0,0,1,0,0,0
1227,613000,472,48,44,14,32,19,0,1,0,0,0,0,0,0,1,0,0,0
1228,613500,603,48,45,14,32,20,0,1,0,0,0,0,0,0,1,0,0,0
1229,614000,717,48,45,12,32,20,0,1,0,0,0,0,0,0,1,0,0,0
1230,614500,813,46,43,11,31,19,0,1,0,0,0,0,0,0,1,0,0,0
1231,615000,890,46,43,10,30,19,0,1,0,0,0,0,0,0,1,0,0,0
1232,615500,945,46,44,10,30,20,0,1,0,0,0,0,0,0,1,0,0,0
1233,616000,965,48,45,14,32,20,0,1,0,0,0,0,0,0,1,0,0,0
1234,616500,974,48,45,14,32,20,0,1,0,0,0,0,0,0,1,0,0,0
1235,617000,960,46,44,14,32,19,0,1,0,0,0,0,0,0,1,0,0,0
1236,617500,927,46,44,11,32,19,0,1,0,0,0,0,0,0,1,0,0,0
1237,618000,863,47,43,12,31,19,0,1,0,0,0,0,0,0,1,0,0,0
1238,618500,779,46,43,12,30,19,0,1,0,0,0,0,0,0,1,0,0,0
1239,619000,675,48,44,13,32,20,0,1,0,0,0,0,0,0,1,0,0,0
1240,619500,554,47,44,14,32,19,0,1,0,0,0,0,0,0,1,0,0,0
1241,620000,417,48,45,15,32,20,0,1,0,0,0,0,0,0,1,0,0,0
1242,620500,272,46,43,15,31,19,0,1,0,0,0,0,0,0,1,0,0,0
1243,621000,143,46,43,15,30,19,0,1,0,0,0,0,0,0,1,0,0,0
1244,621500,-13,46,43,17,30,19,0,1,0,0,0,0,0,0,1,0,0,0
1245,622000,-169,46,43,18,30,19,0,1,0,0,0,0,0,0,1,0,0,0
1246,622500,-344,46,43,19,30,19,0,1,0,0,0,0,0,0,1,0,0,0
1247,623000,-485,45,44,19,32,20,0,1,0,0,0,0,0,0,1,0,0,0
1248,623500,-621,46,45,20,32,20,0,1,0,0,0,0,0,0,1,0,0,0
1249,624000,-733,48,44,21,32,20,0,1,0,0,0,0,0,0,1,0,0,0
1250,624500,-829,46,44,21,32,20,0,1,0,0,0,0,0,0,1,0,0,0
1251,625000,-911,46,43,21,31,19,0,1,0,0,0,0,0,0,1,0,0,0
1252,625500,-967,48,43,23,30,19,0,1,0,0,0,0,0,0,1,0,0,0
1253,626000,-997,46,43,23,30,19,0,1,0,0,0,0,0,0,1,0,0,0
1254,626500,-1002,48,44,23,30,19,0,1,0,0,0,0,0,0,1,0,0,0
1255,627000,-985,48,43,23,32,19,0,1,0,0,0,0,0,0,1,0,0,0
1256,627500,-950,46,45,21,32,20,0,1,0,0,0,0,0,0,1,0,0,0
1257,628000,-880,48,44,22,32,20,0,1,0,0,0,0,0,0,1,0,0,0
1258,628500,-794,46,43,20,31,19,0,1,0,0,0,0,0,0,1,0,0,0
1259,629000,-690,48,43,21,32,20,0,1,0,0,0,0,0,0,1,0,0,0
1260,629500,-569,46,43,20,31,19,0,1,0,0,0,0,0,0,1,0,0,0
1261,630000,-431,46,43,18,30,19,0,1,0,0,0,0,0,0,1,0,0,0
1262,630500,-284,46,45,18,32,20,0,1,0,0,0,0,0,0,1,0,0,0
1263,631000,-104,46,43,17,31,19,0,1,0,0,0,0,0,0,1,0,0,0
1264,631500,52,46,43,16,30,19,0,1,0,0,0,0,0,0,1,0,0,0
1265,632000,206,46,43,14,30,19,0,1,0,0,0,0,0,0,1,0,0,0
1266,632500,335,48,45,16,32,20,0,1,0,0,0,0,0,0,1,0,0,0
1267,633000,477,48,45,15,32,20,0,1,0,0,0,0,0,0,1,0,0,0
1268,633500,606,46,43,13,31,19,0,1,0,0,0,0,0,0,1,0,0,0
1269,634000,719,46,43,12,30,19,0,1,0,0,0,0,0,0,1,0,0,0
1270,634500,816,46,43,11,30,19,0,1,0,0,0,0,0,0,1,0,0,0
1271,635000,892,45,43,10,30,19,0,1,0,0,0,0,0,0,1,0,0,0
1272,635500,947,48,45,11,32,20,0,1,0,0,0,0,0,0,1,0,0,0
1273,636000,965,46,44,14,31,20,0,1,0,0,0,0,0,0,1,0,0,0
1274,636500,974,46,43,13,30,20,0,1,0,0,0,0,0,0,1,0,0,0
1275,637000,956,46,43,13,30,19,0,1,0,0,0,0,0,0,1,0,0,0
1276,637500,925,46,42,10,30,19,0,1,0,0,0,0,0,0,1,0,0,0
1277,638000,862,47,44,11,32,19,0,1,0,0,0,0,0,0,1,0,0,0
1278,638500,777,46,43,11,32,20,0,1,0,0,0,0,0,0,1,0,0,0
1279,639000,672,46,43,12,31,19,0,1,0,0,0,0,0,0,1,0,0,0
1280,639500,550,46,43,14,32,19,0,1,0,0,0,0,0,0,1,0,0,0
1281,640000,414,46,43,15,31,19,0,1,0,0,0,0,0,0,1,0,0,0
1282,640500,267,46,43,15,30,18,0,1,0,0,0,0,0,0,1,0,0,0
1283,641000,137,48,44,16,32,20,0,1,0,0,0,0,0,0,1,0,0,0
1284,641500,-17,46,45,17,32,20,0,1,0,0,0,0,0,0,1,0,0,0
1285,642000,-172,46,43,18,31,19,0,1,0,0,0,0,0,0,1,0,0,0
1286,642500,-348,46,43,18,30,19,0,1,0,0,0,0,0,0,1,0,0,0
1287,643000,-491,46,43,18,30,18,0,1,0,0,0,0,0,0,1,0,0,0
1288,643500,-621,46,45,20,32,20,0,1,0,0,0,0,0,0,1,0,0,0
1289,644000,-738,46,43,21,31,19,0,1,0,0,0,0,0,0,1,0,0,0
1290,644500,-832,48,44,23,30,19,0,1,0,0,0,0,0,0,1,0,0,0
1291,645000,-915,46,43,23,30,20,0,1,0,0,0,0,0,0,1,0,0,0
1292,645500,-967,48,44,24,30,20,0,1,0,0,0,0,0,0,1,0,0,0
1293,646000,-1002,46,43,21,30,18,0,1,0,0,0,0,0,0,1,0,0,0
1294,646500,-1002,47,43,23,30,19,0,1,0,0,0,0,0,0,1,0,0,0
1295,647000,-984,48,44,23,32,19,0,1,0,0,0,0,0,0,1,0,0,0
1296,647500,-941,48,44,23,32,20,0,1,0,0,0,0,0,0,1,0,0,0
1297,648000,-880,46,43,21,31,19,0,1,0,0,0,0,0,0,1,0,0,0
1298,648500,-794,48,44,22,32,19,0,1,0,0,0,0,0,0,1,0,0,0
1299,649000,-684,48,43,22,32,19,0,1,0,0,0,0,0,0,1,0,0,0
1300,649500,-565,46,43,20,31,19,0,1,0,0,0,0,0,0,1,0,0,0
1301,650000,-424,48,43,20,32,19,0,1,0,0,0,0,0,0,1,0,0,0
1302,650500,-275,46,43,18,31,19,0,1,0,0,0,0,0,0,1,0,0,0
1303,651000,-99,46,43,18,30,19,0,1,0,0,0,0,0,0,1,0,0,0
1304,651500,55,48,45,17,32,20,0,1,0,0,0,0,0,0,1,0,0,0
1305,652000,211,46,43,14,31,19,0,1,0,0,0,0,0,0,1,0,0,0
1306,652500,339,48,45,15,32,20,0,1,0,0,0,0,0,0,1,0,0,0
1307,653000,480,46,43,14,32,19,0,1,0,0,0,0,0,0,1,0,0,0
1308,653500,609,46,43,13,31,19,0,1,0,0,0,0,0,0,1,0,0,0
1309,654000,723,48,45,12,32,20,0,1,0,0,0,0,0,0,1,0,0,0
1310,654500,818,46,43,11,31,19,0,1,0,0,0,0,0,0,1,0,0,0
1311,655000,894,48,45,10,32,20,0,1,0,0,0,0,0,0,1,0,0,0
1312,655500,947,48,45,11,32,20,0,1,0,0,0,0,0,0,1,0,0,0
1313,656000,965,46,43,12,31,19,0,1,0,0,0,0,0,0,1,0,0,0
1314,656500,974,46,43,12,30,19,0,1,0,0,0,0,0,0,1,0,0,0
1315,657000,956,46,43,13,30,19,0,1,0,0,0,0,0,0,1,0,0,0
1316,657500,923,46,43,11,30,19,0,1,0,0,0,0,0,0,1,0,0,0
1317,658000,859,46,43,11,30,19,0,1,0,0,0,0,0,0,1,0,0,0
1318,658500,773,46,43,12,30,19,0,1,0,0,0,0,0,0,1,0,0,0
1319,659000,667,46,43,13,30,20,0,1,0,0,0,0,0,0,1,0,0,0
1320,659500,546,46,43,13,30,19,0,1,0,0,0,0,0,0,1,0,0,0
1321,660000,408,46,44,15,30,20,0,1,0,0,0,0,0,0,1,0,0,0
1322,660500,261,46,43,15,30,19,0,1,0,0,0,0,0,0,1,0,0,0
1323,661000,133,46,44,16,32,19,0,1,0,0,0,0,0,0,1,0,0,0
1324,661500,-23,46,43,18,31,19,0,1,0,0,0,0,0,0,1,0,0,0
1325,662000,-178,46,43,20,30,19,0,1,0,0,0,0,0,0,1,0,0,0
1326,662500,-353,48,44,20,32,20,0,1,0,0,0,0,0,0,1,0,0,0
1327,663000,-496,46,43,18,31,19,0,1,0,0,0,0,0,0,1,0,0,0
1328,663500,-624,48,44,21,32,19,0,1,0,0,0,0,0,0,1,0,0,0
1329,664000,-742,48,43,21,31,19,0,1,0,0,0,0,0,0,1,0,0,0
1330,664500,-837,48,44,22,32,20,0,1,0,0,0,0,0,0,1,0,0,0
1331,665000,-919,46,43,21,31,19,0,1,0,0,0,0,0,0,1,0,0,0
1332,665500,-967,46,45,21,32,20,0,1,0,0,0,0,0,0,1,0,0,0
1333,666000,-1002,47,43,23,31,19,0,1,0,0,0,0,0,0,1,0,0,0
1334,666500,-1035,48,43,20,32,19,0,1,0,0,0,0,0,0,1,0,0,0
1335,667000,-989,46,43,22,31,18,0,1,0,0,0,0,0,0,1,0,0,0
1336,667500,-941,46,43,21,30,19,0,1,0,0,0,0,0,0,1,0,0,0
1337,668000,-880,46,43,21,30,19,0,1,0,0,0,0,0,0,1,0,0,0
1338,668500,-787,47,43,21,30,19,0,1,0,0,0,0,0,0,1,0,0,0
1339,669000,-682,48,44,21,32,19,0,1,0,0,0,0,0,0,1,0,0,0
1340,669500,-561,46,43,20,31,19,0,1,0,0,0,0,0,0,1,0,0,0
1341,670000,-422,48,44,19,32,19,0,1,0,0,0,0,0,0,1,0,0,0
1342,670500,-275,46,43,18,31,19,0,1,0,0,0,0,0,0,1,0,0,0
1343,671000,-96,46,43,17,30,19,0,1,0,0,0,0,0,0,1,0,0,0
1344,671500,60,48,45,17,32,20,0,1,0,0,0,0,0,0,1,0,0,0
1345,672000,214,48,44,15,31,20,0,1,0,0,0,0,0,0,1,0,0,0
1346,672500,344,48,45,15,32,20,0,1,0,0,0,0,0,0,1,0,0,0
1347,673000,486,48,45,15,32,20,0,1,0,0,0,0,0,0,1,0,0,0
1348,673500,614,46,43,12,31,19,0,1,0,0,0,0,0,0,1,0,0,0
1349,674000,727,46,43,11,30,19,0,1,0,0,0,0,0,0,1,0,0,0
1350,674500,822,46,44,11,32,19,0,1,0,0,0,0,0,0,1,0,0,0
1351,675000,895,46,43,10,31,19,0,1,0,0,0,0,0,0,1,0,0,0
1352,675500,949,46,43,9,30,19,0,1,0,0,0,0,0,0,1,0,0,0
1353,676000,969,46,43,13,30,19,0,1,0,0,0,0,0,0,1,0,0,0
1354,676500,974,46,43,14,30,19,0,1,0,0,0,0,0,0,1,0,0,0
1355,677000,952,47,45,14,32,20,0,1,0,0,0,0,0,0,1,0,0,0
1356,677500,923,46,43,11,31,20,0,1,0,0,0,0,0,0,1,0,0,0
1357,678000,857,46,43,11,30,19,0,1,0,0,0,0,0,0,1,0,0,0
1358,678500,771,48,45,12,32,20,0,1,0,0,0,0,0,0,1,0,0,0
1359,679000,665,48,45,14,32,20,0,1,0,0,0,0,0,0,1,0,0,0
1360,679500,542,48,45,15,32,20,0,1,0,0,0,0,0,0,1,0,0,0
1361,680000,406,46,43,15,31,20,0,1,0,0,0,0,0,0,1,0,0,0
1362,680500,259,47,45,17,32,20,0,1,0,0,0,0,0,0,1,0,0,0
1363,681000,129,46,43,15,31,19,0,1,0,0,0,0,0,0,1,0,0,0
1364,681500,-26,46,43,17,30,19,0,1,0,0,0,0,0,0,1,0,0,0
1365,682000,-182,46,42,18,30,18,0,1,0,0,0,0,0,0,1,0,0,0
1366,682500,-357,46,42,18,30,19,0,1,0,0,0,0,0,0,1,0,0,0
1367,683000,-500,46,45,19,32,20,0,1,0,0,0,0,0,0,1,0,0,0
1368,683500,-630,48,43,21,31,20,0,1,0,0,0,0,0,0,1,0,0,0
1369,684000,-747,46,45,21,32,20,0,1,0,0,0,0,0,0,1,0,0,0
1370,684500,-837,46,43,21,31,19,0,1,0,0,0,0,0,0,1,0,0,0
1371,685000,-915,46,42,22,30,20,0,1,0,0,0,0,0,0,1,0,0,0
1372,685500,-967,48,43,23,30,19,0,1,0,0,0,0,0,0,1,0,0,0
1373,686000,-1002,46,43,23,30,19,0,1,0,0,0,0,0,0,1,0,0,0
1374,686500,-1035,46,43,20,30,19,0,1,0,0,0,0,0,0,1,0,0,0
1375,687000,-989,46,43,21,30,18,0,1,0,0,0,0,0,0,1,0,0,0
1376,687500,-941,46,43,21,30,19,0,1,0,0,0,0,0,0,1,0,0,0
1377,688000,-872,46,43,21,30,19,0,1,0,0,0,0,0,0,1,0,0,0
1378,688500,-786,46,43,21,30,19,0,1,0,0,0,0,0,0,1,0,0,0
1379,689000,-682,48,44,21,32,19,0,1,0,0,0,0,0,0,1,0,0,0
1380,689500,-553,48,43,20,31,19,0,1,0,0,0,0,0,0,1,0,0,0
1381,690000,-415,46,43,18,30,19,0,1,0,0,0,0,0,0,1,0,0,0
1382,690500,-267,48,44,19,32,19,0,1,0,0,0,0,0,0,1,0,0,0
1383,691000,-91,46,43,17,31,19,0,1,0,0,0,0,0,0,1,0,0,0
1384,691500,64,47,43,17,32,20,0,1,0,0,0,0,0,0,1,0,0,0
1385,692000,219,48,45,15,32,20,0,1,0,0,0,0,0,0,1,0,0,0
1386,692500,347,46,43,14,31,19,0,1,0,0,0,0,0,0,1,0,0,0
1387,693000,489,46,43,12,30,19,0,1,0,0,0,0,0,0,1,0,0,0
1388,693500,615,46,43,12,30,19,0,1,0,0,0,0,0,0,1,0,0,0
1389,694000,728,47,44,11,32,20,0,1,0,0,0,0,0,0,1,0,0,0
1390,694500,823,46,43,11,31,19,0,1,0,0,0,0,0,0,1,0,0,0
1391,695000,897,46,43,11,30,19,0,1,0,0,0,0,0,0,1,0,0,0
1392,695500,950,46,43,9,30,19,0,1,0,0,0,0,0,0,1,0,0,0
1393,696000,965,46,43,13,30,19,0,1,0,0,0,0,0,0,1,0,0,0
1394,696500,974,46,43,13,30,19,0,1,0,0,0,0,0,0,1,0,0,0
1395,697000,952,46,44,14,32,19,0,1,0,0,0,0,0,0,1,0,0,0
1396,697500,920,46,43,11,32,19,0,1,0,0,0,0,0,0,1,0,0,0
1397,698000,855,46,43,10,31,19,0,1,0,0,0,0,0,0,1,0,0,0
1398,698500,768,46,43,12,30,19,0,1,0,0,0,0,0,0,1,0,0,0
1399,699000,661,46,43,12,30,19,0,1,0,0,0,0,0,0,1,0,0,0
1400,699500,538,48,45,15,32,20,0,1,0,0,0,0,0,0,1,0,0,0
1401,700000,399,46,43,15,31,19,0,1,0,0,0,0,0,0,1,0,0,0
1402,700500,252,46,43,15,30,18,0,1,0,0,0,0,0,0,1,0,0,0
1403,701000,124,48,45,17,32,20,0,1,0,0,0,0,0,0,1,0,0,0
1404,701500,-30,46,43,17,31,19,0,1,0,0,0,0,0,0,1,0,0,0
1405,702000,-188,48,43,20,32,19,0,1,0,0,0,0,0,0,1,0,0,0
1406,702500,-362,48,44,19,31,20,0,1,0,0,0,0,0,0,1,0,0,0
1407,703000,-504,46,45,19,32,20,0,1,0,0,0,0,0,0,1,0,0,0
1408,703500,-630,46,43,20,31,19,0,1,0,0,0,0,0,0,1,0,0,0
1409,704000,-747,46,43,21,30,19,0,1,0,0,0,0,0,0,1,0,0,0
1410,704500,-846,46,43,22,32,19,0,1,0,0,0,0,0,0,1,0,0,0
1411,705000,-915,48,43,21,32,19,0,1,0,0,0,0,0,0,1,0,0,0
1412,705500,-968,46,45,21,32,20,0,1,0,0,0,0,0,0,1,0,0,0
1413,706000,-1002,48,45,23,32,20,0,1,0,0,0,0,0,0,1,0,0,0
1414,706500,-1002,46,45,21,32,20,0,1,0,0,0,0,0,0,1,0,0,0
1415,707000,-984,46,43,21,31,19,0,1,0,0,0,0,0,0,1,0,0,0
1416,707500,-941,48,44,23,32,19,0,1,0,0,0,0,0,0,1,0,0,0
1417,708000,-872,46,43,21,31,19,0,1,0,0,0,0,0,0,1,0,0,0
1418,708500,-786,48,43,21,30,19,0,1,0,0,0,0,0,0,1,0,0,0
1419,709000,-677,46,45,20,32,20,0,1,0,0,0,0,0,0,1,0,0,0
1420,709500,-552,48,43,21,32,20,0,1,0,0,0,0,0,0,1,0,0,0
1421,710000,-414,46,43,18,31,19,0,1,0,0,0,0,0,0,1,0,0,0
1422,710500,-267,48,44,19,32,20,0,1,0,0,0,0,0,0,1,0,0,0
1423,711000,-88,48,45,18,32,20,0,1,0,0,0,0,0,0,1,0,0,0
1424,711500,68,46,44,17,32,19,0,1,0,0,0,0,0,0,1,0,0,0
1425,712000,223,48,45,15,32,20,0,1,0,0,0,0,0,0,1,0,0,0
1426,712500,352,46,43,15,31,19,0,1,0,0,0,0,0,0,1,0,0,0
1427,713000,493,48,45,15,32,20,0,1,0,0,0,0,0,0,1,0,0,0
1428,713500,621,48,45,14,32,20,0,1,0,0,0,0,0,0,1,0,0,0
1429,714000,732,46,43,12,32,20,0,1,0,0,0,0,0,0,1,0,0,0
1430,714500,827,46,43,11,31,19,0,1,0,0,0,0,0,0,1,0,0,0
1431,715000,899,46,43,10,30,18,0,1,0,0,0,0,0,0,1,0,0,0
1432,715500,952,46,44,10,30,19,0,1,0,0,0,0,0,0,1,0,0,0
1433,716000,965,46,43,13,30,19,0,1,0,0,0,0,0,0,1,0,0,0
1434,716500,969,48,45,14,32,20,0,1,0,0,0,0,0,0,1,0,0,0
1435,717000,947,46,43,13,31,19,0,1,0,0,0,0,0,0,1,0,0,0
1436,717500,920,48,45,11,32,20,0,1,0,0,0,0,0,0,1,0,0,0
1437,718000,853,46,43,11,31,19,0,1,0,0,0,0,0,0,1,0,0,0
1438,718500,765,48,44,12,32,20,0,1,0,0,0,0,0,0,1,0,0,0
1439,719000,659,46,43,12,31,19,0,1,0,0,0,0,0,0,1,0,0,0
1440,719500,535,46,43,13,30,18,0,1,0,0,0,0,0,0,1,0,0,0
1441,720000,398,46,43,15,30,18,0,1,0,0,0,0,0,0,1,0,0,0
1442,720500,250,46,43,15,30,19,0,1,0,0,0,0,0,0,1,0,0,0
1443,721000,119,47,44,16,32,20,0,1,0,0,0,0,0,0,1,0,0,0
1444,721500,-35,46,43,17,31,19,0,1,0,0,0,0,0,0,1,0,0,0
1445,722000,-194,48,44,20,30,19,0,1,0,0,0,0,0,0,1,0,0,0
1446,722500,-366,46,43,18,30,19,0,1,0,0,0,0,0,0,1,0,0,0
1447,723000,-509,46,43,20,30,19,0,1,0,0,0,0,0,0,1,0,0,0
1448,723500,-639,46,43,21,30,19,0,1,0,0,0,0,0,0,1,0,0,0
1449,724000,-751,47,43,21,30,19,0,1,0,0,0,0,0,0,1,0,0,0
1450,724500,-846,48,43,23,32,20,0,1,0,0,0,0,0,0,1,0,0,0
1451,725000,-919,49,43,21,31,19,0,1,0,0,0,0,0,0,1,0,0,0
1452,725500,-969,46,42,21,30,19,0,1,0,0,0,0,0,0,1,0,0,0
1453,726000,-1002,48,43,24,32,19,0,1,0,0,0,0,0,0,1,0,0,0
1454,726500,-1002,46,43,21,31,19,0,1,0,0,0,0,0,0,1,0,0,0
1455,727000,-984,48,44,23,32,20,0,1,0,0,0,0,0,0,1,0,0,0
1456,727500,-936,46,43,21,31,19,0,1,0,0,0,0,0,0,1,0,0,0
1457,728000,-867,46,43,21,30,19,0,1,0,0,0,0,0,0,1,0,0,0
1458,728500,-781,46,43,21,30,19,0,1,0,0,0,0,0,0,1,0,0,0
1459,729000,-673,48,44,21,32,20,0,1,0,0,0,0,0,0,1,0,0,0
1460,729500,-546,48,43,20,31,19,0,1,0,0,0,0,0,0,1,0,0,0
1461,730000,-406,46,43,18,30,18,0,1,0,0,0,0,0,0,1,0,0,0
1462,730500,-259,47,43,18,30,19,0,1,0,0,0,0,0,0,1,0,0,0
1463,731000,-82,48,43,18,32,19,0,1,0,0,0,0,0,0,1,0,0,0
1464,731500,74,46,43,16,31,19,0,1,0,0,0,0,0,0,1,0,0,0
1465,732000,227,46,43,14,30,19,0,1,0,0,0,0,0,0,1,0,0,0
1466,732500,355,47,44,15,32,19,0,1,0,0,0,0,0,0,1,0,0,0
1467,733000,497,46,43,13,31,19,0,1,0,0,0,0,0,0,1,0,0,0
1468,733500,624,47,44,13,32,19,0,1,0,0,0,0,0,0,1,0,0,0
1469,734000,736,46,43,12,32,19,0,1,0,0,0,0,0,0,1,0,0,0
1470,734500,828,46,43,11,31,19,0,1,0,0,0,0,0,0,1,0,0,0
1471,735000,900,46,43,10,30,19,0,1,0,0,0,0,0,0,1,0,0,0
1472,735500,952,46,43,9,30,18,0,1,0,0,0,0,0,0,1,0,0,0
1473,736000,969,47,45,14,32,20,0,1,0,0,0,0,0,0,1,0,0,0
1474,736500,969,48,45,14,32,20,0,1,0,0,0,0,0,0,1,0,0,0
1475,737000,947,46,44,14,32,20,0,1,0,0,0,0,0,0,1,0,0,0
1476,737500,917,46,43,11,31,19,0,1,0,0,0,0,0,0,1,0,0,0
1477,738000,850,46,43,11,30,19,0,1,0,0,0,0,0,0,1,0,0,0
1478,738500,762,47,45,13,32,20,0,1,0,0,0,0,0,0,1,0,0,0
1479,739000,655,46,43,13,31,20,0,1,0,0,0,0,0,0,1,0,0,0
1480,739500,532,48,45,14,32,20,0,1,0,0,0,0,0,0,1,0,0,0
1481,740000,391,46,43,14,31,19,0,1,0,0,0,0,0,0,1,0,0,0
1482,740500,244,46,43,15,30,19,0,1,0,0,0,0,0,0,1,0,0,0
1483,741000,115,48,44,17,32,20,0,1,0,0,0,0,0,0,1,0,0,0
1484,741500,-41,46,45,17,32,20,0,1,0,0,0,0,0,0,1,0,0,0
1485,742000,-197,48,44,20,32,20,0,1,0,0,0,0,0,0,1,0,0,0
1486,742500,-370,48,44,20,31,20,0,1,0,0,0,0,0,0,1,0,0,0
1487,743000,-509,46,43,19,30,19,0,1,0,0,0,0,0,0,1,0,0,0
1488,743500,-639,47,43,21,30,19,0,1,0,0,0,0,0,0,1,0,0,0
1489,744000,-751,46,43,21,30,19,0,1,0,0,0,0,0,0,1,0,0,0
1490,744500,-850,46,45,21,32,20,0,1,0,0,0,0,0,0,1,0,0,0
1491,745000,-924,46,43,21,31,19,0,1,0,0,0,0,0,0,1,0,0,0
1492,745500,-970,48,44,23,32,19,0,1,0,0,0,0,0,0,1,0,0,0
1493,746000,-1002,46,43,21,31,19,0,1,0,0,0,0,0,0,1,0,0,0
1494,746500,-1002,46,43,23,30,19,0,1,0,0,0,0,0,0,1,0,0,0
