1,0,18,46,43,17,30,19,0,1,0,0,1,0,0,0,0,0,0,0
2,500,18,46,43,16,30,19,0,1,0,0,1,0,0,0,0,0,0,0
3,1000,20,46,43,17,30,19,0,1,0,0,1,0,0,0,0,0,0,0
4,1500,18,46,43,17,30,19,0,1,0,0,1,0,0,0,0,0,0,0
5,2000,18,46,43,17,30,19,0,1,0,0,1,0,0,0,0,0,0,0
6,2500,18,47,44,18,32,20,0,1,0,0,1,0,0,0,0,0,0,0
7,3000,19,46,43,17,31,19,0,1,0,0,1,0,0,0,0,0,0,0
8,3500,20,46,43,17,32,19,0,1,0,0,1,0,0,0,0,0,0,0
9,4000,18,47,44,17,32,19,0,1,0,0,1,0,0,0,0,0,0,0
10,4500,18,48,43,18,32,20,0,1,0,0,1,0,0,0,0,0,0,0
11,5000,18,46,43,17,31,19,0,1,0,0,1,0,0,0,0,0,0,0
12,5500,18,48,45,18,32,20,0,1,0,0,1,0,0,0,0,0,0,0
13,6000,20,46,43,17,31,19,0,1,0,0,1,0,0,0,0,0,0,0
14,6500,18,47,44,18,32,20,0,1,0,0,1,0,0,0,0,0,0,0
15,7000,18,46,43,17,31,19,0,1,0,0,1,0,0,0,0,0,0,0
16,7500,18,46,43,16,30,19,0,1,0,0,1,0,0,0,0,0,0,0
17,8000,18,49,45,18,32,20,0,1,0,0,1,0,0,0,0,0,0,0
18,8500,17,48,45,18,32,20,0,1,0,0,1,0,0,0,0,0,0,0
19,9000,18,48,44,18,32,20,0,1,0,0,1,0,0,0,0,0,0,0
20,9500,18,47,44,17,32,20,0,1,0,0,1,0,0,0,0,0,0,0
21,10000,19,46,43,17,31,19,0,1,0,0,1,0,0,0,0,0,0,0
22,10500,18,48,44,18,32,20,0,1,0,0,1,0,0,0,0,0,0,0
23,11000,18,48,45,18,32,20,0,1,0,0,1,0,0,0,0,0,0,0
24,11500,18,46,43,17,31,19,0,1,0,0,1,0,0,0,0,0,0,0
25,12000,19,46,43,17,30,19,0,1,0,0,1,0,0,0,0,0,0,0
26,12500,18,48,44,18,32,20,0,1,0,0,1,0,0,0,0,0,0,0
27,13000,20,46,43,17,32,19,0,1,0,0,1,0,0,0,0,0,0,0
28,13500,18,46,43,17,31,19,0,1,0,0,1,0,0,0,0,0,0,0
29,14000,18,46,43,17,30,19,0,1,0,0,1,0,0,0,0,0,0,0
30,14500,18,46,43,17,30,19,0,1,0,0,1,0,0,0,0,0,0,0
31,15000,20,46,43,17,32,19,0,1,0,0,1,0,0,0,0,0,0,0
32,15500,20,46,43,17,32,20,0,1,0,0,1,0,0,0,0,0,0,0
33,16000,19,46,43,17,31,19,0,1,0,0,1,0,0,0,0,0,0,0
34,16500,18,48,44,18,32,20,0,1,0,0,1,0,0,0,0,0,0,0
35,17000,18,46,43,17,32,19,0,1,0,0,1,0,0,0,0,0,0,0
36,17500,18,47,44,17,32,19,0,1,0,0,1,0,0,0,0,0,0,0
37,18000,18,48,45,18,32,20,0,1,0,0,1,0,0,0,0,0,0,0
38,18500,18,46,43,17,31,19,0,1,0,0,1,0,0,0,0,0,0,0
39,19000,18,46,43,17,30,19,0,1,0,0,1,0,0,0,0,0,0,0
40,19500,18,46,43,17,30,19,0,1,0,0,1,0,0,0,0,0,0,0
41,20000,20,46,43,17,32,19,0,1,0,0,1,0,0,0,0,0,0,0
42,20500,18,46,43,17,31,19,0,1,0,0,1,0,0,0,0,0,0,0
43,21000,19,46,43,17,30,19,0,1,0,0,1,0,0,0,0,0,0,0
44,21500,20,46,43,17,32,20,0,1,0,0,1,0,0,0,0,0,0,0
45,22000,19,46,43,17,31,19,0,1,0,0,1,0,0,0,0,0,0,0
46,22500,18,48,44,18,32,20,0,1,0,0,1,0,0,0,0,0,0,0
47,23000,18,46,43,17,33,19,0,1,0,0,1,0,0,0,0,0,0,0
48,23500,17,48,45,18,33,20,0,1,0,0,1,0,0,0,0,0,0,0
49,24000,20,46,43,17,32,19,0,1,0,0,1,0,0,0,0,0,0,0
50,24500,18,47,44,18,32,20,0,1,0,0,1,0,0,0,0,0,0,0
51,25000,19,46,43,17,31,19,0,1,0,0,1,0,0,0,0,0,0,0
52,25500,18,46,43,16,30,19,0,1,0,0,1,0,0,0,0,0,0,0
53,26000,18,46,43,17,30,19,0,1,0,0,1,0,0,0,0,0,0,0
54,26500,18,46,43,16,30,19,0,1,0,0,1,0,0,0,0,0,0,0
55,27000,18,46,43,17,30,19,0,1,0,0,1,0,0,0,0,0,0,0
56,27500,18,46,43,17,30,19,0,1,0,0,1,0,0,0,0,0,0,0
57,28000,18,46,43,17,30,19,0,1,0,0,1,0,0,0,0,0,0,0
58,28500,18,48,44,18,32,19,0,1,0,0,1,0,0,0,0,0,0,0
59,29000,18,46,43,17,31,19,0,1,0,0,1,0,0,0,0,0,0,0
60,29500,18,47,44,18,32,20,0,1,0,0,1,0,0,0,0,0,0,0
61,30000,18,48,45,18,33,20,0,1,0,0,1,0,0,0,0,0,0,0
62,30500,19,46,44,17,32,19,0,1,0,0,1,0,0,0,0,0,0,0
63,31000,17,47,44,17,32,19,0,1,0,0,1,0,0,0,0,0,0,0
64,31500,18,48,45,18,33,20,0,1,0,0,1,0,0,0,0,0,0,0
65,32000,18,46,43,17,31,19,0,1,0,0,1,0,0,0,0,0,0,0
66,32500,17,47,44,17,32,20,0,1,0,0,1,0,0,0,0,0,0,0
67,33000,18,48,45,18,32,20,0,1,0,0,1,0,0,0,0,0,0,0
68,33500,20,46,43,17,31,20,0,1,0,0,1,0,0,0,0,0,0,0
69,34000,18,47,44,18,32,19,0,1,0,0,1,0,0,0,0,0,0,0
70,34500,18,46,43,17,31,19,0,1,0,0,1,0,0,0,0,0,0,0
71,35000,20,46,43,17,32,19,0,1,0,0,1,0,0,0,0,0,0,0
72,35500,18,46,43,17,31,19,0,1,0,0,1,0,0,0,0,0,0,0
73,36000,18,49,45,18,32,20,0,1,0,0,1,0,0,0,0,0,0,0
74,36500,19,46,43,17,31,19,0,1,0,0,1,0,0,0,0,0,0,0
75,37000,18,48,44,18,32,20,0,1,0,0,1,0,0,0,0,0,0,0
76,37500,18,46,43,17,31,19,0,1,0,0,1,0,0,0,0,0,0,0
77,38000,17,48,45,18,32,20,0,1,0,0,1,0,0,0,0,0,0,0
78,38500,18,49,45,18,33,21,0,1,0,0,1,0,0,0,0,0,0,0
79,39000,19,46,43,17,31,19,0,1,0,0,1,0,0,0,0,0,0,0
80,39500,17,47,44,18,32,19,0,1,0,0,1,0,0,0,0,0,0,0
81,40000,18,46,43,17,31,19,0,1,0,0,1,0,0,0,0,0,0,0
82,40500,18,48,45,18,32,20,0,1,0,0,1,0,0,0,0,0,0,0
83,41000,18,46,43,17,31,19,0,1,0,0,1,0,0,0,0,0,0,0
84,41500,20,46,43,17,32,19,0,1,0,0,1,0,0,0,0,0,0,0
85,42000,18,46,43,17,31,19,0,1,0,0,1,0,0,0,0,0,0,0
86,42500,18,46,43,16,30,19,0,1,0,0,1,0,0,0,0,0,0,0
87,43000,18,46,43,17,30,19,0,1,0,0,1,0,0,0,0,0,0,0
88,43500,18,46,43,17,30,19,0,1,0,0,1,0,0,0,0,0,0,0
89,44000,18,46,43,17,30,19,0,1,0,0,1,0,0,0,0,0,0,0
90,44500,18,48,45,18,32,20,0,1,0,0,1,0,0,0,0,0,0,0
91,45000,18,46,43,17,32,19,0,1,0,0,1,0,0,0,0,0,0,0
92,45500,18,48,44,17,32,20,0,1,0,0,1,0,0,0,0,0,0,0
93,46000,17,48,45,18,32,20,0,1,0,0,1,0,0,0,0,0,0,0
94,46500,18,48,45,18,32,20,0,1,0,0,1,0,0,0,0,0,0,0
95,47000,19,46,44,17,32,19,0,1,0,0,1,0,0,0,0,0,0,0
96,47500,19,46,43,16,32,19,0,1,0,0,1,0,0,0,0,0,0,0
97,48000,19,46,43,17,31,19,0,1,0,0,1,0,0,0,0,0,0,0
98,48500,20,47,43,17,30,19,0,1,0,0,1,0,0,0,0,0,0,0
99,49000,18,48,44,17,32,20,0,1,0,0,1,0,0,0,0,0,0,0
100,49500,19,47,43,18,31,19,0,1,0,0,1,0,0,0,0,0,0,0
101,50000,18,47,43,18,32,20,0,1,0,0,1,0,0,0,0,0,0,0
102,50500,18,47,44,17,32,20,0,1,0,0,1,0,0,0,0,0,0,0
103,51000,18,47,45,18,32,20,0,1,0,0,1,0,0,0,0,0,0,0
104,51500,18,48,45,17,32,20,0,1,0,0,1,0,0,0,0,0,0,0
105,52000,20,46,43,17,32,19,0,1,0,0,1,0,0,0,0,0,0,0
106,52500,18,48,44,17,32,20,0,1,0,0,1,0,0,0,0,0,0,0
107,53000,18,49,45,18,32,20,0,1,0,0,1,0,0,0,0,0,0,0
108,53500,18,48,44,18,32,20,0,1,0,0,1,0,0,0,0,0,0,0
109,54000,18,48,45,18,32,20,0,1,0,0,1,0,0,0,0,0,0,0
110,54500,20,46,43,17,32,20,0,1,0,0,1,0,0,0,0,0,0,0
111,55000,18,48,45,18,32,20,0,1,0,0,1,0,0,0,0,0,0,0
112,55500,17,47,45,17,32,20,0,1,0,0,1,0,0,0,0,0,0,0
113,56000,18,46,43,17,31,19,0,1,0,0,1,0,0,0,0,0,0,0
114,56500,18,47,44,18,32,19,0,1,0,0,1,0,0,0,0,0,0,0
115,57000,18,47,45,17,32,19,0,1,0,0,1,0,0,0,0,0,0,0
116,57500,19,46,43,17,31,19,0,1,0,0,1,0,0,0,0,0,0,0
117,58000,18,47,44,18,30,20,0,1,0,0,1,0,0,0,0,0,0,0
118,58500,18,46,43,17,30,19,0,1,0,0,1,0,0,0,0,0,0,0
119,59000,18,46,43,17,30,19,0,1,0,0,1,0,0,0,0,0,0,0
120,59500,20,46,43,18,30,19,0,1,0,0,1,0,0,0,0,0,0,0
121,60000,18,48,44,17,32,19,0,1,0,0,1,0,0,0,0,0,0,0
122,60500,19,47,45,18,32,20,0,1,0,0,1,0,0,0,0,0,0,0
123,61000,139,48,46,17,32,20,0,1,0,0,1,0,0,0,0,0,0,0
124,61500,509,46,43,14,31,19,0,1,0,0,1,0,0,0,0,0,0,0
125,62000,986,46,43,10,30,19,0,1,0,0,1,0,0,0,0,0,0,0
126,62500,1410,46,43,11,30,19,0,1,0,0,1,0,0,0,0,0,0,0
127,63000,1785,46,43,11,30,19,0,1,0,0,1,0,0,0,0,0,0,0
128,63500,2107,47,44,9,32,19,0,1,0,0,1,0,0,0,0,0,0,0
129,64000,2387,46,43,8,32,20,0,1,0,0,1,0,0,0,0,0,0,0
130,64500,2619,46,43,7,31,19,0,1,0,0,1,0,0,0,0,0,0,0
131,65000,2771,46,43,6,30,19,0,1,0,0,1,0,0,0,0,0,1,0
132,65500,2850,46,43,5,30,19,0,1,0,0,1,0,0,0,0,0,1,0
133,66000,2859,48,43,7,30,19,0,1,0,0,1,0,0,0,0,0,1,0
134,66500,2789,46,43,7,30,19,0,1,0,0,1,0,0,0,0,0,1,0
135,67000,2650,48,45,8,32,20,0,1,0,0,1,0,0,0,0,0,1,0
136,67500,2449,46,43,9,31,19,0,1,0,0,1,0,0,0,0,0,1,0
137,68000,2178,46,43,9,30,19,0,1,0,0,1,0,0,0,0,0,1,0
138,68500,1829,47,44,12,32,20,0,1,0,0,1,0,0,0,0,0,1,0
139,69000,1467,46,43,12,31,19,0,1,0,0,1,0,0,0,0,0,1,0
140,69500,1052,46,43,14,30,19,0,1,0,0,1,0,0,0,0,0,1,0
141,70000,615,48,45,15,32,20,0,1,0,0,1,0,0,0,0,0,1,0
142,70500,157,46,43,17,32,19,0,1,0,0,1,0,0,0,0,0,1,0
143,71000,-286,46,45,20,32,20,0,1,0,0,1,0,0,0,0,0,1,0
144,71500,-777,47,43,21,31,19,0,1,0,0,1,0,0,0,0,0,1,0
145,72000,-1245,46,43,21,30,19,0,1,0,0,1,0,0,0,0,0,1,0
146,72500,-1664,46,45,23,32,20,0,1,0,0,1,0,0,0,0,0,1,0
147,73000,-2049,48,43,24,31,19,0,1,0,0,1,0,0,0,0,0,1,0
148,73500,-2377,47,43,27,30,19,0,1,0,0,1,0,0,0,0,0,1,0
149,74000,-2652,47,43,29,30,19,0,1,0,0,1,0,0,0,0,0,1,0
150,74500,-2887,46,45,29,32,20,0,1,0,0,1,0,0,0,0,0,1,0
151,75000,-3027,48,43,30,32,19,0,1,0,0,1,0,0,0,0,0,1,0
152,75500,-3092,49,43,32,32,19,0,1,0,0,1,0,0,0,0,0,1,0
153,76000,-3092,46,45,30,33,20,0,1,0,0,1,0,0,0,0,0,1,0
154,76500,-3063,47,43,30,31,19,0,1,0,0,1,0,0,0,0,0,1,0
155,77000,-2887,46,45,29,32,20,0,1,0,0,1,0,0,0,0,0,1,0
156,77500,-2670,48,43,27,32,19,0,1,0,0,1,0,0,0,0,0,1,0
157,78000,-2398,46,43,26,31,19,0,1,0,0,1,0,0,0,0,0,1,0
158,78500,-2084,48,43,24,30,19,0,1,0,0,1,0,0,0,0,0,1,0
159,79000,-1678,49,44,23,32,20,0,1,0,0,1,0,0,0,0,0,1,0
160,79500,-1249,46,43,20,32,19,0,1,0,0,1,0,0,0,0,0,1,0
161,80000,-794,46,43,20,31,19,0,1,0,0,1,0,0,0,0,0,1,0
162,80500,-327,46,43,18,30,19,0,1,0,0,1,0,0,0,0,0,1,0
163,81000,166,48,44,15,32,19,0,1,0,0,1,0,0,0,0,0,1,0
164,81500,613,49,45,13,32,20,0,1,0,0,1,0,0,0,0,0,1,0
165,82000,1048,48,45,13,32,20,0,1,0,0,1,0,0,0,0,0,1,0
166,82500,1467,48,46,12,32,20,0,1,0,0,1,0,0,0,0,0,1,0
167,83000,1847,46,43,9,31,19,0,1,0,0,1,0,0,0,0,0,1,0
168,83500,2178,48,45,9,32,20,0,1,0,0,1,0,0,0,0,0,1,0
169,84000,2457,46,43,7,31,19,0,1,0,0,1,0,0,0,0,0,1,0
170,84500,2668,47,45,8,32,20,0,1,0,0,1,0,0,0,0,0,1,0
171,85000,2807,48,45,7,32,20,0,1,0,0,1,0,0,0,0,0,1,0
172,85500,2891,46,43,6,31,19,0,1,0,0,1,0,0,0,0,0,0,0
173,86000,2895,46,43,5,30,19,0,1,0,0,1,0,0,0,0,0,0,0
174,86500,2807,46,43,7,30,19,0,1,0,0,1,0,0,0,1,0,0,0
175,87000,2668,46,45,8,32,20,0,1,0,0,1,0,0,0,1,0,0,0
176,87500,2467,46,44,8,31,19,0,1,0,0,1,0,0,0,1,0,0,0
177,88000,2191,46,45,9,32,20,0,1,0,0,1,0,0,0,1,0,0,0
178,88500,1855,46,43,11,31,19,0,1,0,0,1,0,0,0,1,0,0,0
179,89000,1471,46,43,12,30,19,0,1,0,0,1,0,0,0,1,0,0,0
180,89500,1057,48,45,15,32,20,0,1,0,0,1,0,0,0,1,0,0,0
181,90000,621,48,45,14,32,20,0,1,0,0,1,0,0,0,1,0,0,0
182,90500,157,48,45,18,32,20,0,1,0,0,1,0,0,0,1,0,0,0
183,91000,-284,48,45,21,32,19,0,1,0,0,1,0,0,0,1,0,0,0
184,91500,-777,48,43,23,32,19,0,1,0,0,1,0,0,0,1,0,0,0
185,92000,-1245,47,43,21,31,19,0,1,0,0,1,0,0,0,1,0,0,0
186,92500,-1664,46,43,23,30,18,0,1,0,0,1,0,0,0,1,0,0,0
187,93000,-2035,48,44,26,32,19,0,1,0,0,1,0,0,0,1,0,0,0
188,93500,-2367,46,43,26,31,19,0,1,0,0,1,0,0,0,1,0,0,0
189,94000,-2643,46,45,28,32,20,0,1,0,0,1,0,0,0,1,0,0,0
190,94500,-2857,48,43,30,31,19,0,1,0,0,1,0,0,0,1,0,0,0
191,95000,-3006,49,44,32,32,20,0,1,0,0,1,0,0,0,1,0,0,0
192,95500,-3074,49,44,32,32,19,0,1,0,0,1,0,0,0,1,0,0,0
193,96000,-3080,46,43,30,31,19,0,1,0,0,1,0,0,0,1,0,0,0
194,96500,-3027,46,45,30,32,20,0,1,0,0,1,0,0,0,1,0,0,0
195,97000,-2887,46,43,27,31,19,0,1,0,0,1,0,0,0,1,0,0,0
196,97500,-2643,48,43,27,30,19,0,1,0,0,1,0,0,0,1,0,0,0
197,98000,-2367,47,43,26,30,19,0,1,0,0,1,0,0,0,1,0,0,0
198,98500,-2031,48,44,24,32,19,0,1,0,0,1,0,0,0,1,0,0,0
199,99000,-1664,46,43,21,31,19,0,1,0,0,1,0,0,0,1,0,0,0
200,99500,-1245,46,43,20,30,19,0,1,0,0,1,0,0,0,1,0,0,0
201,100000,-760,47,43,20,30,19,0,1,0,0,1,0,0,0,1,0,0,0
202,100500,-297,46,43,18,30,19,0,1,0,0,1,0,0,0,1,0,0,0
203,101000,196,46,43,14,30,18,0,1,0,0,1,0,0,0,1,0,0,0
204,101500,640,46,43,12,30,18,0,1,0,0,1,0,0,0,1,0,0,0
205,102000,1061,46,44,13,32,19,0,1,0,0,1,0,0,0,1,0,0,0
206,102500,1479,46,43,12,32,20,0,1,0,0,1,0,0,0,1,0,0,0
207,103000,1864,46,43,9,31,20,0,1,0,0,1,0,0,0,1,0,0,0
208,103500,2199,47,45,9,32,20,0,1,0,0,1,0,0,0,1,0,0,0
209,104000,2457,48,45,8,33,21,0,1,0,0,1,0,0,0,1,0,0,0
210,104500,2689,46,45,7,32,20,0,1,0,0,1,0,0,0,1,0,0,0
211,105000,2838,48,45,7,33,20,0,1,0,0,1,0,0,0,1,0,0,0
212,105500,2906,46,43,5,31,19,0,1,0,0,1,0,0,0,1,0,0,0
213,106000,2906,46,43,5,30,19,0,1,0,0,1,0,0,0,1,0,0,0
214,106500,2832,46,43,7,30,19,0,1,0,0,1,0,0,0,1,0,0,0
215,107000,2684,46,43,8,30,19,0,1,0,0,1,0,0,0,1,0,0,0
216,107500,2457,46,44,8,32,20,0,1,0,0,1,0,0,0,1,0,0,0
217,108000,2195,46,43,9,31,19,0,1,0,0,1,0,0,0,1,0,0,0
218,108500,1859,46,43,11,30,19,0,1,0,0,1,0,0,0,1,0,0,0
219,109000,1476,46,43,12,30,19,0,1,0,0,1,0,0,0,1,0,0,0
220,109500,1057,46,43,13,30,19,0,1,0,0,1,0,0,0,1,0,0,0
221,110000,621,46,43,13,30,18,0,1,0,0,1,0,0,0,1,0,0,0
222,110500,157,46,43,16,30,18,0,1,0,0,1,0,0,0,1,0,0,0
223,111000,-286,47,43,21,32,19,0,1,0,0,1,0,0,0,1,0,0,0
224,111500,-777,48,43,22,31,19,0,1,0,0,1,0,0,0,1,0,0,0
225,112000,-1245,49,44,23,32,20,0,1,0,0,1,0,0,0,1,0,0,0
226,112500,-1664,46,43,23,31,19,0,1,0,0,1,0,0,0,1,0,0,0
227,113000,-2049,46,45,24,32,20,0,1,0,0,1,0,0,0,1,0,0,0
228,113500,-2367,48,44,27,32,19,0,1,0,0,1,0,0,0,1,0,0,0
229,114000,-2643,49,44,29,32,20,0,1,0,0,1,0,0,0,1,0,0,0
230,114500,-2852,48,43,30,31,19,0,1,0,0,1,0,0,0,1,0,0,0
231,115000,-2996,48,43,30,32,19,0,1,0,0,1,0,0,0,1,0,0,0
232,115500,-3066,46,45,30,33,20,0,1,0,0,1,0,0,0,1,0,0,0
233,116000,-3066,47,43,30,31,19,0,1,0,0,1,0,0,0,1,0,0,0
234,116500,-3027,46,45,30,32,20,0,1,0,0,1,0,0,0,1,0,0,0
235,117000,-2852,46,43,29,31,19,0,1,0,0,1,0,0,0,1,0,0,0
236,117500,-2643,46,45,27,32,20,0,1,0,0,1,0,0,0,1,0,0,0
237,118000,-2363,47,43,26,31,19,0,1,0,0,1,0,0,0,1,0,0,0
238,118500,-2014,48,43,24,30,19,0,1,0,0,1,0,0,0,1,0,0,0
239,119000,-1629,46,43,21,30,19,0,1,0,0,1,0,0,0,1,0,0,0
240,119500,-1206,48,43,21,32,19,0,1,0,0,1,0,0,0,1,0,0,0
241,120000,-738,46,43,20,31,19,0,1,0,0,1,0,0,0,1,0,0,0
242,120500,-271,46,43,17,30,19,0,1,0,0,1,0,0,0,1,0,0,0
243,121000,219,48,45,14,32,20,0,1,0,0,1,0,0,0,1,0,0,0
244,121500,666,48,45,12,33,20,0,1,0,0,1,0,0,0,1,0,0,0
245,122000,1096,48,45,13,32,20,0,1,0,0,1,0,0,0,1,0,0,0
246,122500,1515,46,43,11,31,19,0,1,0,0,1,0,0,0,1,0,0,0
247,123000,1891,46,43,9,32,19,0,1,0,0,1,0,0,0,1,0,0,0
248,123500,2221,48,45,8,33,20,0,1,0,0,1,0,0,0,1,0,0,0
249,124000,2492,48,45,8,32,21,0,1,0,0,1,0,0,0,1,0,0,0
250,124500,2701,46,44,7,32,20,0,1,0,0,1,0,0,0,1,0,0,0
251,125000,2846,46,44,6,32,20,0,1,0,0,1,0,0,0,1,0,0,0
252,125500,2916,46,45,5,32,20,0,1,0,0,1,0,0,0,1,0,0,0
253,126000,2916,46,45,5,32,20,0,1,0,0,1,0,0,0,1,0,0,0
254,126500,2838,48,45,7,32,20,0,1,0,0,1,0,0,0,1,0,0,0
255,127000,2693,48,45,8,32,20,0,1,0,0,1,0,0,0,1,0,0,0
256,127500,2457,48,45,9,33,20,0,1,0,0,1,0,0,0,1,0,0,0
257,128000,2178,48,45,11,33,20,0,1,0,0,1,0,0,0,1,0,0,0
258,128500,1859,46,43,11,31,20,0,1,0,0,1,0,0,0,1,0,0,0
259,129000,1471,48,46,13,32,20,0,1,0,0,1,0,0,0,1,0,0,0
260,129500,1052,46,43,14,31,20,0,1,0,0,1,0,0,0,1,0,0,0
261,130000,615,46,44,14,32,20,0,1,0,0,1,0,0,0,1,0,0,0
262,130500,154,46,43,17,31,19,0,1,0,0,1,0,0,0,1,0,0,0
263,131000,-291,46,45,20,32,20,0,1,0,0,1,0,0,0,1,0,0,0
264,131500,-786,48,44,23,31,20,0,1,0,0,1,0,0,0,1,0,0,0
265,132000,-1245,46,45,21,32,20,0,1,0,0,1,0,0,0,1,0,0,0
266,132500,-1664,48,44,24,32,20,0,1,0,0,1,0,0,0,1,0,0,0
267,133000,-2049,46,45,24,33,20,0,1,0,0,1,0,0,0,1,0,0,0
268,133500,-2367,48,43,27,32,19,0,1,0,0,1,0,0,0,1,0,0,0
269,134000,-2643,49,44,30,32,19,0,1,0,0,1,0,0,0,1,0,0,0
270,134500,-2852,48,43,30,31,19,0,1,0,0,1,0,0,0,1,0,0,0
271,135000,-2992,49,44,30,32,19,0,1,0,0,1,0,0,0,1,0,0,0
272,135500,-3063,46,43,30,31,19,0,1,0,0,1,0,0,0,1,0,0,0
273,136000,-3063,48,43,30,32,19,0,1,0,0,1,0,0,0,1,0,0,0
274,136500,-2992,46,43,30,31,19,0,1,0,0,1,0,0,0,1,0,0,0
275,137000,-2852,49,44,30,32,19,0,1,0,0,1,0,0,0,1,0,0,0
276,137500,-2643,46,45,27,32,20,0,1,0,0,1,0,0,0,1,0,0,0
277,138000,-2363,49,45,26,33,20,0,1,0,0,1,0,0,0,1,0,0,0
278,138500,-2014,48,43,23,31,19,0,1,0,0,1,0,0,0,1,0,0,0
279,139000,-1607,49,44,23,32,20,0,1,0,0,1,0,0,0,1,0,0,0
280,139500,-1184,49,44,21,31,20,0,1,0,0,1,0,0,0,1,0,0,0
281,140000,-716,46,43,20,30,19,0,1,0,0,1,0,0,0,1,0,0,0
282,140500,-249,46,43,17,30,19,0,1,0,0,1,0,0,0,1,0,0,0
283,141000,242,46,43,13,32,19,0,1,0,0,1,0,0,0,1,0,0,0
284,141500,685,48,44,12,32,20,0,1,0,0,1,0,0,0,1,0,0,0
285,142000,1117,46,45,12,32,20,0,1,0,0,1,0,0,0,1,0,0,0
286,142500,1532,46,43,11,32,19,0,1,0,0,1,0,0,0,1,0,0,0
287,143000,1899,46,43,9,32,20,0,1,0,0,1,0,0,0,1,0,0,0
288,143500,2238,46,43,9,31,19,0,1,0,0,1,0,0,0,1,0,0,0
289,144000,2510,47,45,8,32,20,0,1,0,0,1,0,0,0,1,0,0,0
290,144500,2719,46,43,6,31,19,0,1,0,0,1,0,0,0,1,0,0,0
291,145000,2859,46,44,5,30,19,0,1,0,0,1,0,0,0,1,0,0,0
292,145500,2924,46,43,5,30,19,0,1,0,0,1,0,0,0,1,0,0,0
293,146000,2912,48,45,7,32,20,0,1,0,0,1,0,0,0,1,0,0,0
294,146500,2842,46,43,7,31,20,0,1,0,0,1,0,0,0,1,0,0,0
295,147000,2693,46,43,8,30,19,0,1,0,0,1,0,0,0,1,0,0,0
296,147500,2457,46,43,8,30,19,0,1,0,0,1,0,0,0,1,0,0,0
297,148000,2178,48,45,10,32,20,0,1,0,0,1,0,0,0,1,0,0,0
298,148500,1855,46,43,11,32,20,0,1,0,0,1,0,0,0,1,0,0,0
299,149000,1471,46,43,12,31,19,0,1,0,0,1,0,0,0,1,0,0,0
300,149500,1048,46,43,14,30,19,0,1,0,0,1,0,0,0,1,0,0,0
301,150000,610,47,45,14,32,19,0,1,0,0,1,0,0,0,1,0,0,0
302,150500,147,46,43,16,31,19,0,1,0,0,1,0,0,0,1,0,0,0
303,151000,-297,47,43,21,32,19,0,1,0,0,1,0,0,0,1,0,0,0
304,151500,-787,47,43,22,31,19,0,1,0,0,1,0,0,0,1,0,0,0
305,152000,-1249,49,44,23,32,19,0,1,0,0,1,0,0,0,1,0,0,0
306,152500,-1669,48,43,24,32,19,0,1,0,0,1,0,0,0,1,0,0,0
307,153000,-2049,47,43,24,31,19,0,1,0,0,1,0,0,0,1,0,0,0
308,153500,-2367,46,45,26,32,20,0,1,0,0,1,0,0,0,1,0,0,0
309,154000,-2643,49,43,30,32,20,0,1,0,0,1,0,0,0,1,0,0,0
310,154500,-2852,48,43,30,32,19,0,1,0,0,1,0,0,0,1,0,0,0
311,155000,-2992,46,45,30,32,20,0,1,0,0,1,0,0,0,1,0,0,0
312,155500,-3063,47,43,30,31,19,0,1,0,0,1,0,0,0,1,0,0,0
313,156000,-3063,49,45,32,32,19,0,1,0,0,1,0,0,0,1,0,0,0
314,156500,-2992,49,45,30,32,19,0,1,0,0,1,0,0,0,1,0,0,0
315,157000,-2813,47,43,29,31,19,0,1,0,0,1,0,0,0,1,0,0,0
316,157500,-2607,47,43,27,30,18,0,1,0,0,1,0,0,0,1,0,0,0
317,158000,-2328,46,45,24,32,20,0,1,0,0,1,0,0,0,1,0,0,0
318,158500,-1975,48,43,24,32,19,0,1,0,0,1,0,0,0,1,0,0,0
319,159000,-1595,46,45,21,33,20,0,1,0,0,1,0,0,0,1,0,0,0
320,159500,-1175,49,45,21,32,20,0,1,0,0,1,0,0,0,1,0,0,0
321,160000,-692,49,44,21,32,20,0,1,0,0,1,0,0,0,1,0,0,0
322,160500,-226,46,43,17,31,19,0,1,0,0,1,0,0,0,1,0,0,0
323,161000,262,48,44,12,32,20,0,1,0,0,1,0,0,0,1,0,0,0
324,161500,707,46,44,12,32,20,0,1,0,0,1,0,0,0,1,0,0,0
325,162000,1131,46,43,12,32,19,0,1,0,0,1,0,0,0,1,0,0,0
326,162500,1550,47,44,11,32,20,0,1,0,0,1,0,0,0,1,0,0,0
327,163000,1930,46,43,9,31,19,0,1,0,0,1,0,0,0,1,0,0,0
328,163500,2248,46,44,9,32,20,0,1,0,0,1,0,0,0,1,0,0,0
329,164000,2527,46,43,7,31,19,0,1,0,0,1,0,0,0,1,0,0,0
330,164500,2732,46,43,6,30,19,0,1,0,0,1,0,0,0,1,0,0,0
331,165000,2867,46,43,5,30,20,0,1,0,0,1,0,0,0,1,0,0,0
332,165500,2938,46,43,5,32,19,0,1,0,0,1,0,0,0,1,0,0,0
333,166000,2930,46,43,5,31,19,0,1,0,0,1,0,0,0,1,0,0,0
334,166500,2846,46,44,7,32,20,0,1,0,0,1,0,0,0,1,0,0,0
335,167000,2693,46,43,7,31,19,0,1,0,0,1,0,0,0,1,0,0,0
336,167500,2475,46,43,8,30,19,0,1,0,0,1,0,0,0,1,0,0,0
337,168000,2178,46,45,10,32,20,0,1,0,0,1,0,0,0,1,0,0,0
338,168500,1851,46,43,11,31,19,0,1,0,0,1,0,0,0,1,0,0,0
339,169000,1467,47,44,12,32,19,0,1,0,0,1,0,0,0,1,0,0,0
340,169500,1039,48,45,15,32,20,0,1,0,0,1,0,0,0,1,0,0,0
341,170000,603,48,44,15,32,20,0,1,0,0,1,0,0,0,1,0,0,0
342,170500,139,46,43,16,31,19,0,1,0,0,1,0,0,0,1,0,0,0
343,171000,-306,48,44,22,32,20,0,1,0,0,1,0,0,0,1,0,0,0
344,171500,-796,47,43,22,31,19,0,1,0,0,1,0,0,0,1,0,0,0
345,172000,-1258,46,43,22,30,19,0,1,0,0,1,0,0,0,1,0,0,0
346,172500,-1673,48,44,24,32,19,0,1,0,0,1,0,0,0,1,0,0,0
347,173000,-2084,49,44,25,32,19,0,1,0,0,1,0,0,0,1,0,0,0
348,173500,-2367,46,43,26,31,19,0,1,0,0,1,0,0,0,1,0,0,0
349,174000,-2643,48,43,29,32,19,0,1,0,0,1,0,0,0,1,0,0,0
350,174500,-2852,46,44,29,32,20,0,1,0,0,1,0,0,0,1,0,0,0
351,175000,-2992,48,43,30,31,19,0,1,0,0,1,0,0,0,1,0,0,0
352,175500,-3063,48,43,30,30,18,0,1,0,0,1,0,0,0,1,0,0,0
353,176000,-3063,46,43,30,30,19,0,1,0,0,1,0,0,0,1,0,0,0
354,176500,-2953,48,43,30,30,19,0,1,0,0,1,0,0,0,1,0,0,0
355,177000,-2805,46,45,27,32,20,0,1,0,0,1,0,0,0,1,0,0,0
356,177500,-2582,47,43,27,31,19,0,1,0,0,1,0,0,0,1,0,0,0
357,178000,-2297,46,43,24,30,19,0,1,0,0,1,0,0,0,1,0,0,0
358,178500,-1957,46,43,21,30,19,0,1,0,0,1,0,0,0,1,0,0,0
359,179000,-1595,47,43,21,30,19,0,1,0,0,1,0,0,0,1,0,0,0
360,179500,-1175,46,45,19,32,20,0,1,0,0,1,0,0,0,1,0,0,0
361,180000,-677,47,43,20,31,19,0,1,0,0,1,0,0,0,1,0,0,0
362,180500,-206,46,43,18,30,19,0,1,0,0,1,0,0,0,1,0,0,0
363,181000,281,47,44,12,30,19,0,1,0,0,1,0,0,0,1,0,0,0
364,181500,726,46,43,12,30,19,0,1,0,0,1,0,0,0,1,0,0,0
365,182000,1156,46,43,12,30,19,0,1,0,0,1,0,0,0,1,0,0,0
366,182500,1550,46,45,11,32,19,0,1,0,0,1,0,0,0,1,0,0,0
367,183000,1947,46,45,10,32,20,0,1,0,0,1,0,0,0,1,0,0,0
368,183500,2248,46,45,9,32,20,0,1,0,0,1,0,0,0,1,0,0,0
369,184000,2527,47,45,8,32,20,0,1,0,0,1,0,0,0,1,0,0,0
370,184500,2736,45,43,6,31,19,0,1,0,0,1,0,0,0,1,0,0,0
371,185000,2877,46,44,5,30,19,0,1,0,0,1,0,0,0,1,0,0,0
372,185500,2941,46,45,5,32,20,0,1,0,0,1,0,0,0,1,0,0,0
373,186000,2934,46,43,5,31,19,0,1,0,0,1,0,0,0,1,0,0,0
374,186500,2850,46,43,5,30,19,0,1,0,0,1,0,0,0,1,0,0,0
375,187000,2697,46,43,7,30,19,0,1,0,0,1,0,0,0,1,0,0,0
376,187500,2457,48,45,8,32,20,0,1,0,0,1,0,0,0,1,0,0,0
377,188000,2178,46,43,9,31,19,0,1,0,0,1,0,0,0,1,0,0,0
378,188500,1829,48,45,12,32,20,0,1,0,0,1,0,0,0,1,0,0,0
379,189000,1458,46,44,12,32,20,0,1,0,0,1,0,0,0,1,0,0,0
380,189500,1030,48,45,15,33,20,0,1,0,0,1,0,0,0,1,0,0,0
381,190000,594,48,45,15,33,20,0,1,0,0,1,0,0,0,1,0,0,0
382,190500,157,46,43,15,31,19,0,1,0,0,1,0,0,0,1,0,0,0
383,191000,-313,46,43,21,30,19,0,1,0,0,1,0,0,0,1,0,0,0
384,191500,-803,46,43,22,30,19,0,1,0,0,1,0,0,0,1,0,0,0
385,192000,-1263,48,44,23,32,19,0,1,0,0,1,0,0,0,1,0,0,0
386,192500,-1678,46,43,23,31,19,0,1,0,0,1,0,0,0,1,0,0,0
387,193000,-2084,49,44,26,32,19,0,1,0,0,1,0,0,0,1,0,0,0
388,193500,-2371,49,45,27,32,20,0,1,0,0,1,0,0,0,1,0,0,0
389,194000,-2643,48,43,29,31,19,0,1,0,0,1,0,0,0,1,0,0,0
390,194500,-2852,46,43,29,30,19,0,1,0,0,1,0,0,0,1,0,0,0
391,195000,-2992,49,43,32,30,19,0,1,0,0,1,0,0,0,1,0,0,0
392,195500,-3063,46,43,30,30,19,0,1,0,0,1,0,0,0,1,0,0,0
393,196000,-3063,48,43,30,30,19,0,1,0,0,1,0,0,0,1,0,0,0
394,196500,-2949,49,44,30,32,19,0,1,0,0,1,0,0,0,1,0,0,0
395,197000,-2791,48,43,29,31,19,0,1,0,0,1,0,0,0,1,0,0,0
396,197500,-2572,48,43,27,30,19,0,1,0,0,1,0,0,0,1,0,0,0
397,198000,-2293,49,44,26,32,20,0,1,0,0,1,0,0,0,1,0,0,0
398,198500,-1943,49,44,24,32,19,0,1,0,0,1,0,0,0,1,0,0,0
399,199000,-1551,48,43,21,32,19,0,1,0,0,1,0,0,0,1,0,0,0
400,199500,-1127,47,44,21,31,20,0,1,0,0,1,0,0,0,1,0,0,0
401,200000,-656,49,44,20,32,19,0,1,0,0,1,0,0,0,1,0,0,0
402,200500,-166,46,43,18,31,19,0,1,0,0,1,0,0,0,1,0,0,0
403,201000,300,47,44,12,32,20,0,1,0,0,1,0,0,0,1,0,0,0
404,201500,745,46,43,11,31,19,0,1,0,0,1,0,0,0,1,0,0,0
405,202000,1165,46,43,12,30,19,0,1,0,0,1,0,0,0,1,0,0,0
406,202500,1585,46,43,11,30,19,0,1,0,0,1,0,0,0,1,0,0,0
407,203000,1960,47,44,9,32,19,0,1,0,0,1,0,0,0,1,0,0,0
408,203500,2283,46,45,8,32,19,0,1,0,0,1,0,0,0,1,0,0,0
409,204000,2549,46,43,7,31,19,0,1,0,0,1,0,0,0,1,0,0,0
410,204500,2736,46,43,6,30,19,0,1,0,0,1,0,0,0,1,0,0,0
411,205000,2877,46,43,5,32,19,0,1,0,0,1,0,0,0,1,0,0,0
412,205500,2947,46,43,5,31,20,0,1,0,0,1,0,0,0,1,0,0,0
413,206000,2938,48,45,7,32,20,0,1,0,0,1,0,0,0,1,0,0,0
414,206500,2855,46,43,6,31,19,0,1,0,0,1,0,0,0,1,0,0,0
415,207000,2693,48,45,8,32,20,0,1,0,0,1,0,0,0,1,0,0,0
416,207500,2471,46,43,8,31,19,0,1,0,0,1,0,0,0,1,0,0,0
417,208000,2178,48,45,10,32,20,0,1,0,0,1,0,0,0,1,0,0,0
418,208500,1829,48,45,12,32,21,0,1,0,0,1,0,0,0,1,0,0,0
419,209000,1445,46,43,12,31,19,0,1,0,0,1,0,0,0,1,0,0,0
420,209500,1021,48,45,15,32,20,0,1,0,0,1,0,0,0,1,0,0,0
421,210000,585,46,43,14,31,19,0,1,0,0,1,0,0,0,1,0,0,0
422,210500,148,46,43,16,30,18,0,1,0,0,1,0,0,0,1,0,0,0
423,211000,-348,47,43,20,30,19,0,1,0,0,1,0,0,0,1,0,0,0
424,211500,-816,46,45,21,32,20,0,1,0,0,1,0,0,0,1,0,0,0
425,212000,-1271,46,43,21,31,19,0,1,0,0,1,0,0,0,1,0,0,0
426,212500,-1686,46,43,23,30,19,0,1,0,0,1,0,0,0,1,0,0,0
427,213000,-2084,49,44,26,32,19,0,1,0,0,1,0,0,0,1,0,0,0
428,213500,-2377,46,45,27,32,20,0,1,0,0,1,0,0,0,1,0,0,0
429,214000,-2643,46,43,27,31,19,0,1,0,0,1,0,0,0,1,0,0,0
430,214500,-2852,46,43,30,30,19,0,1,0,0,1,0,0,0,1,0,0,0
431,215000,-2992,48,43,30,31,19,0,1,0,0,1,0,0,0,1,0,0,0
432,215500,-3063,48,43,30,31,19,0,1,0,0,1,0,0,0,1,0,0,0
433,216000,-3063,49,44,32,32,19,0,1,0,0,1,0,0,0,1,0,0,0
434,216500,-2939,46,43,30,31,19,0,1,0,0,1,0,0,0,1,0,0,0
435,217000,-2787,48,43,29,30,19,0,1,0,0,1,0,0,0,1,0,0,0
436,217500,-2572,46,45,26,32,20,0,1,0,0,1,0,0,0,1,0,0,0
437,218000,-2293,49,45,26,32,20,0,1,0,0,1,0,0,0,1,0,0,0
438,218500,-1943,49,44,24,32,19,0,1,0,0,1,0,0,0,1,0,0,0
439,219000,-1533,48,43,21,32,19,0,1,0,0,1,0,0,0,1,0,0,0
440,219500,-1105,46,45,20,33,20,0,1,0,0,1,0,0,0,1,0,0,0
441,220000,-639,46,43,19,31,19,0,1,0,0,1,0,0,0,1,0,0,0
442,220500,-149,48,43,18,32,19,0,1,0,0,1,0,0,0,1,0,0,0
443,221000,299,46,43,15,31,19,0,1,0,0,1,0,0,0,1,0,0,0
444,221500,762,46,43,11,30,19,0,1,0,0,1,0,0,0,1,0,0,0
445,222000,1191,46,43,12,30,19,0,1,0,0,1,0,0,0,1,0,0,0
446,222500,1606,46,44,10,30,19,0,1,0,0,1,0,0,0,1,0,0,0
447,223000,1969,46,43,9,30,19,0,1,0,0,1,0,0,0,1,0,0,0
448,223500,2295,46,43,8,30,19,0,1,0,0,1,0,0,0,1,0,0,0
449,224000,2563,46,43,7,30,19,0,1,0,0,1,0,0,0,1,0,0,0
450,224500,2764,46,43,7,30,19,0,1,0,0,1,0,0,0,1,0,0,0
451,225000,2895,45,43,6,30,20,0,1,0,0,1,0,0,0,1,0,0,0
452,225500,2947,46,45,5,32,20,0,1,0,0,1,0,0,0,1,0,0,0
453,226000,2938,46,43,5,31,20,0,1,0,0,1,0,0,0,1,0,0,0
454,226500,2850,46,43,7,30,19,0,1,0,0,1,0,0,0,1,0,0,0
455,227000,2693,46,43,7,30,19,0,1,0,0,1,0,0,0,1,0,0,0
456,227500,2457,46,43,8,30,19,0,1,0,0,1,0,0,0,1,0,0,0
457,228000,2178,46,43,9,30,19,0,1,0,0,1,0,0,0,1,0,0,0
458,228500,1829,46,43,12,32,19,0,1,0,0,1,0,0,0,1,0,0,0
459,229000,1440,48,45,14,32,20,0,1,0,0,1,0,0,0,1,0,0,0
460,229500,991,48,45,15,33,20,0,1,0,0,1,0,0,0,1,0,0,0
461,230000,575,48,45,14,32,20,0,1,0,0,1,0,0,0,1,0,0,0
462,230500,138,46,43,16,31,19,0,1,0,0,1,0,0,0,1,0,0,0
463,231000,-357,48,44,20,32,20,0,1,0,0,1,0,0,0,1,0,0,0
464,231500,-824,46,43,22,31,19,0,1,0,0,1,0,0,0,1,0,0,0
465,232000,-1314,49,44,23,32,19,0,1,0,0,1,0,0,0,1,0,0,0
466,232500,-1699,48,44,24,32,19,0,1,0,0,1,0,0,0,1,0,0,0
467,233000,-2084,48,43,24,32,19,0,1,0,0,1,0,0,0,1,0,0,0
468,233500,-2385,49,44,27,32,20,0,1,0,0,1,0,0,0,1,0,0,0
469,234000,-2646,48,43,29,31,19,0,1,0,0,1,0,0,0,1,0,0,0
470,234500,-2852,48,43,30,30,19,0,1,0,0,1,0,0,0,1,0,0,0
471,235000,-2992,48,43,30,30,19,0,1,0,0,1,0,0,0,1,0,0,0
472,235500,-3063,48,43,30,32,19,0,1,0,0,1,0,0,0,1,0,0,0
473,236000,-3027,46,45,30,32,20,0,1,0,0,1,0,0,0,1,0,0,0
474,236500,-2936,48,43,30,32,20,0,1,0,0,1,0,0,0,1,0,0,0
475,237000,-2783,46,43,27,31,19,0,1,0,0,1,0,0,0,1,0,0,0
476,237500,-2572,46,43,26,30,19,0,1,0,0,1,0,0,0,1,0,0,0
477,238000,-2254,49,44,26,32,20,0,1,0,0,1,0,0,0,1,0,0,0
478,238500,-1943,47,43,23,31,19,0,1,0,0,1,0,0,0,1,0,0,0
479,239000,-1524,49,44,23,32,19,0,1,0,0,1,0,0,0,1,0,0,0
480,239500,-1105,48,45,21,32,20,0,1,0,0,1,0,0,0,1,0,0,0
481,240000,-621,46,43,20,31,19,0,1,0,0,1,0,0,0,1,0,0,0
482,240500,-132,48,43,18,30,19,0,1,0,0,1,0,0,0,1,0,0,0
483,241000,318,49,45,15,32,20,0,1,0,0,1,0,0,0,1,0,0,0
484,241500,780,46,43,11,31,19,0,1,0,0,1,0,0,0,1,0,0,0
485,242000,1200,46,44,12,32,20,0,1,0,0,1,0,0,0,1,0,0,0
486,242500,1619,48,45,12,33,20,0,1,0,0,1,0,0,0,1,0,0,0
487,243000,1990,46,43,9,31,19,0,1,0,0,1,0,0,0,1,0,0,0
488,243500,2309,46,43,7,30,19,0,1,0,0,1,0,0,0,1,0,0,0
489,244000,2570,46,43,8,30,19,0,1,0,0,1,0,0,0,1,0,0,0
490,244500,2768,46,43,7,32,19,0,1,0,0,1,0,0,0,1,0,0,0
491,245000,2898,46,43,5,32,19,0,1,0,0,1,0,0,0,1,0,0,0
492,245500,2947,46,43,5,31,19,0,1,0,0,1,0,0,0,1,0,0,0
493,246000,2941,47,45,5,32,20,0,1,0,0,1,0,0,0,1,0,0,0
494,246500,2842,46,43,5,31,19,0,1,0,0,1,0,0,0,1,0,0,0
495,247000,2689,46,43,8,32,19,0,1,0,0,1,0,0,0,1,0,0,0
496,247500,2457,47,45,9,32,20,0,1,0,0,1,0,0,0,1,0,0,0
497,248000,2174,46,43,10,32,20,0,1,0,0,1,0,0,0,1,0,0,0
498,248500,1825,46,43,11,31,19,0,1,0,0,1,0,0,0,1,0,0,0
499,249000,1432,46,43,12,30,19,0,1,0,0,1,0,0,0,1,0,0,0
500,249500,991,48,45,15,32,20,0,1,0,0,1,0,0,0,1,0,0,0
501,250000,563,48,45,15,33,20,0,1,0,0,1,0,0,0,1,0,0,0
502,250500,127,46,43,16,31,19,0,1,0,0,1,0,0,0,1,0,0,0
503,251000,-370,48,44,20,30,20,0,1,0,0,1,0,0,0,1,0,0,0
504,251500,-832,46,43,23,30,19,0,1,0,0,1,0,0,0,1,0,0,0
505,252000,-1314,46,45,21,32,20,0,1,0,0,1,0,0,0,1,0,0,0
506,252500,-1734,48,43,24,31,19,0,1,0,0,1,0,0,0,1,0,0,0
507,253000,-2084,49,44,26,32,19,0,1,0,0,1,0,0,0,1,0,0,0
508,253500,-2389,49,44,27,32,19,0,1,0,0,1,0,0,0,1,0,0,0
509,254000,-2656,49,43,29,31,19,0,1,0,0,1,0,0,0,1,0,0,0
510,254500,-2852,46,43,29,30,19,0,1,0,0,1,0,0,0,1,0,0,0
511,255000,-2992,48,43,30,32,19,0,1,0,0,1,0,0,0,1,0,0,0
512,255500,-3063,48,43,30,31,19,0,1,0,0,1,0,0,0,1,0,0,0
513,256000,-3027,46,43,30,30,19,0,1,0,0,1,0,0,0,1,0,0,0
514,256500,-2926,48,43,30,30,19,0,1,0,0,1,0,0,0,1,0,0,0
515,257000,-2783,48,43,29,30,19,0,1,0,0,1,0,0,0,1,0,0,0
516,257500,-2572,48,43,27,30,19,0,1,0,0,1,0,0,0,1,0,0,0
517,258000,-2240,48,44,26,30,20,0,1,0,0,1,0,0,0,1,0,0,0
518,258500,-1908,46,43,23,30,19,0,1,0,0,1,0,0,0,1,0,0,0
519,259000,-1524,48,43,21,30,19,0,1,0,0,1,0,0,0,1,0,0,0
520,259500,-1105,48,43,20,32,20,0,1,0,0,1,0,0,0,1,0,0,0
521,260000,-604,48,43,20,31,19,0,1,0,0,1,0,0,0,1,0,0,0
522,260500,-115,46,43,18,30,19,0,1,0,0,1,0,0,0,1,0,0,0
523,261000,334,46,43,14,30,19,0,1,0,0,1,0,0,0,1,0,0,0
524,261500,795,46,43,11,30,19,0,1,0,0,1,0,0,0,1,0,0,0
525,262000,1200,48,44,12,32,20,0,1,0,0,1,0,0,0,1,0,0,0
526,262500,1619,46,43,10,32,20,0,1,0,0,1,0,0,0,1,0,0,0
527,263000,2004,46,43,9,31,19,0,1,0,0,1,0,0,0,1,0,0,0
528,263500,2318,48,45,9,32,20,0,1,0,0,1,0,0,0,1,0,0,0
529,264000,2584,46,45,8,32,20,0,1,0,0,1,0,0,0,1,0,0,0
530,264500,2771,48,46,7,33,20,0,1,0,0,1,0,0,0,1,0,0,0
531,265000,2902,48,45,7,32,20,0,1,0,0,1,0,0,0,1,0,0,0
532,265500,2947,46,44,5,32,19,0,1,0,0,1,0,0,0,1,0,0,0
533,266000,2941,46,43,5,32,20,0,1,0,0,1,0,0,0,1,0,0,0
534,266500,2855,46,43,5,31,19,0,1,0,0,1,0,0,0,1,0,0,0
535,267000,2684,46,43,7,30,19,0,1,0,0,1,0,0,0,1,0,0,0
536,267500,2453,48,45,8,32,20,0,1,0,0,1,0,0,0,1,0,0,0
537,268000,2160,46,45,10,32,20,0,1,0,0,1,0,0,0,1,0,0,0
538,268500,1816,46,43,11,31,19,0,1,0,0,1,0,0,0,1,0,0,0
539,269000,1410,46,43,12,30,19,0,1,0,0,1,0,0,0,1,0,0,0
540,269500,991,46,43,14,30,19,0,1,0,0,1,0,0,0,1,0,0,0
541,270000,554,46,43,14,30,19,0,1,0,0,1,0,0,0,1,0,0,0
542,270500,115,48,45,17,32,20,0,1,0,0,1,0,0,0,1,0,0,0
543,271000,-379,46,43,20,31,19,0,1,0,0,1,0,0,0,1,0,0,0
544,271500,-850,46,43,22,30,19,0,1,0,0,1,0,0,0,1,0,0,0
545,272000,-1314,46,43,21,30,19,0,1,0,0,1,0,0,0,1,0,0,0
546,272500,-1734,48,43,24,30,19,0,1,0,0,1,0,0,0,1,0,0,0
547,273000,-2084,46,45,24,32,20,0,1,0,0,1,0,0,0,1,0,0,0
548,273500,-2395,46,45,27,33,20,0,1,0,0,1,0,0,0,1,0,0,0
549,274000,-2656,48,43,29,31,20,0,1,0,0,1,0,0,0,1,0,0,0
550,274500,-2887,46,43,29,30,19,0,1,0,0,1,0,0,0,1,0,0,0
551,275000,-2992,48,43,30,30,19,0,1,0,0,1,0,0,0,1,0,0,0
552,275500,-3063,46,45,30,32,20,0,1,0,0,1,0,0,0,1,0,0,0
553,276000,-3014,49,44,32,32,20,0,1,0,0,1,0,0,0,1,0,0,0
554,276500,-2922,46,43,30,31,19,0,1,0,0,1,0,0,0,1,0,0,0
555,277000,-2783,48,43,29,30,19,0,1,0,0,1,0,0,0,1,0,0,0
556,277500,-2525,46,45,27,32,20,0,1,0,0,1,0,0,0,1,0,0,0
557,278000,-2232,48,43,24,32,19,0,1,0,0,1,0,0,0,1,0,0,0
558,278500,-1883,49,44,24,32,20,0,1,0,0,1,0,0,0,1,0,0,0
559,279000,-1489,46,45,21,32,20,0,1,0,0,1,0,0,0,1,0,0,0
560,279500,-1070,46,43,19,31,19,0,1,0,0,1,0,0,0,1,0,0,0
561,280000,-586,48,44,21,32,20,0,1,0,0,1,0,0,0,1,0,0,0
562,280500,-101,48,44,18,32,20,0,1,0,0,1,0,0,0,1,0,0,0
563,281000,352,48,45,15,33,20,0,1,0,0,1,0,0,0,1,0,0,0
564,281500,812,48,45,11,32,20,0,1,0,0,1,0,0,0,1,0,0,0
565,282000,1239,46,43,12,31,19,0,1,0,0,1,0,0,0,1,0,0,0
566,282500,1646,46,43,10,30,19,0,1,0,0,1,0,0,0,1,0,0,0
567,283000,2012,48,45,10,32,20,0,1,0,0,1,0,0,0,1,0,0,0
568,283500,2318,46,44,8,32,20,0,1,0,0,1,0,0,0,1,0,0,0
569,284000,2588,48,45,8,32,20,0,1,0,0,1,0,0,0,1,0,0,0
570,284500,2785,48,46,8,33,20,0,1,0,0,1,0,0,0,1,0,0,0
571,285000,2906,48,45,7,32,20,0,1,0,0,1,0,0,0,1,0,0,0
572,285500,2947,46,45,5,32,20,0,1,0,0,1,0,0,0,1,0,0,0
573,286000,2941,46,43,5,32,19,0,1,0,0,1,0,0,0,1,0,0,0
574,286500,2842,45,43,7,31,19,0,1,0,0,1,0,0,0,1,0,0,0
575,287000,2680,46,43,7,30,19,0,1,0,0,1,0,0,0,1,0,0,0
576,287500,2449,46,45,8,32,20,0,1,0,0,1,0,0,0,1,0,0,0
577,288000,2156,46,43,10,31,19,0,1,0,0,1,0,0,0,1,0,0,0
578,288500,1808,46,44,12,32,19,0,1,0,0,1,0,0,0,1,0,0,0
579,289000,1410,46,44,13,32,20,0,1,0,0,1,0,0,0,1,0,0,0
580,289500,982,46,43,14,31,19,0,1,0,0,1,0,0,0,1,0,0,0
581,290000,542,46,43,14,30,19,0,1,0,0,1,0,0,0,1,0,0,0
582,290500,105,46,44,17,30,19,0,1,0,0,1,0,0,0,1,0,0,0
583,291000,-392,46,45,19,32,20,0,1,0,0,1,0,0,0,1,0,0,0
584,291500,-859,46,43,22,31,19,0,1,0,0,1,0,0,0,1,0,0,0
585,292000,-1314,48,44,23,32,19,0,1,0,0,1,0,0,0,1,0,0,0
586,292500,-1734,48,43,24,32,20,0,1,0,0,1,0,0,0,1,0,0,0
587,293000,-2084,46,45,24,33,20,0,1,0,0,1,0,0,0,1,0,0,0
588,293500,-2395,48,43,27,31,20,0,1,0,0,1,0,0,0,1,0,0,0
589,294000,-2660,46,45,27,32,20,0,1,0,0,1,0,0,0,1,0,0,0
590,294500,-2852,49,45,30,32,20,0,1,0,0,1,0,0,0,1,0,0,0
591,295000,-2992,46,45,30,32,20,0,1,0,0,1,0,0,0,1,0,0,0
592,295500,-3063,48,43,30,32,19,0,1,0,0,1,0,0,0,1,0,0,0
593,296000,-3010,49,44,32,32,19,0,1,0,0,1,0,0,0,1,0,0,0
594,296500,-2922,46,45,29,33,20,0,1,0,0,1,0,0,0,1,0,0,0
595,297000,-2783,48,43,27,32,19,0,1,0,0,1,0,0,0,1,0,0,0
596,297500,-2512,46,43,27,31,18,0,1,0,0,1,0,0,0,1,0,0,0
597,298000,-2223,46,43,24,30,19,0,1,0,0,1,0,0,0,1,0,0,0
598,298500,-1874,46,43,23,30,19,0,1,0,0,1,0,0,0,1,0,0,0
599,299000,-1477,46,43,21,30,19,0,1,0,0,1,0,0,0,1,0,0,0
600,299500,-1044,48,43,21,30,19,0,1,0,0,1,0,0,0,1,0,0,0
601,300000,-569,46,45,19,32,20,0,1,0,0,1,0,0,0,1,0,0,0
602,300500,-83,48,44,18,32,20,0,1,0,0,1,0,0,0,1,0,0,0
603,301000,365,46,43,14,31,19,0,1,0,0,1,0,0,0,1,0,0,0
604,301500,827,46,43,10,30,19,0,1,0,0,1,0,0,0,1,0,0,0
605,302000,1253,48,45,13,32,20,0,1,0,0,1,0,0,0,1,0,0,0
606,302500,1663,52,43,11,31,19,0,1,0,0,1,0,0,0,1,0,0,0
607,303000,2029,49,45,10,32,20,0,1,0,0,1,0,0,0,1,0,0,0
608,303500,2344,46,43,8,31,19,0,1,0,0,1,0,0,0,1,0,0,0
609,304000,2598,46,45,8,27,20,0,1,0,0,1,0,0,0,1,0,0,0
610,304500,2789,46,41,6,30,19,0,1,0,0,1,0,0,0,1,0,0,0
611,305000,2916,46,44,5,32,18,0,1,0,0,1,0,0,0,1,0,0,0
612,305500,2947,48,45,7,32,20,0,1,0,0,1,0,0,0,1,0,0,0
613,306000,2941,49,43,5,32,20,0,1,0,0,1,0,0,0,1,0,0,0
614,306500,2842,46,43,5,31,19,0,1,0,0,1,0,0,0,1,0,0,0
615,307000,2680,46,43,7,30,19,0,1,0,0,1,0,0,0,1,0,0,0
616,307500,2443,48,45,8,32,20,0,1,0,0,1,0,0,0,1,0,0,0
617,308000,2146,47,45,10,32,20,0,1,0,0,1,0,0,0,1,0,0,0
618,308500,1799,46,43,11,31,19,0,1,0,0,1,0,0,0,1,0,0,0
619,309000,1405,46,43,12,30,18,0,1,0,0,1,0,0,0,1,0,0,0
620,309500,974,46,43,14,30,19,0,1,0,0,1,0,0,0,1,0,0,0
621,310000,529,46,44,15,32,20,0,1,0,0,1,0,0,0,1,0,0,0
622,310500,92,48,45,18,32,15,0,1,0,0,1,0,0,0,1,0,0,0
623,311000,-405,46,43,19,31,17,0,1,0,0,1,0,0,0,1,0,0,0
624,311500,-866,46,43,22,30,19,0,1,0,0,1,0,0,0,1,0,0,0
625,312000,-1323,48,44,23,25,19,0,1,0,0,1,0,0,0,1,0,0,0
626,312500,-1734,46,47,23,30,19,0,1,0,0,1,0,0,0,1,0,0,0
627,313000,-2088,48,45,26,32,17,0,1,0,0,1,0,0,0,1,0,0,0
628,313500,-2434,46,45,26,32,19,0,1,0,0,1,0,0,0,1,0,0,0
629,314000,-2670,46,45,27,32,20,0,1,0,0,1,0,0,0,1,0,0,0
630,314500,-2887,46,43,30,33,19,0,1,0,0,1,0,0,0,1,0,0,0
631,315000,-2992,46,43,30,31,19,0,1,0,0,1,0,0,0,1,0,0,0
632,315500,-3063,49,44,32,32,20,0,1,0,0,1,0,0,0,1,0,0,0
633,316000,-3027,46,43,30,31,19,0,1,0,0,1,0,0,0,1,0,0,0
634,316500,-2922,46,43,29,30,19,0,1,0,0,1,0,0,0,1,0,0,0
635,317000,-2748,48,43,29,30,19,0,1,0,0,1,0,0,0,1,0,0,0
636,317500,-2504,48,43,27,30,19,0,1,0,0,1,0,0,0,1,0,0,0
637,318000,-2223,49,44,26,32,20,0,1,0,0,1,0,0,0,1,0,0,0
638,318500,-1874,46,43,23,32,17,0,1,0,0,1,0,0,0,1,0,0,0
639,319000,-1459,48,44,22,32,19,0,1,0,0,1,0,0,0,1,0,0,0
640,319500,-1035,49,44,21,32,19,0,1,0,0,1,0,0,0,1,0,0,0
641,320000,-554,46,45,18,32,20,0,1,0,0,1,0,0,0,1,0,0,0
642,320500,-69,49,45,18,32,20,0,1,0,0,1,0,0,0,1,0,0,0
643,321000,373,48,45,15,32,20,0,1,0,0,1,0,0,0,1,0,0,0
644,321500,842,48,45,18,33,20,0,1,0,0,1,0,0,0,1,0,0,0
645,322000,1271,46,45,12,32,20,0,1,0,0,1,0,0,0,1,0,0,0
646,322500,1677,46,43,11,29,19,0,1,0,0,1,0,0,0,1,0,0,0
647,323000,2039,46,45,9,31,19,0,1,0,0,1,0,0,0,1,0,0,0
648,323500,2357,46,45,9,32,19,0,1,0,0,1,0,0,0,1,0,0,0
649,324000,2598,48,46,8,33,20,0,1,0,0,1,0,0,0,1,0,0,0
650,324500,2799,48,45,7,32,20,0,1,0,0,1,0,0,0,1,0,0,0
651,325000,2912,48,45,6,33,20,0,1,0,0,1,0,0,0,1,0,0,0
652,325500,2969,46,44,5,31,20,0,1,0,0,1,0,0,0,1,0,0,0
653,326000,2941,46,43,5,30,19,0,1,0,0,1,0,0,0,1,0,0,0
654,326500,2846,48,45,8,32,20,0,1,0,0,1,0,0,0,1,0,0,0
655,327000,2668,46,44,8,32,20,0,1,0,0,1,0,0,0,1,0,0,0
656,327500,2439,46,43,9,31,19,0,1,0,0,1,0,0,0,1,0,0,0
657,328000,2143,46,43,10,30,19,0,1,0,0,1,0,0,0,1,0,0,0
658,328500,1785,48,50,12,32,20,0,1,0,0,1,0,0,0,1,0,0,0
659,329000,1388,48,47,14,33,16,0,1,0,0,1,0,0,0,1,0,0,0
660,329500,960,46,43,9,31,18,0,1,0,0,1,0,0,0,1,0,0,0
661,330000,518,48,45,14,32,20,0,1,0,0,1,0,0,0,1,0,0,0
662,330500,79,48,45,18,28,20,0,1,0,0,1,0,0,0,1,0,0,0
663,331000,-416,46,47,19,32,20,0,1,0,0,1,0,0,0,1,0,0,0
664,331500,-880,48,45,23,32,20,0,1,0,0,1,0,0,0,1,0,0,0
665,332000,-1332,47,43,24,31,19,0,1,0,0,1,0,0,0,1,0,0,0
666,332500,-1738,46,43,24,32,19,0,1,0,0,1,0,0,0,1,0,0,0
667,333000,-2119,47,43,24,31,19,0,1,0,0,1,0,0,0,1,0,0,0
668,333500,-2434,48,43,26,30,19,0,1,0,0,1,0,0,0,1,0,0,0
669,334000,-2674,48,44,29,32,19,0,1,0,0,1,0,0,0,1,0,0,0
670,334500,-2887,46,45,30,33,20,0,1,0,0,1,0,0,0,1,0,0,0
671,335000,-2992,46,45,30,32,20,0,1,0,0,1,0,0,0,1,0,0,0
672,335500,-3063,46,43,30,32,19,0,1,0,0,1,0,0,0,1,0,0,0
673,336000,-3006,48,43,30,32,19,0,1,0,0,1,0,0,0,1,0,0,0
674,336500,-2922,49,40,30,32,19,0,1,0,0,1,0,0,0,1,0,0,0
675,337000,-2748,48,42,29,32,14,0,1,0,0,1,0,0,0,1,0,0,0
676,337500,-2504,49,44,27,32,18,0,1,0,0,1,0,0,0,1,0,0,0
677,338000,-2223,47,43,24,31,19,0,1,0,0,1,0,0,0,1,0,0,0
678,338500,-1874,46,43,23,30,19,0,1,0,0,1,0,0,0,1,0,0,0
679,339000,-1454,48,48,22,32,19,0,1,0,0,1,0,0,0,1,0,0,0
680,339500,-1035,47,44,20,31,21,0,1,0,0,1,0,0,0,1,0,0,0
681,340000,-543,46,45,18,32,20,0,1,0,0,1,0,0,0,1,0,0,0
682,340500,-54,46,45,18,32,20,0,1,0,0,1,0,0,0,1,0,0,0
683,341000,397,48,45,15,33,20,0,1,0,0,1,0,0,0,1,0,0,0
684,341500,856,48,45,11,33,20,0,1,0,0,1,0,0,0,1,0,0,0
685,342000,1271,46,43,11,31,19,0,1,0,0,1,0,0,0,1,0,0,0
686,342500,1689,46,43,11,33,19,0,1,0,0,1,0,0,0,1,0,0,0
687,343000,2039,46,45,9,32,20,0,1,0,0,1,0,0,0,1,0,0,0
688,343500,2365,46,43,8,31,19,0,1,0,0,1,0,0,0,1,0,0,0
689,344000,2598,47,45,8,32,20,0,1,0,0,1,0,0,0,1,0,0,0
690,344500,2803,48,45,7,33,21,0,1,0,0,1,0,0,0,1,0,0,0
691,345000,2924,46,43,6,31,24,0,1,0,0,1,0,0,0,1,0,0,0
692,345500,2973,48,45,7,32,21,0,1,0,0,1,0,0,0,1,0,0,0
693,346000,2941,46,43,5,31,19,0,1,0,0,1,0,0,0,1,0,0,0
694,346500,2838,48,45,8,32,20,0,1,0,0,1,0,0,0,1,0,0,0
695,347000,2668,46,43,7,31,19,0,1,0,0,1,0,0,0,1,0,0,0
696,347500,2422,46,43,8,30,16,0,1,0,0,1,0,0,0,1,0,0,0
697,348000,2107,48,45,11,33,19,0,1,0,0,1,0,0,0,1,0,0,0
698,348500,1759,46,43,12,32,19,0,1,0,0,1,0,0,0,1,0,0,0
699,349000,1379,48,45,13,32,20,0,1,0,0,1,0,0,0,1,0,0,0
700,349500,921,48,46,15,32,20,0,1,0,0,1,0,0,0,1,0,0,0
701,350000,508,48,45,15,32,20,0,1,0,0,1,0,0,0,1,0,0,0
702,350500,68,46,43,17,32,19,0,1,0,0,1,0,0,0,1,0,0,0
703,351000,-431,48,44,21,32,20,0,1,0,0,1,0,0,0,1,0,0,0
704,351500,-891,48,44,23,32,18,0,1,0,0,1,0,0,0,1,0,0,0
705,352000,-1346,48,44,23,32,19,0,1,0,0,1,0,0,0,1,0,0,0
706,352500,-1752,49,44,24,32,19,0,1,0,0,1,0,0,0,1,0,0,0
707,353000,-2119,47,43,24,31,19,0,1,0,0,1,0,0,0,1,0,0,0
708,353500,-2434,46,43,26,30,18,0,1,0,0,1,0,0,0,1,0,0,0
709,354000,-2674,46,45,27,32,20,0,1,0,0,1,0,0,0,1,0,0,0
710,354500,-2865,49,45,30,28,20,0,1,0,0,1,0,0,0,1,0,0,0
711,355000,-2992,49,39,32,31,20,0,1,0,0,1,0,0,0,1,0,0,0
712,355500,-3063,46,42,30,31,16,0,1,0,0,1,0,0,0,1,0,0,0
713,356000,-3027,48,43,36,30,17,0,1,0,0,1,0,0,0,1,0,0,0
714,356500,-2922,46,43,30,30,19,0,1,0,0,1,0,0,0,1,0,0,0
715,357000,-2727,48,43,29,32,19,0,1,0,0,1,0,0,0,1,0,0,0
716,357500,-2504,46,45,26,32,20,0,1,0,0,1,0,0,0,1,0,0,0
717,358000,-2223,48,43,24,31,19,0,1,0,0,1,0,0,0,1,0,0,0
718,358500,-1839,48,43,22,30,18,0,1,0,0,1,0,0,0,1,0,0,0
719,359000,-1454,46,43,21,30,19,0,1,0,0,1,0,0,0,1,0,0,0
720,359500,-1000,47,43,20,32,19,0,1,0,0,1,0,0,0,1,0,0,0
721,360000,-526,48,43,19,31,19,0,1,0,0,1,0,0,0,1,0,0,0
722,360500,-38,49,44,18,32,20,0,1,0,0,1,0,0,0,1,0,0,0
723,361000,412,48,45,15,32,20,0,1,0,0,1,0,0,0,1,0,0,0
724,361500,870,46,43,10,31,19,0,1,0,0,1,0,0,0,1,0,0,0
725,362000,1271,46,43,12,32,19,0,1,0,0,1,0,0,0,1,0,0,0
726,362500,1689,46,44,11,32,20,0,1,0,0,1,0,0,0,1,0,0,0
727,363000,2061,46,48,8,31,19,0,1,0,0,1,0,0,0,1,0,0,0
728,363500,2375,46,44,8,30,19,0,1,0,0,1,0,0,0,1,0,0,0
729,364000,2623,46,43,7,30,19,0,1,0,0,1,0,0,0,1,0,0,0
730,364500,2807,46,43,6,30,19,0,1,0,0,1,0,0,0,1,0,0,0
731,365000,2930,46,43,5,30,19,0,1,0,0,1,0,0,0,1,0,0,0
732,365500,2969,47,45,7,32,20,0,1,0,0,1,0,0,0,1,0,0,0
733,366000,2941,46,43,6,31,19,0,1,0,0,1,0,0,0,1,0,0,0
734,366500,2838,46,43,7,32,20,0,1,0,0,1,0,0,0,1,0,0,0
735,367000,2662,46,43,7,31,20,0,1,0,0,1,0,0,0,1,0,0,0
736,367500,2422,46,43,8,30,19,0,1,0,0,1,0,0,0,1,0,0,0
737,368000,2121,45,43,9,30,19,0,1,0,0,1,0,0,0,1,0,0,0
738,368500,1759,46,43,12,30,19,0,1,0,0,1,0,0,0,1,0,0,0
739,369000,1371,46,43,12,30,19,0,1,0,0,1,0,0,0,1,0,0,0
740,369500,921,46,44,15,32,20,0,1,0,0,1,0,0,0,1,0,0,0
741,370000,494,46,43,14,31,19,0,1,0,0,1,0,0,0,1,0,0,0
742,370500,55,46,43,17,32,19,0,1,0,0,1,0,0,0,1,0,0,0
743,371000,-441,47,43,20,31,19,0,1,0,0,1,0,0,0,1,0,0,0
744,371500,-907,46,43,21,30,19,0,1,0,0,1,0,0,0,1,0,0,0
745,372000,-1385,48,44,23,32,20,0,1,0,0,1,0,0,0,1,0,0,0
746,372500,-1769,48,43,24,31,19,0,1,0,0,1,0,0,0,1,0,0,0
747,373000,-2154,47,43,24,30,19,0,1,0,0,1,0,0,0,1,0,0,0
748,373500,-2434,46,45,26,32,20,0,1,0,0,1,0,0,0,1,0,0,0
749,374000,-2674,48,43,29,31,19,0,1,0,0,1,0,0,0,1,0,0,0
750,374500,-2887,46,43,29,30,18,0,1,0,0,1,0,0,0,1,0,0,0
751,375000,-2992,47,43,30,30,19,0,1,0,0,1,0,0,0,1,0,0,0
752,375500,-3063,48,43,30,30,18,0,1,0,0,1,0,0,0,1,0,0,0
753,376000,-2996,49,43,32,32,20,0,1,0,0,1,0,0,0,1,0,0,0
754,376500,-2922,46,43,29,31,19,0,1,0,0,1,0,0,0,1,0,0,0
755,377000,-2717,48,43,27,30,19,0,1,0,0,1,0,0,0,1,0,0,0
756,377500,-2504,47,43,27,30,19,0,1,0,0,1,0,0,0,1,0,0,0
757,378000,-2189,46,45,24,32,20,0,1,0,0,1,0,0,0,1,0,0,0
758,378500,-1817,48,43,23,32,19,0,1,0,0,1,0,0,0,1,0,0,0
759,379000,-1454,49,44,21,32,20,0,1,0,0,1,0,0,0,1,0,0,0
760,379500,-987,46,45,19,32,20,0,1,0,0,1,0,0,0,1,0,0,0
761,380000,-510,48,43,20,32,20,0,1,0,0,1,0,0,0,1,0,0,0
762,380500,-23,48,43,17,32,19,0,1,0,0,1,0,0,0,1,0,0,0
763,381000,425,46,43,14,31,19,0,1,0,0,1,0,0,0,1,0,0,0
764,381500,883,46,43,9,32,19,0,1,0,0,1,0,0,0,1,0,0,0
765,382000,1305,46,44,12,32,20,0,1,0,0,1,0,0,0,1,0,0,0
766,382500,1716,46,45,10,32,20,0,1,0,0,1,0,0,0,1,0,0,0
767,383000,2072,47,45,9,33,20,0,1,0,0,1,0,0,0,1,0,0,0
768,383500,2383,46,44,9,32,20,0,1,0,0,1,0,0,0,1,0,0,0
769,384000,2633,46,45,8,32,20,0,1,0,0,1,0,0,0,1,0,0,0
770,384500,2807,46,45,7,32,20,0,1,0,0,1,0,0,0,1,0,0,0
771,385000,2930,46,43,5,32,20,0,1,0,0,1,0,0,0,1,0,0,0
772,385500,2973,46,44,5,32,20,0,1,0,0,1,0,0,0,1,0,0,0
773,386000,2938,46,43,5,31,19,0,1,0,0,1,0,0,0,1,0,0,0
774,386500,2838,46,43,7,30,19,0,1,0,0,1,0,0,0,1,0,0,0
775,387000,2658,46,44,8,32,19,0,1,0,0,1,0,0,0,1,0,0,0
776,387500,2418,46,43,9,31,19,0,1,0,0,1,0,0,0,1,0,0,0
777,388000,2107,46,44,11,32,20,0,1,0,0,1,0,0,0,1,0,0,0
778,388500,1759,46,43,11,32,20,0,1,0,0,1,0,0,0,1,0,0,0
779,389000,1340,46,43,12,31,19,0,1,0,0,1,0,0,0,1,0,0,0
780,389500,921,46,43,14,30,18,0,1,0,0,1,0,0,0,1,0,0,0
781,390000,480,46,43,15,30,19,0,1,0,0,1,0,0,0,1,0,0,0
782,390500,43,46,43,17,32,19,0,1,0,0,1,0,0,0,1,0,0,0
783,391000,-457,46,42,20,31,19,0,1,0,0,1,0,0,0,1,0,0,0
784,391500,-915,48,43,23,31,19,0,1,0,0,1,0,0,0,1,0,0,0
785,392000,-1385,48,43,23,31,19,0,1,0,0,1,0,0,0,1,0,0,0
786,392500,-1804,49,44,24,32,19,0,1,0,0,1,0,0,0,1,0,0,0
787,393000,-2154,49,44,26,32,20,0,1,0,0,1,0,0,0,1,0,0,0
788,393500,-2469,46,43,27,31,19,0,1,0,0,1,0,0,0,1,0,0,0
789,394000,-2713,48,43,29,32,19,0,1,0,0,1,0,0,0,1,0,0,0
790,394500,-2887,48,43,30,31,18,0,1,0,0,1,0,0,0,1,0,0,0
791,395000,-2992,46,43,30,30,18,0,1,0,0,1,0,0,0,1,0,0,0
792,395500,-3063,47,43,30,30,19,0,1,0,0,1,0,0,0,1,0,0,0
793,396000,-2996,48,44,30,30,19,0,1,0,0,1,0,0,0,1,0,0,0
794,396500,-2922,49,43,30,32,20,0,1,0,0,1,0,0,0,1,0,0,0
795,397000,-2713,48,43,27,31,19,0,1,0,0,1,0,0,0,1,0,0,0
796,397500,-2504,46,45,26,32,20,0,1,0,0,1,0,0,0,1,0,0,0
797,398000,-2166,48,43,24,32,19,0,1,0,0,1,0,0,0,1,0,0,0
798,398500,-1809,46,45,23,33,20,0,1,0,0,1,0,0,0,1,0,0,0
799,399000,-1406,48,45,22,32,20,0,1,0,0,1,0,0,0,1,0,0,0
800,399500,-958,47,43,21,31,19,0,1,0,0,1,0,0,0,1,0,0,0
801,400000,-500,46,43,19,30,19,0,1,0,0,1,0,0,0,1,0,0,0
802,400500,-7,46,43,15,30,19,0,1,0,0,1,0,0,0,1,0,0,0
803,401000,441,46,44,14,32,20,0,1,0,0,1,0,0,0,1,0,0,0
804,401500,898,46,44,11,32,19,0,1,0,0,1,0,0,0,1,0,0,0
805,402000,1322,48,45,12,32,20,0,1,0,0,1,0,0,0,1,0,0,0
806,402500,1725,46,43,10,31,19,0,1,0,0,1,0,0,0,1,0,0,0
807,403000,2086,46,43,9,30,19,0,1,0,0,1,0,0,0,1,0,0,0
808,403500,2387,46,43,8,30,19,0,1,0,0,1,0,0,0,1,0,0,0
809,404000,2641,46,43,7,30,19,0,1,0,0,1,0,0,0,1,0,0,0
810,404500,2807,46,43,5,32,20,0,1,0,0,1,0,0,0,1,0,0,0
811,405000,2934,48,45,5,32,20,0,1,0,0,1,0,0,0,1,0,0,0
812,405500,2973,48,45,5,33,20,0,1,0,0,1,0,0,0,1,0,0,0
813,406000,2938,46,45,5,32,20,0,1,0,0,1,0,0,0,1,0,0,0
814,406500,2828,46,43,7,31,20,0,1,0,0,1,0,0,0,1,0,0,0
815,407000,2654,48,45,8,32,20,0,1,0,0,1,0,0,0,1,0,0,0
816,407500,2410,46,43,9,31,19,0,1,0,0,1,0,0,0,1,0,0,0
817,408000,2104,46,43,10,30,19,0,1,0,0,1,0,0,0,1,0,0,0
818,408500,1746,48,45,12,32,20,0,1,0,0,1,0,0,0,1,0,0,0
819,409000,1340,46,44,13,32,20,0,1,0,0,1,0,0,0,1,0,0,0
820,409500,913,46,43,14,31,19,0,1,0,0,1,0,0,0,1,0,0,0
821,410000,469,47,44,15,32,19,0,1,0,0,1,0,0,0,1,0,0,0
822,410500,27,48,45,18,33,20,0,1,0,0,1,0,0,0,1,0,0,0
823,411000,-467,48,44,21,32,20,0,1,0,0,1,0,0,0,1,0,0,0
824,411500,-933,47,43,23,31,19,0,1,0,0,1,0,0,0,1,0,0,0
825,412000,-1385,49,44,23,32,20,0,1,0,0,1,0,0,0,1,0,0,0
826,412500,-1804,46,43,24,31,19,0,1,0,0,1,0,0,0,1,0,0,0
827,413000,-2154,46,43,25,30,19,0,1,0,0,1,0,0,0,1,0,0,0
828,413500,-2469,46,45,27,32,19,0,1,0,0,1,0,0,0,1,0,0,0
829,414000,-2713,49,45,29,32,20,0,1,0,0,1,0,0,0,1,0,0,0
830,414500,-2887,48,43,30,32,19,0,1,0,0,1,0,0,0,1,0,0,0
831,415000,-2992,48,43,30,31,18,0,1,0,0,1,0,0,0,1,0,0,0
832,415500,-3063,46,43,30,30,18,0,1,0,0,1,0,0,0,1,0,0,0
833,416000,-3027,46,45,30,32,19,0,1,0,0,1,0,0,0,1,0,0,0
834,416500,-2922,48,43,30,31,19,0,1,0,0,1,0,0,0,1,0,0,0
835,417000,-2713,49,44,29,32,19,0,1,0,0,1,0,0,0,1,0,0,0
836,417500,-2469,48,43,27,31,19,0,1,0,0,1,0,0,0,1,0,0,0
837,418000,-2154,48,43,24,32,19,0,1,0,0,1,0,0,0,1,0,0,0
838,418500,-1804,48,43,23,31,19,0,1,0,0,1,0,0,0,1,0,0,0
839,419000,-1394,46,45,21,32,20,0,1,0,0,1,0,0,0,1,0,0,0
840,419500,-941,46,43,21,31,19,0,1,0,0,1,0,0,0,1,0,0,0
841,420000,-483,46,43,18,30,19,0,1,0,0,1,0,0,0,1,0,0,0
842,420500,5,48,44,17,32,19,0,1,0,0,1,0,0,0,1,0,0,0
843,421000,455,46,43,14,31,19,0,1,0,0,1,0,0,0,1,0,0,0
844,421500,912,46,43,9,30,19,0,1,0,0,1,0,0,0,1,0,0,0
845,422000,1336,46,43,12,30,19,0,1,0,0,1,0,0,0,1,0,0,0
846,422500,1725,46,45,9,32,20,0,1,0,0,1,0,0,0,1,0,0,0
847,423000,2096,46,44,9,32,19,0,1,0,0,1,0,0,0,1,0,0,0
848,423500,2387,46,43,8,31,19,0,1,0,0,1,0,0,0,1,0,0,0
849,424000,2650,46,43,7,32,19,0,1,0,0,1,0,0,0,1,0,0,0
850,424500,2828,46,43,5,31,19,0,1,0,0,1,0,0,0,1,0,0,0
851,425000,2938,46,44,5,30,20,0,1,0,0,1,0,0,0,1,0,0,0
852,425500,2973,46,43,5,30,20,0,1,0,0,1,0,0,0,1,0,0,0
853,426000,2934,46,44,7,32,20,0,1,0,0,1,0,0,0,1,0,0,0
854,426500,2828,48,45,8,32,20,0,1,0,0,1,0,0,0,1,0,0,0
855,427000,2650,46,43,7,31,19,0,1,0,0,1,0,0,0,1,0,0,0
856,427500,2387,48,45,8,32,20,0,1,0,0,1,0,0,0,1,0,0,0
857,428000,2100,45,43,10,31,19,0,1,0,0,1,0,0,0,1,0,0,0
858,428500,1737,47,44,12,32,19,0,1,0,0,1,0,0,0,1,0,0,0
859,429000,1336,46,43,12,31,19,0,1,0,0,1,0,0,0,1,0,0,0
860,429500,899,46,43,15,30,19,0,1,0,0,1,0,0,0,1,0,0,0
861,430000,454,46,43,15,30,19,0,1,0,0,1,0,0,0,1,0,0,0
862,430500,15,48,45,19,32,20,0,1,0,0,1,0,0,0,1,0,0,0
863,431000,-483,48,45,21,32,20,0,1,0,0,1,0,0,0,1,0,0,0
864,431500,-941,49,44,24,32,19,0,1,0,0,1,0,0,0,1,0,0,0
865,432000,-1394,48,43,23,32,19,0,1,0,0,1,0,0,0,1,0,0,0
866,432500,-1804,46,43,23,31,19,0,1,0,0,1,0,0,0,1,0,0,0
867,433000,-2154,48,43,26,32,19,0,1,0,0,1,0,0,0,1,0,0,0
868,433500,-2455,48,43,27,32,20,0,1,0,0,1,0,0,0,1,0,0,0
869,434000,-2713,48,43,29,31,19,0,1,0,0,1,0,0,0,1,0,0,0
870,434500,-2887,47,43,29,30,19,0,1,0,0,1,0,0,0,1,0,0,0
871,435000,-2992,49,44,32,32,19,0,1,0,0,1,0,0,0,1,0,0,0
872,435500,-3063,46,45,30,33,20,0,1,0,0,1,0,0,0,1,0,0,0
873,436000,-2992,48,43,30,31,19,0,1,0,0,1,0,0,0,1,0,0,0
874,436500,-2887,46,43,29,30,19,0,1,0,0,1,0,0,0,1,0,0,0
875,437000,-2713,48,44,29,32,19,0,1,0,0,1,0,0,0,1,0,0,0
876,437500,-2451,49,45,27,32,20,0,1,0,0,1,0,0,0,1,0,0,0
877,438000,-2154,48,43,24,31,19,0,1,0,0,1,0,0,0,1,0,0,0
878,438500,-1804,47,43,23,30,19,0,1,0,0,1,0,0,0,1,0,0,0
879,439000,-1385,48,43,21,31,19,0,1,0,0,1,0,0,0,1,0,0,0
880,439500,-933,46,43,21,31,19,0,1,0,0,1,0,0,0,1,0,0,0
881,440000,-467,46,45,18,32,20,0,1,0,0,1,0,0,0,1,0,0,0
882,440500,23,46,43,16,32,19,0,1,0,0,1,0,0,0,1,0,0,0
883,441000,469,46,43,14,31,19,0,1,0,0,1,0,0,0,1,0,0,0
884,441500,925,46,43,9,30,19,0,1,0,0,1,0,0,0,1,0,0,0
885,442000,1340,46,43,12,32,19,0,1,0,0,1,0,0,0,1,0,0,0
886,442500,1746,48,45,11,33,20,0,1,0,0,1,0,0,0,1,0,0,0
887,443000,2104,46,45,10,32,20,0,1,0,0,1,0,0,0,1,0,0,0
888,443500,2387,46,44,8,32,19,0,1,0,0,1,0,0,0,1,0,0,0
889,444000,2654,46,45,8,32,20,0,1,0,0,1,0,0,0,1,0,0,0
890,444500,2828,46,45,7,32,20,0,1,0,0,1,0,0,0,1,0,0,0
891,445000,2938,48,46,7,32,20,0,1,0,0,1,0,0,0,1,0,0,0
892,445500,2973,46,45,6,32,20,0,1,0,0,1,0,0,0,1,0,0,0
893,446000,2934,48,46,7,33,20,0,1,0,0,1,0,0,0,1,0,0,0
894,446500,2807,48,45,8,33,20,0,1,0,0,1,0,0,0,1,0,0,0
895,447000,2645,46,45,8,32,20,0,1,0,0,1,0,0,0,1,0,0,0
896,447500,2387,48,45,9,33,20,0,1,0,0,1,0,0,0,1,0,0,0
897,448000,2086,46,43,10,31,19,0,1,0,0,1,0,0,0,1,0,0,0
898,448500,1729,48,45,12,32,20,0,1,0,0,1,0,0,0,1,0,0,0
899,449000,1322,46,43,12,31,19,0,1,0,0,1,0,0,0,1,0,0,0
900,449500,882,48,45,15,32,20,0,1,0,0,1,0,0,0,1,0,0,0
901,450000,442,48,45,16,33,20,0,1,0,0,1,0,0,0,1,0,0,0
902,450500,2,48,44,18,32,20,0,1,0,0,1,0,0,0,1,0,0,0
903,451000,-493,46,43,21,31,19,0,1,0,0,1,0,0,0,1,0,0,0
904,451500,-958,47,43,23,30,19,0,1,0,0,1,0,0,0,1,0,0,0
905,452000,-1402,48,43,23,30,19,0,1,0,0,1,0,0,0,1,0,0,0
906,452500,-1804,46,43,23,30,19,0,1,0,0,1,0,0,0,1,0,0,0
907,453000,-2158,48,43,26,32,19,0,1,0,0,1,0,0,0,1,0,0,0
908,453500,-2469,48,43,27,31,19,0,1,0,0,1,0,0,0,1,0,0,0
909,454000,-2713,46,45,28,32,20,0,1,0,0,1,0,0,0,1,0,0,0
910,454500,-2922,48,43,30,32,20,0,1,0,0,1,0,0,0,1,0,0,0
911,455000,-2992,48,43,30,32,19,0,1,0,0,1,0,0,0,1,0,0,0
912,455500,-3063,49,44,32,32,19,0,1,0,0,1,0,0,0,1,0,0,0
913,456000,-2992,49,43,30,32,19,0,1,0,0,1,0,0,0,1,0,0,0
914,456500,-2875,49,44,30,32,20,0,1,0,0,1,0,0,0,1,0,0,0
915,457000,-2713,48,43,27,31,19,0,1,0,0,1,0,0,0,1,0,0,0
916,457500,-2441,49,43,27,32,19,0,1,0,0,1,0,0,0,1,0,0,0
917,458000,-2154,48,43,24,31,19,0,1,0,0,1,0,0,0,1,0,0,0
918,458500,-1804,46,45,21,32,20,0,1,0,0,1,0,0,0,1,0,0,0
919,459000,-1385,46,43,21,31,19,0,1,0,0,1,0,0,0,1,0,0,0
920,459500,-915,49,44,21,32,19,0,1,0,0,1,0,0,0,1,0,0,0
921,460000,-457,46,43,18,32,19,0,1,0,0,1,0,0,0,1,0,0,0
922,460500,35,46,43,15,31,19,0,1,0,0,1,0,0,0,1,0,0,0
923,461000,484,46,43,13,30,19,0,1,0,0,1,0,0,0,1,0,0,0
924,461500,938,46,43,9,30,19,0,1,0,0,1,0,0,0,1,0,0,0
925,462000,1340,46,43,12,32,19,0,1,0,0,1,0,0,0,1,0,0,0
926,462500,1759,46,45,11,32,20,0,1,0,0,1,0,0,0,1,0,0,0
927,463000,2107,46,45,9,32,20,0,1,0,0,1,0,0,0,1,0,0,0
928,463500,2418,48,46,9,32,20,0,1,0,0,1,0,0,0,1,0,0,0
929,464000,2662,48,45,8,33,20,0,1,0,0,1,0,0,0,1,0,0,0
930,464500,2838,46,43,6,31,19,0,1,0,0,1,0,0,0,1,0,0,0
931,465000,2941,46,43,5,30,19,0,1,0,0,1,0,0,0,1,0,0,0
932,465500,2977,46,43,5,30,19,0,1,0,0,1,0,0,0,1,0,0,0
933,466000,2934,46,43,5,30,19,0,1,0,0,1,0,0,0,1,0,0,0
934,466500,2820,45,43,5,30,19,0,1,0,0,1,0,0,0,1,0,0,0
935,467000,2637,46,44,8,32,20,0,1,0,0,1,0,0,0,1,0,0,0
936,467500,2387,46,43,8,31,19,0,1,0,0,1,0,0,0,1,0,0,0
937,468000,2078,45,43,10,30,19,0,1,0,0,1,0,0,0,1,0,0,0
938,468500,1716,46,43,12,30,19,0,1,0,0,1,0,0,0,1,0,0,0
939,469000,1310,46,44,14,32,20,0,1,0,0,1,0,0,0,1,0,0,0
940,469500,851,46,43,15,31,19,0,1,0,0,1,0,0,0,1,0,0,0
941,470000,428,46,43,15,30,19,0,1,0,0,1,0,0,0,1,0,0,0
942,470500,-11,46,43,18,30,19,0,1,0,0,1,0,0,0,1,0,0,0
943,471000,-509,48,44,21,32,19,0,1,0,0,1,0,0,0,1,0,0,0
944,471500,-967,46,43,23,32,19,0,1,0,0,1,0,0,0,1,0,0,0
945,472000,-1415,48,43,23,31,19,0,1,0,0,1,0,0,0,1,0,0,0
946,472500,-1813,48,43,24,30,19,0,1,0,0,1,0,0,0,1,0,0,0
947,473000,-2166,49,44,27,32,19,0,1,0,0,1,0,0,0,1,0,0,0
948,473500,-2504,46,45,27,32,20,0,1,0,0,1,0,0,0,1,0,0,0
949,474000,-2713,48,43,29,32,20,0,1,0,0,1,0,0,0,1,0,0,0
950,474500,-2922,46,45,29,32,20,0,1,0,0,1,0,0,0,1,0,0,0
951,475000,-2992,48,43,30,31,19,0,1,0,0,1,0,0,0,1,0,0,0
952,475500,-3063,46,45,30,32,20,0,1,0,0,1,0,0,0,1,0,0,0
953,476000,-2992,48,43,30,31,19,0,1,0,0,1,0,0,0,1,0,0,0
954,476500,-2887,46,45,29,32,20,0,1,0,0,1,0,0,0,1,0,0,0
955,477000,-2713,47,43,27,31,19,0,1,0,0,1,0,0,0,1,0,0,0
956,477500,-2434,46,43,26,30,19,0,1,0,0,1,0,0,0,1,0,0,0
957,478000,-2115,48,43,24,32,19,0,1,0,0,1,0,0,0,1,0,0,0
958,478500,-1769,47,43,23,31,18,0,1,0,0,1,0,0,0,1,0,0,0
959,479000,-1385,46,43,20,30,19,0,1,0,0,1,0,0,0,1,0,0,0
960,479500,-899,47,43,21,30,19,0,1,0,0,1,0,0,0,1,0,0,0
961,480000,-439,48,44,20,32,20,0,1,0,0,1,0,0,0,1,0,0,0
962,480500,50,46,44,16,32,19,0,1,0,0,1,0,0,0,1,0,0,0
963,481000,499,46,43,13,31,19,0,1,0,0,1,0,0,0,1,0,0,0
964,481500,953,48,45,11,32,20,0,1,0,0,1,0,0,0,1,0,0,0
965,482000,1375,46,45,12,32,19,0,1,0,0,1,0,0,0,1,0,0,0
966,482500,1759,46,43,9,31,19,0,1,0,0,1,0,0,0,1,0,0,0
967,483000,2125,46,43,9,30,19,0,1,0,0,1,0,0,0,1,0,0,0
968,483500,2422,46,43,7,30,19,0,1,0,0,1,0,0,0,1,0,0,0
969,484000,2668,46,43,6,30,19,0,1,0,0,1,0,0,0,1,0,0,0
970,484500,2842,46,43,5,30,19,0,1,0,0,1,0,0,0,1,0,0,0
971,485000,2947,46,43,5,30,19,0,1,0,0,1,0,0,0,1,0,0,0
972,485500,2977,46,43,5,30,19,0,1,0,0,1,0,0,0,1,0,0,0
973,486000,2934,46,43,5,30,20,0,1,0,0,1,0,0,0,1,0,0,0
974,486500,2816,45,43,5,30,19,0,1,0,0,1,0,0,0,1,0,0,0
975,487000,2633,46,43,8,32,19,0,1,0,0,1,0,0,0,1,0,0,0
976,487500,2379,46,43,9,32,19,0,1,0,0,1,0,0,0,1,0,0,0
977,488000,2068,46,44,11,32,20,0,1,0,0,1,0,0,0,1,0,0,0
978,488500,1689,46,43,12,31,19,0,1,0,0,1,0,0,0,1,0,0,0
979,489000,1301,46,43,13,30,19,0,1,0,0,1,0,0,0,1,0,0,0
980,489500,851,46,43,15,30,19,0,1,0,0,1,0,0,0,1,0,0,0
981,490000,416,48,45,16,32,20,0,1,0,0,1,0,0,0,1,0,0,0
982,490500,-26,48,45,19,32,20,0,1,0,0,1,0,0,0,1,0,0,0
983,491000,-521,46,45,20,33,20,0,1,0,0,1,0,0,0,1,0,0,0
984,491500,-984,48,43,24,32,19,0,1,0,0,1,0,0,0,1,0,0,0
985,492000,-1454,46,45,21,33,20,0,1,0,0,1,0,0,0,1,0,0,0
986,492500,-1821,46,43,23,31,19,0,1,0,0,1,0,0,0,1,0,0,0
987,493000,-2189,46,45,24,32,20,0,1,0,0,1,0,0,0,1,0,0,0
988,493500,-2504,48,43,27,31,19,0,1,0,0,1,0,0,0,1,0,0,0
989,494000,-2717,49,44,30,32,19,0,1,0,0,1,0,0,0,1,0,0,0
990,494500,-2922,48,43,30,31,19,0,1,0,0,1,0,0,0,1,0,0,0
991,495000,-2996,49,43,30,32,19,0,1,0,0,1,0,0,0,1,0,0,0
992,495500,-3063,48,43,30,31,19,0,1,0,0,1,0,0,0,1,0,0,0
993,496000,-2992,49,44,31,32,20,0,1,0,0,1,0,0,0,1,0,0,0
994,496500,-2887,46,43,29,31,19,0,1,0,0,1,0,0,0,1,0,0,0
995,497000,-2674,49,44,29,32,19,0,1,0,0,1,0,0,0,1,0,0,0
996,497500,-2434,46,43,26,31,19,0,1,0,0,1,0,0,0,1,0,0,0
997,498000,-2115,48,44,24,32,19,0,1,0,0,1,0,0,0,1,0,0,0
998,498500,-1747,49,44,23,32,20,0,1,0,0,1,0,0,0,1,0,0,0
999,499000,-1341,49,45,21,32,20,0,1,0,0,1,0,0,0,1,0,0,0
1000,499500,-889,46,45,21,32,20,0,1,0,0,1,0,0,0,1,0,0,0
1001,500000,-427,46,45,18,32,21,0,1,0,0,1,0,0,0,1,0,0,0
1002,500500,63,46,43,16,31,19,0,1,0,0,1,0,0,0,1,0,0,0
1003,501000,511,48,44,14,32,19,0,1,0,0,1,0,0,0,1,0,0,0
1004,501500,966,46,45,10,32,20,0,1,0,0,1,0,0,0,1,0,0,0
1005,502000,1384,47,45,12,32,20,0,1,0,0,1,0,0,0,1,0,0,0
1006,502500,1785,46,43,9,31,19,0,1,0,0,1,0,0,0,1,0,0,0
1007,503000,2135,46,43,9,30,19,0,1,0,0,1,0,0,0,1,0,0,0
1008,503500,2436,46,43,7,30,19,0,1,0,0,1,0,0,0,1,0,0,0
1009,504000,2668,46,43,7,30,19,0,1,0,0,1,0,0,0,1,0,0,0
1010,504500,2842,46,43,5,30,19,0,1,0,0,1,0,0,0,1,0,0,0
1011,505000,2947,48,45,7,32,20,0,1,0,0,1,0,0,0,1,0,0,0
1012,505500,2977,46,43,5,31,19,0,1,0,0,1,0,0,0,1,0,0,0
1013,506000,2934,46,45,5,32,20,0,1,0,0,1,0,0,0,1,0,0,0
1014,506500,2807,46,43,7,32,20,0,1,0,0,1,0,0,0,1,0,0,0
1015,507000,2623,46,43,8,32,20,0,1,0,0,1,0,0,0,1,0,0,0
1016,507500,2365,46,44,9,32,20,0,1,0,0,1,0,0,0,1,0,0,0
1017,508000,2039,46,43,10,31,19,0,1,0,0,1,0,0,0,1,0,0,0
1018,508500,1689,47,44,12,32,20,0,1,0,0,1,0,0,0,1,0,0,0
1019,509000,1271,48,45,14,33,20,0,1,0,0,1,0,0,0,1,0,0,0
1020,509500,859,46,45,12,32,20,0,1,0,0,1,0,0,0,1,0,0,0
1021,510000,399,47,44,15,32,20,0,1,0,0,1,0,0,0,1,0,0,0
1022,510500,-39,48,43,19,32,20,0,1,0,0,1,0,0,0,1,0,0,0
1023,511000,-535,46,43,20,31,19,0,1,0,0,1,0,0,0,1,0,0,0
1024,511500,-997,46,45,22,32,20,0,1,0,0,1,0,0,0,1,0,0,0
1025,512000,-1454,46,45,23,32,20,0,1,0,0,1,0,0,0,1,0,0,0
1026,512500,-1834,46,45,24,33,20,0,1,0,0,1,0,0,0,1,0,0,0
1027,513000,-2223,49,44,26,32,20,0,1,0,0,1,0,0,0,1,0,0,0
1028,513500,-2504,46,43,27,31,19,0,1,0,0,1,0,0,0,1,0,0,0
1029,514000,-2727,49,44,30,31,19,0,1,0,0,1,0,0,0,1,0,0,0
1030,514500,-2922,49,45,30,32,20,0,1,0,0,1,0,0,0,1,0,0,0
1031,515000,-2996,49,45,32,32,20,0,1,0,0,1,0,0,0,1,0,0,0
1032,515500,-3063,49,44,32,32,20,0,1,0,0,1,0,0,0,1,0,0,0
1033,516000,-2992,49,43,30,32,19,0,1,0,0,1,0,0,0,1,0,0,0
1034,516500,-2887,46,43,28,31,19,0,1,0,0,1,0,0,0,1,0,0,0
1035,517000,-2674,46,45,27,32,20,0,1,0,0,1,0,0,0,1,0,0,0
1036,517500,-2434,48,45,27,32,20,0,1,0,0,1,0,0,0,1,0,0,0
1037,518000,-2102,49,44,24,32,19,0,1,0,0,1,0,0,0,1,0,0,0
1038,518500,-1738,46,43,21,31,19,0,1,0,0,1,0,0,0,1,0,0,0
1039,519000,-1350,46,43,21,30,19,0,1,0,0,1,0,0,0,1,0,0,0
1040,519500,-872,48,44,22,32,19,0,1,0,0,1,0,0,0,1,0,0,0
1041,520000,-414,48,43,18,31,19,0,1,0,0,1,0,0,0,1,0,0,0
1042,520500,77,48,44,17,32,20,0,1,0,0,1,0,0,0,1,0,0,0
1043,521000,525,48,45,15,32,20,0,1,0,0,1,0,0,0,1,0,0,0
1044,521500,979,46,43,9,31,19,0,1,0,0,1,0,0,0,1,0,0,0
1045,522000,1396,46,43,11,32,19,0,1,0,0,1,0,0,0,1,0,0,0
1046,522500,1794,47,44,11,32,20,0,1,0,0,1,0,0,0,1,0,0,0
1047,523000,2143,46,43,9,32,20,0,1,0,0,1,0,0,0,1,0,0,0
1048,523500,2439,46,43,7,31,19,0,1,0,0,1,0,0,0,1,0,0,0
1049,524000,2680,46,43,7,30,19,0,1,0,0,1,0,0,0,1,0,0,0
1050,524500,2850,48,45,7,32,20,0,1,0,0,1,0,0,0,1,0,0,0
1051,525000,2947,48,46,6,33,20,0,1,0,0,1,0,0,0,1,0,0,0
1052,525500,2977,47,45,7,33,20,0,1,0,0,1,0,0,0,1,0,0,0
1053,526000,2930,46,43,6,31,19,0,1,0,0,1,0,0,0,1,0,0,0
1054,526500,2807,48,45,7,32,20,0,1,0,0,1,0,0,0,1,0,0,0
1055,527000,2619,46,43,7,31,19,0,1,0,0,1,0,0,0,1,0,0,0
1056,527500,2365,46,43,8,30,19,0,1,0,0,1,0,0,0,1,0,0,0
1057,528000,2039,48,45,11,32,20,0,1,0,0,1,0,0,0,1,0,0,0
1058,528500,1685,46,45,12,32,20,0,1,0,0,1,0,0,0,1,0,0,0
1059,529000,1271,46,45,13,32,20,0,1,0,0,1,0,0,0,1,0,0,0
1060,529500,846,46,43,12,31,19,0,1,0,0,1,0,0,0,1,0,0,0
1061,530000,388,46,43,15,30,19,0,1,0,0,1,0,0,0,1,0,0,0
1062,530500,-54,48,44,19,32,19,0,1,0,0,1,0,0,0,1,0,0,0
1063,531000,-552,48,45,21,32,20,0,1,0,0,1,0,0,0,1,0,0,0
1064,531500,-1005,48,43,24,31,20,0,1,0,0,1,0,0,0,1,0,0,0
1065,532000,-1454,46,43,23,30,19,0,1,0,0,1,0,0,0,1,0,0,0
1066,532500,-1874,48,43,24,30,19,0,1,0,0,1,0,0,0,1,0,0,0
1067,533000,-2223,46,43,26,30,19,0,1,0,0,1,0,0,0,1,0,0,0
1068,533500,-2504,48,43,27,30,19,0,1,0,0,1,0,0,0,1,0,0,0
1069,534000,-2748,46,45,27,32,20,0,1,0,0,1,0,0,0,1,0,0,0
1070,534500,-2922,47,43,30,31,19,0,1,0,0,1,0,0,0,1,0,0,0
1071,535000,-3027,46,43,30,30,19,0,1,0,0,1,0,0,0,1,0,0,0
1072,535500,-3063,48,43,30,32,19,0,1,0,0,1,0,0,0,1,0,0,0
1073,536000,-2992,46,45,30,32,20,0,1,0,0,1,0,0,0,1,0,0,0
1074,536500,-2852,49,45,30,32,19,0,1,0,0,1,0,0,0,1,0,0,0
1075,537000,-2664,46,43,27,31,19,0,1,0,0,1,0,0,0,1,0,0,0
1076,537500,-2434,48,43,26,32,19,0,1,0,0,1,0,0,0,1,0,0,0
1077,538000,-2092,46,43,24,31,19,0,1,0,0,1,0,0,0,1,0,0,0
1078,538500,-1734,48,43,22,30,18,0,1,0,0,1,0,0,0,1,0,0,0
1079,539000,-1314,46,43,20,30,19,0,1,0,0,1,0,0,0,1,0,0,0
1080,539500,-863,48,43,21,30,19,0,1,0,0,1,0,0,0,1,0,0,0
1081,540000,-396,48,44,19,32,20,0,1,0,0,1,0,0,0,1,0,0,0
1082,540500,92,48,45,17,32,20,0,1,0,0,1,0,0,0,1,0,0,0
1083,541000,540,48,46,14,33,20,0,1,0,0,1,0,0,0,1,0,0,0
1084,541500,992,46,43,9,31,20,0,1,0,0,1,0,0,0,1,0,0,0
1085,542000,1410,48,45,12,32,20,0,1,0,0,1,0,0,0,1,0,0,0
1086,542500,1803,46,46,9,31,19,0,1,0,0,1,0,0,0,1,0,0,0
1087,543000,2152,46,45,9,32,20,0,1,0,0,1,0,0,0,1,0,0,0
1088,543500,2449,46,45,8,32,20,0,1,0,0,1,0,0,0,1,0,0,0
1089,544000,2668,46,45,7,32,20,0,1,0,0,1,0,0,0,1,0,0,0
1090,544500,2855,48,45,7,32,20,0,1,0,0,1,0,0,0,1,0,0,0
1091,545000,2947,46,45,5,32,20,0,1,0,0,1,0,0,0,1,0,0,0
1092,545500,2973,46,45,5,32,20,0,1,0,0,1,0,0,0,1,0,0,0
1093,546000,2924,46,43,5,31,19,0,1,0,0,1,0,0,0,1,0,0,0
1094,546500,2803,48,45,7,32,20,0,1,0,0,1,0,0,0,1,0,0,0
1095,547000,2598,46,43,8,31,19,0,1,0,0,1,0,0,0,1,0,0,0
1096,547500,2357,46,43,9,30,19,0,1,0,0,1,0,0,0,1,0,0,0
1097,548000,2039,46,43,11,32,19,0,1,0,0,1,0,0,0,1,0,0,0
1098,548500,1672,48,45,12,32,20,0,1,0,0,1,0,0,0,1,0,0,0
1099,549000,1262,46,43,13,31,19,0,1,0,0,1,0,0,0,1,0,0,0
1100,549500,833,46,43,12,32,19,0,1,0,0,1,0,0,0,1,0,0,0
1101,550000,373,48,44,16,33,20,0,1,0,0,1,0,0,0,1,0,0,0
1102,550500,-66,48,43,18,31,19,0,1,0,0,1,0,0,0,1,0,0,0
1103,551000,-562,49,44,22,32,20,0,1,0,0,1,0,0,0,1,0,0,0
1104,551500,-1023,47,43,23,31,18,0,1,0,0,1,0,0,0,1,0,0,0
1105,552000,-1459,46,43,23,30,19,0,1,0,0,1,0,0,0,1,0,0,0
1106,552500,-1874,46,43,24,30,19,0,1,0,0,1,0,0,0,1,0,0,0
1107,553000,-2223,49,44,26,32,19,0,1,0,0,1,0,0,0,1,0,0,0
1108,553500,-2504,49,44,29,32,20,0,1,0,0,1,0,0,0,1,0,0,0
1109,554000,-2748,46,43,27,31,19,0,1,0,0,1,0,0,0,1,0,0,0
1110,554500,-2922,46,43,30,30,19,0,1,0,0,1,0,0,0,1,0,0,0
1111,555000,-2996,49,44,32,32,19,0,1,0,0,1,0,0,0,1,0,0,0
1112,555500,-3027,46,43,30,31,19,0,1,0,0,1,0,0,0,1,0,0,0
1113,556000,-2992,46,43,30,30,19,0,1,0,0,1,0,0,0,1,0,0,0
1114,556500,-2852,48,43,30,32,19,0,1,0,0,1,0,0,0,1,0,0,0
1115,557000,-2656,49,44,29,32,20,0,1,0,0,1,0,0,0,1,0,0,0
1116,557500,-2434,48,43,26,31,19,0,1,0,0,1,0,0,0,1,0,0,0
1117,558000,-2084,46,43,23,30,19,0,1,0,0,1,0,0,0,1,0,0,0
1118,558500,-1734,48,44,23,32,19,0,1,0,0,1,0,0,0,1,0,0,0
1119,559000,-1314,46,43,21,31,19,0,1,0,0,1,0,0,0,1,0,0,0
1120,559500,-850,46,43,20,30,19,0,1,0,0,1,0,0,0,1,0,0,0
1121,560000,-383,46,45,18,32,20,0,1,0,0,1,0,0,0,1,0,0,0
1122,560500,105,48,45,16,33,20,0,1,0,0,1,0,0,0,1,0,0,0
1123,561000,553,46,43,13,31,19,0,1,0,0,1,0,0,0,1,0,0,0
1124,561500,1005,48,45,10,32,20,0,1,0,0,1,0,0,0,1,0,0,0
1125,562000,1410,48,45,12,33,20,0,1,0,0,1,0,0,0,1,0,0,0
1126,562500,1816,46,43,10,31,19,0,1,0,0,1,0,0,0,1,0,0,0
1127,563000,2160,46,43,9,32,19,0,1,0,0,1,0,0,0,1,0,0,0
1128,563500,2457,46,44,8,32,20,0,1,0,0,1,0,0,0,1,0,0,0
1129,564000,2693,48,45,7,33,20,0,1,0,0,1,0,0,0,1,0,0,0
1130,564500,2855,46,44,6,32,20,0,1,0,0,1,0,0,0,1,0,0,0
1131,565000,2947,46,44,5,32,19,0,1,0,0,1,0,0,0,1,0,0,0
1132,565500,2973,46,45,5,32,20,0,1,0,0,1,0,0,0,1,0,0,0
1133,566000,2920,46,44,5,32,20,0,1,0,0,1,0,0,0,1,0,0,0
1134,566500,2799,46,45,7,32,20,0,1,0,0,1,0,0,0,1,0,0,0
1135,567000,2605,46,43,8,31,19,0,1,0,0,1,0,0,0,1,0,0,0
1136,567500,2344,46,43,9,30,19,0,1,0,0,1,0,0,0,1,0,0,0
1137,568000,2025,48,45,11,32,20,0,1,0,0,1,0,0,0,1,0,0,0
1138,568500,1659,46,43,11,31,19,0,1,0,0,1,0,0,0,1,0,0,0
1139,569000,1248,46,43,13,30,19,0,1,0,0,1,0,0,0,1,0,0,0
1140,569500,819,46,43,12,30,19,0,1,0,0,1,0,0,0,1,0,0,0
1141,570000,360,48,45,16,32,20,0,1,0,0,1,0,0,0,1,0,0,0
1142,570500,-80,48,43,19,31,19,0,1,0,0,1,0,0,0,1,0,0,0
1143,571000,-578,47,43,20,30,19,0,1,0,0,1,0,0,0,1,0,0,0
1144,571500,-1036,49,44,24,32,20,0,1,0,0,1,0,0,0,1,0,0,0
1145,572000,-1489,46,43,23,32,19,0,1,0,0,1,0,0,0,1,0,0,0
1146,572500,-1874,46,43,24,31,19,0,1,0,0,1,0,0,0,1,0,0,0
1147,573000,-2223,47,43,26,32,19,0,1,0,0,1,0,0,0,1,0,0,0
1148,573500,-2508,47,43,27,31,19,0,1,0,0,1,0,0,0,1,0,0,0
1149,574000,-2748,47,43,29,30,19,0,1,0,0,1,0,0,0,1,0,0,0
1150,574500,-2922,46,45,30,32,20,0,1,0,0,1,0,0,0,1,0,0,0
1151,575000,-3027,46,43,30,31,19,0,1,0,0,1,0,0,0,1,0,0,0
1152,575500,-3063,48,43,30,32,19,0,1,0,0,1,0,0,0,1,0,0,0
1153,576000,-2992,46,45,30,32,20,0,1,0,0,1,0,0,0,1,0,0,0
1154,576500,-2852,47,43,29,31,19,0,1,0,0,1,0,0,0,1,0,0,0
1155,577000,-2646,46,45,27,32,20,0,1,0,0,1,0,0,0,1,0,0,0
1156,577500,-2389,49,45,27,32,20,0,1,0,0,1,0,0,0,1,0,0,0
1157,578000,-2084,46,43,23,31,19,0,1,0,0,1,0,0,0,1,0,0,0
1158,578500,-1734,46,45,21,32,20,0,1,0,0,1,0,0,0,1,0,0,0
1159,579000,-1314,46,45,20,33,20,0,1,0,0,1,0,0,0,1,0,0,0
1160,579500,-832,48,43,21,31,20,0,1,0,0,1,0,0,0,1,0,0,0
1161,580000,-370,46,45,18,32,20,0,1,0,0,1,0,0,0,1,0,0,0
1162,580500,119,47,44,15,32,20,0,1,0,0,1,0,0,0,1,0,0,0
1163,581000,567,48,45,14,33,20,0,1,0,0,1,0,0,0,1,0,0,0
1164,581500,991,46,43,12,31,19,0,1,0,0,1,0,0,0,1,0,0,0
1165,582000,1437,46,43,11,30,20,0,1,0,0,1,0,0,0,1,0,0,0
1166,582500,1825,46,43,9,30,19,0,1,0,0,1,0,0,0,1,0,0,0
1167,583000,2174,46,43,9,30,19,0,1,0,0,1,0,0,0,1,0,0,0
1168,583500,2471,46,43,7,30,19,0,1,0,0,1,0,0,0,1,0,0,0
1169,584000,2697,46,43,7,30,19,0,1,0,0,1,0,0,0,1,0,0,0
1170,584500,2863,46,44,5,32,19,0,1,0,0,1,0,0,0,1,0,0,0
1171,585000,2947,48,45,7,32,20,0,1,0,0,1,0,0,0,1,0,0,0
1172,585500,2973,46,45,6,32,21,0,1,0,0,1,0,0,0,1,0,0,0
1173,586000,2920,45,43,5,31,20,0,1,0,0,1,0,0,0,1,0,0,0
1174,586500,2799,46,43,7,30,19,0,1,0,0,1,0,0,0,1,0,0,0
1175,587000,2598,46,43,8,30,19,0,1,0,0,1,0,0,0,1,0,0,0
1176,587500,2340,46,43,9,30,19,0,1,0,0,1,0,0,0,1,0,0,0
1177,588000,2021,46,43,10,30,19,0,1,0,0,1,0,0,0,1,0,0,0
1178,588500,1650,46,43,12,32,20,0,1,0,0,1,0,0,0,1,0,0,0
1179,589000,1239,46,43,12,31,19,0,1,0,0,1,0,0,0,1,0,0,0
1180,589500,806,46,44,13,32,20,0,1,0,0,1,0,0,0,1,0,0,0
1181,590000,347,46,43,15,31,19,0,1,0,0,1,0,0,0,1,0,0,0
1182,590500,-94,48,44,19,32,19,0,1,0,0,1,0,0,0,1,0,0,0
1183,591000,-588,48,45,22,32,20,0,1,0,0,1,0,0,0,1,0,0,0
1184,591500,-1045,48,43,23,31,19,0,1,0,0,1,0,0,0,1,0,0,0
1185,592000,-1489,47,43,23,30,19,0,1,0,0,1,0,0,0,1,0,0,0
1186,592500,-1878,48,43,24,30,19,0,1,0,0,1,0,0,0,1,0,0,0
1187,593000,-2229,46,43,26,30,19,0,1,0,0,1,0,0,0,1,0,0,0
1188,593500,-2516,46,43,27,31,19,0,1,0,0,1,0,0,0,1,0,0,0
1189,594000,-2783,46,43,29,31,19,0,1,0,0,1,0,0,0,1,0,0,0
1190,594500,-2922,48,43,30,30,19,0,1,0,0,1,0,0,0,1,0,0,0
1191,595000,-3027,46,43,30,30,19,0,1,0,0,1,0,0,0,1,0,0,0
1192,595500,-3063,49,44,32,32,19,0,1,0,0,1,0,0,0,1,0,0,0
1193,596000,-2992,49,43,30,31,20,0,1,0,0,1,0,0,0,1,0,0,0
1194,596500,-2852,46,45,29,32,20,0,1,0,0,1,0,0,0,1,0,0,0
1195,597000,-2646,48,43,27,31,19,0,1,0,0,1,0,0,0,1,0,0,0
1196,597500,-2381,46,45,24,32,20,0,1,0,0,1,0,0,0,1,0,0,0
1197,598000,-2084,49,45,24,32,20,0,1,0,0,1,0,0,0,1,0,0,0
1198,598500,-1694,46,45,21,33,20,0,1,0,0,1,0,0,0,1,0,0,0
1199,599000,-1275,46,43,20,31,20,0,1,0,0,1,0,0,0,1,0,0,0
1200,599500,-820,46,45,21,32,20,0,1,0,0,1,0,0,0,1,0,0,0
1201,600000,-357,46,43,18,31,19,0,1,0,0,1,0,0,0,1,0,0,0
1202,600500,133,46,43,15,30,19,0,1,0,0,1,0,0,0,1,0,0,0
1203,601000,581,46,43,12,30,19,0,1,0,0,1,0,0,0,1,0,0,0
1204,601500,1021,48,45,13,32,20,0,1,0,0,1,0,0,0,1,0,0,0
1205,602000,1449,48,46,12,33,20,0,1,0,0,1,0,0,0,1,0,0,0
1206,602500,1829,48,45,11,33,21,0,1,0,0,1,0,0,0,1,0,0,0
1207,603000,2178,48,46,9,33,20,0,1,0,0,1,0,0,0,1,0,0,0
1208,603500,2457,46,45,8,32,20,0,1,0,0,1,0,0,0,1,0,0,0
1209,604000,2701,46,43,7,31,19,0,1,0,0,1,0,0,0,1,0,0,0
1210,604500,2867,46,43,5,30,19,0,1,0,0,1,0,0,0,1,0,0,0
1211,605000,2947,47,45,5,32,20,0,1,0,0,1,0,0,0,1,0,0,0
1212,605500,2977,46,45,5,32,20,0,1,0,0,1,0,0,0,1,0,0,0
1213,606000,2920,46,43,7,32,20,0,1,0,0,1,0,0,0,1,0,0,0
1214,606500,2789,46,43,7,31,19,0,1,0,0,1,0,0,0,1,0,0,0
1215,607000,2594,46,43,8,30,19,0,1,0,0,1,0,0,0,1,0,0,0
1216,607500,2330,46,43,9,30,19,0,1,0,0,1,0,0,0,1,0,0,0
1217,608000,2008,46,44,11,32,20,0,1,0,0,1,0,0,0,1,0,0,0
1218,608500,1637,46,43,12,31,19,0,1,0,0,1,0,0,0,1,0,0,0
1219,609000,1227,46,43,13,30,19,0,1,0,0,1,0,0,0,1,0,0,0
1220,609500,794,48,45,13,32,20,0,1,0,0,1,0,0,0,1,0,0,0
1221,610000,335,48,45,17,33,20,0,1,0,0,1,0,0,0,1,0,0,0
1222,610500,-107,46,45,18,32,20,0,1,0,0,1,0,0,0,1,0,0,0
1223,611000,-604,46,43,21,31,19,0,1,0,0,1,0,0,0,1,0,0,0
1224,611500,-1058,46,45,23,32,20,0,1,0,0,1,0,0,0,1,0,0,0
1225,612000,-1524,48,43,23,32,20,0,1,0,0,1,0,0,0,1,0,0,0
1226,612500,-1887,48,44,25,32,20,0,1,0,0,1,0,0,0,1,0,0,0
1227,613000,-2232,49,45,27,32,20,0,1,0,0,1,0,0,0,1,0,0,0
1228,613500,-2525,48,45,28,32,20,0,1,0,0,1,0,0,0,1,0,0,0
1229,614000,-2783,49,45,30,31,20,0,1,0,0,1,0,0,0,1,0,0,0
1230,614500,-2922,49,45,31,32,20,0,1,0,0,1,0,0,0,1,0,0,0
1231,615000,-3027,46,43,30,31,19,0,1,0,0,1,0,0,0,1,0,0,0
1232,615500,-3027,46,45,30,32,20,0,1,0,0,1,0,0,0,1,0,0,0
1233,616000,-2992,46,45,30,32,20,0,1,0,0,1,0,0,0,1,0,0,0
1234,616500,-2852,46,43,27,31,19,0,1,0,0,1,0,0,0,1,0,0,0
1235,617000,-2643,46,45,27,32,20,0,1,0,0,1,0,0,0,1,0,0,0
1236,617500,-2371,46,45,24,33,20,0,1,0,0,1,0,0,0,1,0,0,0
1237,618000,-2084,46,45,23,33,20,0,1,0,0,1,0,0,0,1,0,0,0
1238,618500,-1682,46,43,21,31,19,0,1,0,0,1,0,0,0,1,0,0,0
1239,619000,-1267,47,43,21,30,19,0,1,0,0,1,0,0,0,1,0,0,0
1240,619500,-804,48,43,21,31,20,0,1,0,0,1,0,0,0,1,0,0,0
1241,620000,-344,46,43,18,31,20,0,1,0,0,1,0,0,0,1,0,0,0
1242,620500,147,48,44,15,32,20,0,1,0,0,1,0,0,0,1,0,0,0
1243,621000,595,48,45,13,32,20,0,1,0,0,1,0,0,0,1,0,0,0
1244,621500,1025,46,43,12,31,19,0,1,0,0,1,0,0,0,1,0,0,0
1245,622000,1445,46,43,11,30,19,0,1,0,0,1,0,0,0,1,0,0,0
1246,622500,1829,46,43,9,30,19,0,1,0,0,1,0,0,0,1,0,0,0
1247,623000,2178,46,43,9,30,20,0,1,0,0,1,0,0,0,1,0,0,0
1248,623500,2484,46,43,7,31,19,0,1,0,0,1,0,0,0,1,0,0,0
1249,624000,2707,47,44,7,32,20,0,1,0,0,1,0,0,0,1,0,0,0
1250,624500,2867,48,45,7,33,20,0,1,0,0,1,0,0,0,1,0,0,0
1251,625000,2955,46,43,6,31,19,0,1,0,0,1,0,0,0,1,0,0,0
1252,625500,2973,46,44,5,32,20,0,1,0,0,1,0,0,0,1,0,0,0
1253,626000,2916,45,43,5,31,19,0,1,0,0,1,0,0,0,1,0,0,0
1254,626500,2781,47,45,8,32,20,0,1,0,0,1,0,0,0,1,0,0,0
1255,627000,2588,48,45,9,32,20,0,1,0,0,1,0,0,0,1,0,0,0
1256,627500,2318,46,43,9,31,19,0,1,0,0,1,0,0,0,1,0,0,0
1257,628000,1995,46,44,11,32,20,0,1,0,0,1,0,0,0,1,0,0,0
1258,628500,1619,46,43,11,31,19,0,1,0,0,1,0,0,0,1,0,0,0
1259,629000,1200,48,45,15,32,20,0,1,0,0,1,0,0,0,1,0,0,0
1260,629500,782,48,45,13,32,21,0,1,0,0,1,0,0,0,1,0,0,0
1261,630000,322,48,45,16,32,20,0,1,0,0,1,0,0,0,1,0,0,0
1262,630500,-122,49,45,20,32,20,0,1,0,0,1,0,0,0,1,0,0,0
1263,631000,-617,46,43,21,31,19,0,1,0,0,1,0,0,0,1,0,0,0
1264,631500,-1071,48,43,24,32,20,0,1,0,0,1,0,0,0,1,0,0,0
1265,632000,-1524,48,43,23,32,20,0,1,0,0,1,0,0,0,1,0,0,0
1266,632500,-1900,48,43,24,32,20,0,1,0,0,1,0,0,0,1,0,0,0
1267,633000,-2240,46,43,24,31,19,0,1,0,0,1,0,0,0,1,0,0,0
1268,633500,-2533,46,43,27,30,19,0,1,0,0,1,0,0,0,1,0,0,0
1269,634000,-2783,46,45,29,32,20,0,1,0,0,1,0,0,0,1,0,0,0
1270,634500,-2922,46,43,30,31,19,0,1,0,0,1,0,0,0,1,0,0,0
1271,635000,-3006,49,44,32,32,20,0,1,0,0,1,0,0,0,1,0,0,0
1272,635500,-3027,46,43,30,31,19,0,1,0,0,1,0,0,0,1,0,0,0
1273,636000,-2992,49,44,31,32,20,0,1,0,0,1,0,0,0,1,0,0,0
1274,636500,-2852,46,45,29,32,20,0,1,0,0,1,0,0,0,1,0,0,0
1275,637000,-2643,46,43,27,31,19,0,1,0,0,1,0,0,0,1,0,0,0
1276,637500,-2363,48,43,26,30,19,0,1,0,0,1,0,0,0,1,0,0,0
1277,638000,-2049,46,43,23,30,19,0,1,0,0,1,0,0,0,1,0,0,0
1278,638500,-1669,48,43,21,30,19,0,1,0,0,1,0,0,0,1,0,0,0
1279,639000,-1254,46,45,20,32,20,0,1,0,0,1,0,0,0,1,0,0,0
1280,639500,-794,46,45,20,33,20,0,1,0,0,1,0,0,0,1,0,0,0
1281,640000,-327,48,43,18,31,19,0,1,0,0,1,0,0,0,1,0,0,0
1282,640500,161,47,44,15,30,20,0,1,0,0,1,0,0,0,1,0,0,0
1283,641000,606,46,43,13,32,19,0,1,0,0,1,0,0,0,1,0,0,0
1284,641500,1048,48,45,14,32,20,0,1,0,0,1,0,0,0,1,0,0,0
1285,642000,1471,48,45,12,33,20,0,1,0,0,1,0,0,0,1,0,0,0
1286,642500,1859,48,45,11,32,21,0,1,0,0,1,0,0,0,1,0,0,0
1287,643000,2205,46,45,9,32,20,0,1,0,0,1,0,0,0,1,0,0,0
1288,643500,2488,46,43,8,32,20,0,1,0,0,1,0,0,0,1,0,0,0
1289,644000,2715,46,43,7,31,19,0,1,0,0,1,0,0,0,1,0,0,0
1290,644500,2873,46,45,6,32,20,0,1,0,0,1,0,0,0,1,0,0,0
1291,645000,2947,46,45,5,32,20,0,1,0,0,1,0,0,0,1,0,0,0
1292,645500,2973,48,45,5,33,20,0,1,0,0,1,0,0,0,1,0,0,0
1293,646000,2912,48,45,7,33,20,0,1,0,0,1,0,0,0,1,0,0,0
1294,646500,2781,46,45,7,32,20,0,1,0,0,1,0,0,0,1,0,0,0
1295,647000,2580,45,43,8,31,19,0,1,0,0,1,0,0,0,1,0,0,0
1296,647500,2313,47,44,9,32,20,0,1,0,0,1,0,0,0,1,0,0,0
1297,648000,1990,46,43,10,31,19,0,1,0,0,1,0,0,0,1,0,0,0
1298,648500,1615,46,44,12,30,19,0,1,0,0,1,0,0,0,1,0,0,0
1299,649000,1196,48,45,15,32,20,0,1,0,0,1,0,0,0,1,0,0,0
1300,649500,768,46,43,12,32,20,0,1,0,0,1,0,0,0,1,0,0,0
1301,650000,307,48,45,17,32,20,0,1,0,0,1,0,0,0,1,0,0,0
1302,650500,-135,46,43,19,32,19,0,1,0,0,1,0,0,0,1,0,0,0
1303,651000,-630,48,43,21,31,19,0,1,0,0,1,0,0,0,1,0,0,0
1304,651500,-1002,46,45,23,32,20,0,1,0,0,1,0,0,0,1,0,0,0
1305,652000,-1524,48,44,23,32,20,0,1,0,0,1,0,0,0,1,0,0,0
1306,652500,-1943,48,43,24,32,19,0,1,0,0,1,0,0,0,1,0,0,0
1307,653000,-2250,46,43,25,31,19,0,1,0,0,1,0,0,0,1,0,0,0
1308,653500,-2572,46,43,27,30,19,0,1,0,0,1,0,0,0,1,0,0,0
1309,654000,-2783,47,43,29,30,19,0,1,0,0,1,0,0,0,1,0,0,0
1310,654500,-2922,48,42,30,30,19,0,1,0,0,1,0,0,0,1,0,0,0
1311,655000,-3006,49,44,32,32,20,0,1,0,0,1,0,0,0,1,0,0,0
1312,655500,-3027,49,44,32,32,20,0,1,0,0,1,0,0,0,1,0,0,0
1313,656000,-2992,46,45,30,33,20,0,1,0,0,1,0,0,0,1,0,0,0
1314,656500,-2852,46,43,27,31,19,0,1,0,0,1,0,0,0,1,0,0,0
1315,657000,-2643,47,43,27,31,19,0,1,0,0,1,0,0,0,1,0,0,0
1316,657500,-2363,48,43,26,32,19,0,1,0,0,1,0,0,0,1,0,0,0
1317,658000,-2031,49,44,24,32,20,0,1,0,0,1,0,0,0,1,0,0,0
1318,658500,-1664,49,45,23,32,20,0,1,0,0,1,0,0,0,1,0,0,0
1319,659000,-1245,48,43,21,32,20,0,1,0,0,1,0,0,0,1,0,0,0
1320,659500,-781,46,45,20,33,20,0,1,0,0,1,0,0,0,1,0,0,0
1321,660000,-313,46,43,18,31,19,0,1,0,0,1,0,0,0,1,0,0,0
1322,660500,175,48,45,15,32,20,0,1,0,0,1,0,0,0,1,0,0,0
1323,661000,621,46,43,12,31,20,0,1,0,0,1,0,0,0,1,0,0,0
1324,661500,1061,46,43,12,30,19,0,1,0,0,1,0,0,0,1,0,0,0
1325,662000,1479,46,43,11,30,19,0,1,0,0,1,0,0,0,1,0,0,0
1326,662500,1868,47,45,9,32,20,0,1,0,0,1,0,0,0,1,0,0,0
1327,663000,2213,48,45,9,32,21,0,1,0,0,1,0,0,0,1,0,0,0
1328,663500,2496,46,45,8,32,20,0,1,0,0,1,0,0,0,1,0,0,0
1329,664000,2719,46,43,7,31,19,0,1,0,0,1,0,0,0,1,0,0,0
1330,664500,2877,46,44,6,32,20,0,1,0,0,1,0,0,0,1,0,0,0
1331,665000,2947,48,46,5,33,20,0,1,0,0,1,0,0,0,1,0,0,0
1332,665500,2977,46,43,5,31,19,0,1,0,0,1,0,0,0,1,0,0,0
1333,666000,2912,46,43,5,30,19,0,1,0,0,1,0,0,0,1,0,0,0
1334,666500,2775,46,43,7,30,19,0,1,0,0,1,0,0,0,1,0,0,0
1335,667000,2570,47,44,8,32,20,0,1,0,0,1,0,0,0,1,0,0,0
1336,667500,2301,46,43,9,31,19,0,1,0,0,1,0,0,0,1,0,0,0
1337,668000,1969,46,44,11,32,20,0,1,0,0,1,0,0,0,1,0,0,0
1338,668500,1602,48,45,12,33,20,0,1,0,0,1,0,0,0,1,0,0,0
1339,669000,1188,48,45,14,32,20,0,1,0,0,1,0,0,0,1,0,0,0
1340,669500,753,48,45,14,33,20,0,1,0,0,1,0,0,0,1,0,0,0
1341,670000,295,48,45,17,32,20,0,1,0,0,1,0,0,0,1,0,0,0
1342,670500,-149,49,44,20,32,20,0,1,0,0,1,0,0,0,1,0,0,0
1343,671000,-647,46,43,21,31,19,0,1,0,0,1,0,0,0,1,0,0,0
1344,671500,-1002,48,44,24,32,19,0,1,0,0,1,0,0,0,1,0,0,0
1345,672000,-1537,48,43,23,32,19,0,1,0,0,1,0,0,0,1,0,0,0
1346,672500,-1943,46,45,24,32,20,0,1,0,0,1,0,0,0,1,0,0,0
1347,673000,-2293,46,45,26,32,20,0,1,0,0,1,0,0,0,1,0,0,0
1348,673500,-2572,46,45,27,32,20,0,1,0,0,1,0,0,0,1,0,0,0
1349,674000,-2783,46,43,28,31,19,0,1,0,0,1,0,0,0,1,0,0,0
1350,674500,-2926,48,44,30,30,19,0,1,0,0,1,0,0,0,1,0,0,0
1351,675000,-3027,46,45,30,32,20,0,1,0,0,1,0,0,0,1,0,0,0
1352,675500,-3027,48,43,30,32,19,0,1,0,0,1,0,0,0,1,0,0,0
1353,676000,-2953,49,44,30,32,20,0,1,0,0,1,0,0,0,1,0,0,0
1354,676500,-2852,49,44,30,32,19,0,1,0,0,1,0,0,0,1,0,0,0
1355,677000,-2643,49,44,28,32,20,0,1,0,0,1,0,0,0,1,0,0,0
1356,677500,-2363,46,43,24,31,19,0,1,0,0,1,0,0,0,1,0,0,0
1357,678000,-2023,48,43,24,30,19,0,1,0,0,1,0,0,0,1,0,0,0
1358,678500,-1664,46,43,21,30,19,0,1,0,0,1,0,0,0,1,0,0,0
1359,679000,-1245,48,43,21,32,19,0,1,0,0,1,0,0,0,1,0,0,0
1360,679500,-768,49,44,21,32,20,0,1,0,0,1,0,0,0,1,0,0,0
1361,680000,-301,46,43,18,31,19,0,1,0,0,1,0,0,0,1,0,0,0
1362,680500,189,46,43,14,30,19,0,1,0,0,1,0,0,0,1,0,0,0
1363,681000,635,48,44,12,32,19,0,1,0,0,1,0,0,0,1,0,0,0
1364,681500,1061,46,43,12,31,19,0,1,0,0,1,0,0,0,1,0,0,0
1365,682000,1479,46,43,11,30,19,0,1,0,0,1,0,0,0,1,0,0,0
1366,682500,1882,46,43,9,30,19,0,1,0,0,1,0,0,0,1,0,0,0
1367,683000,2221,46,43,8,30,19,0,1,0,0,1,0,0,0,1,0,0,0
1368,683500,2506,46,44,8,32,20,0,1,0,0,1,0,0,0,1,0,0,0
1369,684000,2729,48,45,8,32,20,0,1,0,0,1,0,0,0,1,0,0,0
1370,684500,2877,46,43,6,31,19,0,1,0,0,1,0,0,0,1,0,0,0
1371,685000,2947,46,44,5,30,19,0,1,0,0,1,0,0,0,1,0,0,0
1372,685500,2973,46,43,5,30,19,0,1,0,0,1,0,0,0,1,0,0,0
1373,686000,2906,46,43,5,30,19,0,1,0,0,1,0,0,0,1,0,0,0
1374,686500,2771,46,44,8,30,19,0,1,0,0,1,0,0,0,1,0,0,0
1375,687000,2563,46,43,8,30,19,0,1,0,0,1,0,0,0,1,0,0,0
1376,687500,2295,45,43,9,30,19,0,1,0,0,1,0,0,0,1,0,0,0
1377,688000,1969,46,43,10,30,19,0,1,0,0,1,0,0,0,1,0,0,0
1378,688500,1594,47,44,12,31,20,0,1,0,0,1,0,0,0,1,0,0,0
1379,689000,1174,48,43,14,32,20,0,1,0,0,1,0,0,0,1,0,0,0
1380,689500,741,46,43,12,31,20,0,1,0,0,1,0,0,0,1,0,0,0
1381,690000,278,48,44,17,32,19,0,1,0,0,1,0,0,0,1,0,0,0
1382,690500,-163,46,43,18,31,19,0,1,0,0,1,0,0,0,1,0,0,0
1383,691000,-656,46,43,21,30,19,0,1,0,0,1,0,0,0,1,0,0,0
1384,691500,-1123,46,43,21,30,19,0,1,0,0,1,0,0,0,1,0,0,0
1385,692000,-1542,46,45,22,32,20,0,1,0,0,1,0,0,0,1,0,0,0
1386,692500,-1943,48,43,24,31,19,0,1,0,0,1,0,0,0,1,0,0,0
1387,693000,-2293,46,44,25,32,20,0,1,0,0,1,0,0,0,1,0,0,0
1388,693500,-2572,49,45,29,32,20,0,1,0,0,1,0,0,0,1,0,0,0
1389,694000,-2783,48,43,29,31,20,0,1,0,0,1,0,0,0,1,0,0,0
1390,694500,-2926,46,43,29,30,19,0,1,0,0,1,0,0,0,1,0,0,0
1391,695000,-3027,48,43,30,30,19,0,1,0,0,1,0,0,0,1,0,0,0
1392,695500,-3027,46,43,30,30,19,0,1,0,0,1,0,0,0,1,0,0,0
1393,696000,-2992,47,43,30,30,19,0,1,0,0,1,0,0,0,1,0,0,0
1394,696500,-2852,49,44,30,32,19,0,1,0,0,1,0,0,0,1,0,0,0
1395,697000,-2643,48,43,27,31,19,0,1,0,0,1,0,0,0,1,0,0,0
1396,697500,-2363,46,43,25,30,19,0,1,0,0,1,0,0,0,1,0,0,0
1397,698000,-2014,49,44,24,32,20,0,1,0,0,1,0,0,0,1,0,0,0
1398,698500,-1664,46,43,21,31,20,0,1,0,0,1,0,0,0,1,0,0,0
1399,699000,-1245,46,45,20,32,20,0,1,0,0,1,0,0,0,1,0,0,0
1400,699500,-751,48,45,21,32,20,0,1,0,0,1,0,0,0,1,0,0,0
1401,700000,-288,46,45,18,33,21,0,1,0,0,1,0,0,0,1,0,0,0
1402,700500,203,46,43,14,31,19,0,1,0,0,1,0,0,0,1,0,0,0
1403,701000,649,48,45,13,32,20,0,1,0,0,1,0,0,0,1,0,0,0
1404,701500,1087,46,43,12,31,19,0,1,0,0,1,0,0,0,1,0,0,0
1405,702000,1506,46,43,11,32,19,0,1,0,0,1,0,0,0,1,0,0,0
1406,702500,1895,46,43,9,32,19,0,1,0,0,1,0,0,0,1,0,0,0
1407,703000,2230,46,43,8,31,19,0,1,0,0,1,0,0,0,1,0,0,0
1408,703500,2510,46,43,7,30,19,0,1,0,0,1,0,0,0,1,0,0,0
1409,704000,2732,46,43,7,31,19,0,1,0,0,1,0,0,0,1,0,0,0
1410,704500,2885,46,43,5,31,20,0,1,0,0,1,0,0,0,1,0,0,0
1411,705000,2947,48,45,7,32,20,0,1,0,0,1,0,0,0,1,0,0,0
1412,705500,2973,46,43,5,31,20,0,1,0,0,1,0,0,0,1,0,0,0
1413,706000,2902,46,44,7,32,20,0,1,0,0,1,0,0,0,1,0,0,0
1414,706500,2768,46,44,7,31,19,0,1,0,0,1,0,0,0,1,0,0,0
1415,707000,2559,46,43,8,30,19,0,1,0,0,1,0,0,0,1,0,0,0
1416,707500,2287,48,45,10,32,20,0,1,0,0,1,0,0,0,1,0,0,0
1417,708000,1960,46,43,10,31,19,0,1,0,0,1,0,0,0,1,0,0,0
1418,708500,1580,46,45,12,32,20,0,1,0,0,1,0,0,0,1,0,0,0
1419,709000,1161,47,45,14,32,20,0,1,0,0,1,0,0,0,1,0,0,0
1420,709500,728,48,45,14,33,20,0,1,0,0,1,0,0,0,1,0,0,0
1421,710000,267,46,45,17,31,20,0,1,0,0,1,0,0,0,1,0,0,0
1422,710500,-175,46,43,20,30,19,0,1,0,0,1,0,0,0,1,0,0,0
1423,711000,-673,47,43,21,32,19,0,1,0,0,1,0,0,0,1,0,0,0
1424,711500,-1141,46,43,21,31,19,0,1,0,0,1,0,0,0,1,0,0,0
1425,712000,-1555,46,45,21,32,20,0,1,0,0,1,0,0,0,1,0,0,0
1426,712500,-1943,49,44,24,32,20,0,1,0,0,1,0,0,0,1,0,0,0
1427,713000,-2293,49,45,27,31,20,0,1,0,0,1,0,0,0,1,0,0,0
1428,713500,-2572,46,43,27,30,19,0,1,0,0,1,0,0,0,1,0,0,0
1429,714000,-2783,47,43,30,30,19,0,1,0,0,1,0,0,0,1,0,0,0
1430,714500,-2932,49,44,30,32,20,0,1,0,0,1,0,0,0,1,0,0,0
1431,715000,-3027,46,43,30,31,19,0,1,0,0,1,0,0,0,1,0,0,0
1432,715500,-3027,48,44,30,30,19,0,1,0,0,1,0,0,0,1,0,0,0
1433,716000,-2957,48,43,30,30,19,0,1,0,0,1,0,0,0,1,0,0,0
1434,716500,-2809,46,45,27,32,20,0,1,0,0,1,0,0,0,1,0,0,0
1435,717000,-2643,49,44,29,32,20,0,1,0,0,1,0,0,0,1,0,0,0
1436,717500,-2363,46,45,24,32,20,0,1,0,0,1,0,0,0,1,0,0,0
1437,718000,-2014,48,45,24,32,20,0,1,0,0,1,0,0,0,1,0,0,0
1438,718500,-1620,49,44,23,32,20,0,1,0,0,1,0,0,0,1,0,0,0
1439,719000,-1201,49,44,21,32,20,0,1,0,0,1,0,0,0,1,0,0,0
1440,719500,-742,47,43,21,31,19,0,1,0,0,1,0,0,0,1,0,0,0
1441,720000,-275,46,45,17,32,20,0,1,0,0,1,0,0,0,1,0,0,0
1442,720500,217,46,44,13,31,19,0,1,0,0,1,0,0,0,1,0,0,0
1443,721000,663,46,43,12,30,19,0,1,0,0,1,0,0,0,1,0,0,0
1444,721500,1100,46,43,12,30,19,0,1,0,0,1,0,0,0,1,0,0,0
1445,722000,1520,46,43,11,30,19,0,1,0,0,1,0,0,0,1,0,0,0
1446,722500,1899,48,44,9,32,20,0,1,0,0,1,0,0,0,1,0,0,0
1447,723000,2238,46,43,9,31,19,0,1,0,0,1,0,0,0,1,0,0,0
1448,723500,2518,48,45,9,32,20,0,1,0,0,1,0,0,0,1,0,0,0
1449,724000,2736,46,43,7,31,20,0,1,0,0,1,0,0,0,1,0,0,0
1450,724500,2885,46,43,6,30,19,0,1,0,0,1,0,0,0,1,0,0,0
1451,725000,2965,46,43,5,30,19,0,1,0,0,1,0,0,0,1,0,0,0
1452,725500,2969,46,43,5,30,19,0,1,0,0,1,0,0,0,1,0,0,0
1453,726000,2902,46,43,5,30,20,0,1,0,0,1,0,0,0,1,0,0,0
1454,726500,2764,46,43,7,30,19,0,1,0,0,1,0,0,0,1,0,0,0
1455,727000,2553,46,43,8,30,19,0,1,0,0,1,0,0,0,1,0,0,0
1456,727500,2279,46,44,9,32,20,0,1,0,0,1,0,0,0,1,0,0,0
1457,728000,1947,46,43,10,31,20,0,1,0,0,1,0,0,0,1,0,0,0
1458,728500,1550,46,43,12,30,19,0,1,0,0,1,0,0,0,1,0,0,0
1459,729000,1131,49,45,15,32,20,0,1,0,0,1,0,0,0,1,0,0,0
1460,729500,714,46,43,12,31,19,0,1,0,0,1,0,0,0,1,0,0,0
1461,730000,252,46,43,15,30,19,0,1,0,0,1,0,0,0,1,0,0,0
1462,730500,-191,47,43,20,32,19,0,1,0,0,1,0,0,0,1,0,0,0
1463,731000,-686,46,45,21,32,20,0,1,0,0,1,0,0,0,1,0,0,0
1464,731500,-1175,46,43,21,31,19,0,1,0,0,1,0,0,0,1,0,0,0
1465,732000,-1595,46,45,23,32,20,0,1,0,0,1,0,0,0,1,0,0,0
1466,732500,-1952,46,45,24,33,20,0,1,0,0,1,0,0,0,1,0,0,0
1467,733000,-2293,46,45,26,33,20,0,1,0,0,1,0,0,0,1,0,0,0
1468,733500,-2572,48,43,27,31,20,0,1,0,0,1,0,0,0,1,0,0,0
1469,734000,-2787,48,43,29,30,19,0,1,0,0,1,0,0,0,1,0,0,0
1470,734500,-2936,46,45,29,32,20,0,1,0,0,1,0,0,0,1,0,0,0
1471,735000,-3027,48,43,30,32,19,0,1,0,0,1,0,0,0,1,0,0,0
1472,735500,-3027,46,43,30,31,19,0,1,0,0,1,0,0,0,1,0,0,0
1473,736000,-2949,48,44,30,32,19,0,1,0,0,1,0,0,0,1,0,0,0
1474,736500,-2805,48,43,30,31,19,0,1,0,0,1,0,0,0,1,0,0,0
1475,737000,-2607,49,43,27,32,19,0,1,0,0,1,0,0,0,1,0,0,0
1476,737500,-2328,47,43,26,31,19,0,1,0,0,1,0,0,0,1,0,0,0
1477,738000,-2014,48,43,24,30,19,0,1,0,0,1,0,0,0,1,0,0,0
1478,738500,-1629,46,43,21,31,19,0,1,0,0,1,0,0,0,1,0,0,0
1479,739000,-1188,48,43,21,32,19,0,1,0,0,1,0,0,0,1,0,0,0
1480,739500,-725,46,45,20,33,20,0,1,0,0,1,0,0,0,1,0,0,0
1481,740000,-259,47,43,18,32,20,0,1,0,0,1,0,0,0,1,0,0,0
1482,740500,231,46,43,13,32,20,0,1,0,0,1,0,0,0,1,0,0,0
1483,741000,676,47,44,12,32,20,0,1,0,0,1,0,0,0,1,0,0,0
1484,741500,1113,46,43,12,31,19,0,1,0,0,1,0,0,0,1,0,0,0
1485,742000,1532,46,45,11,32,19,0,1,0,0,1,0,0,0,1,0,0,0
1486,742500,1899,46,43,9,32,20,0,1,0,0,1,0,0,0,1,0,0,0
1487,743000,2248,46,43,9,32,20,0,1,0,0,1,0,0,0,1,0,0,0
1488,743500,2527,48,45,9,32,20,0,1,0,0,1,0,0,0,1,0,0,0
1489,744000,2736,48,46,8,33,20,0,1,0,0,1,0,0,0,1,0,0,0
1490,744500,2877,47,46,6,33,20,0,1,0,0,1,0,0,0,1,0,0,0
1491,745000,2965,46,43,5,31,19,0,1,0,0,1,0,0,0,1,0,0,0
1492,745500,2969,46,43,5,30,20,0,1,0,0,1,0,0,0,1,0,0,0
1493,746000,2877,46,44,5,32,20,0,1,0,0,1,0,0,0,1,0,0,0
1494,746500,2754,46,43,7,31,19,0,1,0,0,1,0,0,0,1,0,0,0
