1,0,18,46,43,17,30,19,0,0,0,0,0,0,0,0,0,0,0,0
2,500,18,46,43,16,30,19,0,0,0,0,0,0,0,0,0,0,0,0
3,1000,17,48,45,18,32,19,0,0,0,0,0,0,0,0,0,0,0,0
4,1500,18,46,43,16,31,19,0,0,0,0,0,0,0,0,0,0,0,0
5,2000,19,46,43,17,30,19,0,0,0,0,0,0,0,0,0,0,0,0
6,2500,19,46,43,17,30,19,0,0,0,0,0,0,0,0,0,0,0,0
7,3000,18,46,43,17,30,19,0,0,0,0,0,0,0,0,0,0,0,0
8,3500,18,46,43,17,30,19,0,0,0,0,0,0,0,0,0,0,0,0
9,4000,18,46,43,16,30,19,0,0,0,0,0,0,0,0,0,0,0,0
10,4500,19,46,43,17,31,19,0,0,0,0,0,0,0,0,0,0,0,0
11,5000,18,48,45,17,32,20,0,0,0,0,0,0,0,0,0,0,0,0
12,5500,19,46,43,17,32,19,0,0,0,0,0,0,0,0,0,0,0,0
13,6000,18,46,43,17,30,19,0,0,0,0,0,0,0,0,0,0,0,0
14,6500,18,46,43,17,30,19,0,0,0,0,0,0,0,0,0,0,0,0
15,7000,18,46,43,16,30,19,0,0,0,0,0,0,0,0,0,0,0,0
16,7500,18,47,44,17,31,19,0,0,0,0,0,0,0,0,0,0,0,0
17,8000,17,47,44,17,32,19,0,0,0,0,0,0,0,0,0,0,0,0
18,8500,18,46,43,17,30,19,0,0,0,0,0,0,0,0,0,0,0,0
19,9000,18,46,43,16,30,19,0,0,0,0,0,0,0,0,0,0,0,0
20,9500,18,46,44,17,32,19,0,0,0,0,0,0,0,0,0,0,0,0
21,10000,18,46,43,16,30,19,0,0,0,0,0,0,0,0,0,0,0,0
22,10500,18,46,43,17,30,19,0,0,0,0,0,0,0,0,0,0,0,0
23,11000,18,46,42,17,30,19,0,0,0,0,0,0,0,0,0,0,0,0
24,11500,19,46,43,16,31,19,0,0,0,0,0,0,0,0,0,0,0,0
25,12000,20,46,43,17,30,19,0,0,0,0,0,0,0,0,0,0,0,0
26,12500,18,47,44,17,32,19,0,0,0,0,0,0,0,0,0,0,0,0
27,13000,18,48,44,17,32,19,0,0,0,0,0,0,0,0,0,0,0,0
28,13500,18,48,45,18,32,19,0,0,0,0,0,0,0,0,0,0,0,0
29,14000,19,46,43,17,30,19,0,0,0,0,0,0,0,0,0,0,0,0
30,14500,17,47,44,18,32,19,0,0,0,0,0,0,0,0,0,0,0,0
31,15000,18,46,43,16,30,19,0,0,0,0,0,0,0,0,0,0,0,0
32,15500,18,46,43,17,30,18,0,0,0,0,0,0,0,0,0,0,0,0
33,16000,18,46,43,16,30,18,0,0,0,0,0,0,0,0,0,0,0,0
34,16500,18,46,43,16,30,18,0,0,0,0,0,0,0,0,0,0,0,0
35,17000,18,46,43,16,30,19,0,0,0,0,0,0,0,0,0,0,0,0
36,17500,18,46,43,16,30,19,0,0,0,0,0,0,0,0,0,0,0,0
37,18000,17,48,45,18,32,20,0,0,0,0,0,0,0,0,0,0,0,0
38,18500,19,46,43,16,30,19,0,0,0,0,0,0,0,0,0,0,0,0
39,19000,18,46,43,17,30,19,0,0,0,0,0,0,0,0,0,0,0,0
40,19500,18,47,44,17,32,19,0,0,0,0,0,0,0,0,0,0,0,0
41,20000,19,46,43,17,32,19,0,0,0,0,0,0,0,0,0,0,0,0
42,20500,17,48,44,18,32,20,0,0,0,0,0,0,0,0,0,0,0,0
43,21000,19,46,43,17,31,20,0,0,0,0,0,0,0,0,0,0,0,0
44,21500,17,48,45,18,32,20,0,0,0,0,0,0,0,0,0,0,0,0
45,22000,18,46,43,17,31,19,0,0,0,0,0,0,0,0,0,0,0,0
46,22500,17,47,44,17,31,19,0,0,0,0,0,0,0,0,0,0,0,0
47,23000,18,46,43,17,30,19,0,0,0,0,0,0,0,0,0,0,0,0
48,23500,18,46,43,16,30,18,0,0,0,0,0,0,0,0,0,0,0,0
49,24000,17,47,44,17,32,19,0,0,0,0,0,0,0,0,0,0,0,0
50,24500,18,46,43,16,30,19,0,0,0,0,0,0,0,0,0,0,0,0
51,25000,18,46,43,17,30,18,0,0,0,0,0,0,0,0,0,0,0,0
52,25500,18,46,43,16,30,19,0,0,0,0,0,0,0,0,0,0,0,0
53,26000,18,46,43,16,30,19,0,0,0,0,0,0,0,0,0,0,0,0
54,26500,17,46,44,17,31,19,0,0,0,0,0,0,0,0,0,0,0,0
55,27000,17,48,44,18,32,19,0,0,0,0,0,0,0,0,0,0,0,0
56,27500,18,46,43,17,30,19,0,0,0,0,0,0,0,0,0,0,0,0
57,28000,19,46,45,17,31,19,0,0,0,0,0,0,0,0,0,0,0,0
58,28500,17,48,45,18,32,19,0,0,0,0,0,0,0,0,0,0,0,0
59,29000,18,46,43,16,31,19,0,0,0,0,0,0,0,0,0,0,0,0
60,29500,19,46,43,17,30,19,0,0,0,0,0,0,0,0,0,0,0,0
61,30000,17,47,44,17,31,19,0,0,0,0,0,0,0,0,0,0,0,0
62,30500,18,46,43,16,30,19,0,0,0,0,0,0,0,0,0,0,0,0
63,31000,18,47,44,17,32,19,0,0,0,0,0,0,0,0,0,0,0,0
64,31500,19,46,44,17,30,19,0,0,0,0,0,0,0,0,0,0,0,0
65,32000,17,47,44,17,32,19,0,0,0,0,0,0,0,0,0,0,0,0
66,32500,19,46,43,17,30,19,0,0,0,0,0,0,0,0,0,0,0,0
67,33000,18,47,44,17,32,19,0,0,0,0,0,0,0,0,0,0,0,0
68,33500,18,48,45,18,32,20,0,0,0,0,0,0,0,0,0,0,0,0
69,34000,19,46,43,17,30,19,0,0,0,0,0,0,0,0,0,0,0,0
70,34500,17,48,45,17,32,20,0,0,0,0,0,0,0,0,0,0,0,0
71,35000,18,48,44,17,32,20,0,0,0,0,0,0,0,0,0,0,0,0
72,35500,18,46,43,16,30,18,0,0,0,0,0,0,0,0,0,0,0,0
73,36000,18,47,44,17,31,19,0,0,0,0,0,0,0,0,0,0,0,0
74,36500,17,48,45,18,32,20,0,0,0,0,0,0,0,0,0,0,0,0
75,37000,17,46,44,17,32,20,0,0,0,0,0,0,0,0,0,0,0,0
76,37500,17,48,45,18,32,20,0,0,0,0,0,0,0,0,0,0,0,0
77,38000,19,46,43,17,31,19,0,0,0,0,0,0,0,0,0,0,0,0
78,38500,18,46,43,17,30,18,0,0,0,0,0,0,0,0,0,0,0,0
79,39000,18,46,43,17,30,18,0,0,0,0,0,0,0,0,0,0,0,0
80,39500,18,46,43,16,30,18,0,0,0,0,0,0,0,0,0,0,0,0
81,40000,18,46,43,16,30,19,0,0,0,0,0,0,0,0,0,0,0,0
82,40500,18,48,44,18,32,20,0,0,0,0,0,0,0,0,0,0,0,0
83,41000,18,46,43,17,30,19,0,0,0,0,0,0,0,0,0,0,0,0
84,41500,17,48,45,18,32,20,0,0,0,0,0,0,0,0,0,0,0,0
85,42000,17,46,44,17,32,20,0,0,0,0,0,0,0,0,0,0,0,0
86,42500,17,47,44,17,32,19,0,0,0,0,0,0,0,0,0,0,0,0
87,43000,18,47,44,17,32,19,0,0,0,0,0,0,0,0,0,0,0,0
88,43500,17,47,44,18,32,19,0,0,0,0,0,0,0,0,0,0,0,0
89,44000,18,46,43,17,30,19,0,0,0,0,0,0,0,0,0,0,0,0
90,44500,18,48,45,18,32,19,0,0,0,0,0,0,0,0,0,0,0,0
91,45000,18,46,43,16,30,19,0,0,0,0,0,0,0,0,0,0,0,0
92,45500,17,47,44,17,31,19,0,0,0,0,0,0,0,0,0,0,0,0
93,46000,17,48,45,18,32,20,0,0,0,0,0,0,0,0,0,0,0,0
94,46500,18,46,43,17,31,19,0,0,0,0,0,0,0,0,0,0,0,0
95,47000,18,46,43,17,30,19,0,0,0,0,0,0,0,0,0,0,0,0
96,47500,18,46,43,17,30,19,0,0,0,0,0,0,0,0,0,0,0,0
97,48000,17,48,45,18,32,19,0,0,0,0,0,0,0,0,0,0,0,0
98,48500,18,46,43,17,30,19,0,0,0,0,0,0,0,0,0,0,0,0
99,49000,17,48,45,18,32,19,0,0,0,0,0,0,0,0,0,0,0,0
100,49500,18,46,43,17,31,19,0,0,0,0,0,0,0,0,0,0,0,0
101,50000,18,47,44,17,32,19,0,0,0,0,0,0,0,0,0,0,0,0
102,50500,18,48,45,18,32,20,0,0,0,0,0,0,0,0,0,0,0,0
103,51000,18,46,43,17,30,19,0,0,0,0,0,0,0,0,0,0,0,0
104,51500,17,47,44,17,32,19,0,0,0,0,0,0,0,0,0,0,0,0
105,52000,18,46,43,16,30,19,0,0,0,0,0,0,0,0,0,0,0,0
106,52500,18,47,44,17,30,19,0,0,0,0,0,0,0,0,0,0,0,0
107,53000,18,47,44,18,31,19,0,0,0,0,0,0,0,0,0,0,0,0
108,53500,19,46,44,17,30,19,0,0,0,0,0,0,0,0,0,0,0,0
109,54000,17,47,44,18,32,19,0,0,0,0,0,0,0,0,0,0,0,0
110,54500,18,47,44,17,32,19,0,0,0,0,0,0,0,0,0,0,0,0
111,55000,18,46,43,17,30,18,0,0,0,0,0,0,0,0,0,0,0,0
112,55500,18,46,43,17,30,18,0,0,0,0,0,0,0,0,0,0,0,0
113,56000,19,46,43,17,30,19,0,0,0,0,0,0,0,0,0,0,0,0
114,56500,18,45,43,16,30,19,0,0,0,0,0,0,0,0,0,0,0,0
115,57000,18,46,43,17,30,18,0,0,0,0,0,0,0,0,0,0,0,0
116,57500,19,46,43,17,30,19,0,0,0,0,0,0,0,0,0,0,0,0
117,58000,19,46,43,17,32,19,0,0,0,0,0,0,0,0,0,0,0,0
118,58500,18,46,43,16,30,19,0,0,0,0,0,0,0,0,0,0,0,0
119,59000,18,46,44,17,31,20,0,0,0,0,0,0,0,0,0,0,0,0
120,59500,17,47,44,17,32,20,0,0,0,0,0,0,0,0,0,0,0,0
121,60000,18,47,44,17,32,19,0,0,0,0,0,0,0,0,0,0,0,0
122,60500,18,46,43,17,30,18,0,0,0,0,0,0,0,0,0,0,0,0
123,61000,21,47,44,17,32,19,0,0,0,0,0,0,0,0,0,0,0,0
124,61500,194,48,45,15,32,20,0,0,0,0,0,0,0,0,0,0,0,0
125,62000,656,46,43,12,30,19,0,0,0,0,0,0,0,0,0,0,0,0
126,62500,1200,46,43,11,30,19,0,0,0,0,0,0,0,0,0,0,0,0
127,63000,1711,46,43,10,30,19,0,0,0,0,0,0,0,0,0,0,0,0
128,63500,2152,48,45,8,32,19,0,0,0,0,0,0,0,0,0,0,0,0
129,64000,2541,46,43,8,31,18,0,0,0,0,0,0,0,0,0,0,0,0
130,64500,2867,46,43,5,30,19,0,0,0,0,0,0,0,0,0,0,0,0
131,65000,3121,47,45,5,32,20,0,0,0,0,0,0,0,0,0,0,1,0
132,65500,3287,45,43,5,31,19,0,0,0,0,0,0,0,0,0,0,1,0
133,66000,3365,46,45,5,32,20,0,0,0,0,0,0,0,0,0,0,1,0
134,66500,3365,47,45,5,32,20,0,0,0,0,0,0,0,0,0,0,1,0
135,67000,3287,45,43,5,30,19,0,0,0,0,0,0,0,0,0,0,1,0
136,67500,3117,46,44,5,32,19,0,0,0,0,0,0,0,0,0,0,1,0
137,68000,2867,45,43,7,30,19,0,0,0,0,0,0,0,0,0,0,1,0
138,68500,2541,48,43,11,30,19,0,0,0,0,0,0,0,0,0,0,1,0
139,69000,2146,46,44,10,32,19,0,0,0,0,0,0,0,0,0,0,1,0
140,69500,1689,46,44,11,32,20,0,0,0,0,0,0,0,0,0,0,1,0
141,70000,1200,46,43,14,30,19,0,0,0,0,0,0,0,0,0,0,1,0
142,70500,705,47,45,14,32,20,0,0,0,0,0,0,0,0,0,0,1,0
143,71000,166,48,45,17,32,20,0,0,0,0,0,0,0,0,0,0,1,0
144,71500,-379,48,43,20,32,19,0,0,0,0,0,0,0,0,0,0,1,0
145,72000,-924,48,43,23,32,19,0,0,0,0,0,0,0,0,0,0,1,0
146,72500,-1463,46,45,22,32,20,0,0,0,0,0,0,0,0,0,0,1,0
147,73000,-1948,46,45,24,32,20,0,0,0,0,0,0,0,0,0,0,1,0
148,73500,-2389,46,45,26,32,20,0,0,0,0,0,0,0,0,0,0,1,0
149,74000,-2783,46,43,29,30,19,0,0,0,0,0,0,0,0,0,0,1,0
150,74500,-3131,48,44,32,32,19,0,0,0,0,0,0,0,0,0,0,1,0
151,75000,-3342,46,43,32,30,18,0,0,0,0,0,0,0,0,0,0,1,0
152,75500,-3504,49,44,35,31,19,0,0,0,0,0,0,0,0,0,0,1,0
153,76000,-3621,48,44,35,32,19,0,0,0,0,0,0,0,0,0,0,1,0
154,76500,-3621,47,43,33,30,19,0,0,0,0,0,0,0,0,0,0,1,0
155,77000,-3490,47,45,32,32,20,0,0,0,0,0,0,0,0,0,0,1,0
156,77500,-3342,48,43,33,32,19,0,0,0,0,0,0,0,0,0,0,1,0
157,78000,-3063,46,45,29,32,20,0,0,0,0,0,0,0,0,0,0,1,0
158,78500,-2748,48,43,27,32,19,0,0,0,0,0,0,0,0,0,0,1,0
159,79000,-2363,46,45,24,32,20,0,0,0,0,0,0,0,0,0,0,1,0
160,79500,-1887,48,43,23,32,20,0,0,0,0,0,0,0,0,0,0,1,0
161,80000,-1394,49,44,21,32,19,0,0,0,0,0,0,0,0,0,0,1,0
162,80500,-850,46,43,20,30,19,0,0,0,0,0,0,0,0,0,0,1,0
163,81000,-305,46,45,18,32,19,0,0,0,0,0,0,0,0,0,0,1,0
164,81500,262,48,46,13,33,20,0,0,0,0,0,0,0,0,0,0,1,0
165,82000,786,46,43,10,31,19,0,0,0,0,0,0,0,0,0,0,1,0
166,82500,1271,48,45,11,32,19,0,0,0,0,0,0,0,0,0,0,1,0
167,83000,1759,46,45,10,32,20,0,0,0,0,0,0,0,0,0,0,1,0
168,83500,2217,46,43,8,30,19,0,0,0,0,0,0,0,0,0,0,1,0
169,84000,2598,47,45,8,32,20,0,0,0,0,0,0,0,0,0,0,1,0
170,84500,2916,46,45,5,32,19,0,0,0,0,0,0,0,0,0,0,0,0
171,85000,3156,46,43,5,32,19,0,0,0,0,0,0,0,0,0,0,0,0
172,85500,3326,45,43,5,30,19,0,0,0,0,0,0,0,0,0,0,0,0
173,86000,3400,45,43,4,30,19,0,0,0,0,0,0,0,0,0,0,0,0
174,86500,3400,45,43,4,30,19,0,0,0,0,0,0,0,0,1,0,0,0
175,87000,3295,47,45,5,32,20,0,0,0,0,0,0,0,0,1,0,0,0
176,87500,3135,46,44,5,32,19,0,0,0,0,0,0,0,0,1,0,0,0
177,88000,2877,48,45,7,32,20,0,0,0,0,0,0,0,0,1,0,0,0
178,88500,2549,46,43,8,31,19,0,0,0,0,0,0,0,0,1,0,0,0
179,89000,2156,46,44,10,31,20,0,0,0,0,0,0,0,0,1,0,0,0
180,89500,1689,46,45,11,32,20,0,0,0,0,0,0,0,0,1,0,0,0
181,90000,1200,46,43,13,30,19,0,0,0,0,0,0,0,0,1,0,0,0
182,90500,702,46,43,13,30,18,0,0,0,0,0,0,0,0,1,0,0,0
183,91000,161,46,43,16,30,19,0,0,0,0,0,0,0,0,1,0,0,0
184,91500,-388,46,45,19,32,20,0,0,0,0,0,0,0,0,1,0,0,0
185,92000,-933,46,45,22,33,20,0,0,0,0,0,0,0,0,1,0,0,0
186,92500,-1468,48,44,24,32,20,0,0,0,0,0,0,0,0,1,0,0,0
187,93000,-1948,46,43,24,30,19,0,0,0,0,0,0,0,0,1,0,0,0
188,93500,-2389,47,43,27,31,19,0,0,0,0,0,0,0,0,1,0,0,0
189,94000,-2783,48,43,30,32,19,0,0,0,0,0,0,0,0,1,0,0,0
190,94500,-3092,48,44,32,32,19,0,0,0,0,0,0,0,0,1,0,0,0
191,95000,-3342,46,43,32,30,19,0,0,0,0,0,0,0,0,1,0,0,0
192,95500,-3494,46,43,32,30,19,0,0,0,0,0,0,0,0,1,0,0,0
193,96000,-3586,46,43,33,30,19,0,0,0,0,0,0,0,0,1,0,0,0
194,96500,-3586,48,43,33,30,19,0,0,0,0,0,0,0,0,1,0,0,0
195,97000,-3480,48,44,33,31,19,0,0,0,0,0,0,0,0,1,0,0,0
196,97500,-3307,48,43,32,30,19,0,0,0,0,0,0,0,0,1,0,0,0
197,98000,-3063,46,45,29,33,20,0,0,0,0,0,0,0,0,1,0,0,0
198,98500,-2713,47,43,27,31,19,0,0,0,0,0,0,0,0,1,0,0,0
199,99000,-2328,46,43,24,30,19,0,0,0,0,0,0,0,0,1,0,0,0
200,99500,-1874,46,44,21,32,20,0,0,0,0,0,0,0,0,1,0,0,0
201,100000,-1385,46,45,20,32,20,0,0,0,0,0,0,0,0,1,0,0,0
202,100500,-820,46,45,20,32,20,0,0,0,0,0,0,0,0,1,0,0,0
203,101000,-276,46,45,17,32,20,0,0,0,0,0,0,0,0,1,0,0,0
204,101500,290,46,43,12,30,19,0,0,0,0,0,0,0,0,1,0,0,0
205,102000,813,46,43,10,30,19,0,0,0,0,0,0,0,0,1,0,0,0
206,102500,1318,46,44,11,32,19,0,0,0,0,0,0,0,0,1,0,0,0
207,103000,1803,46,43,8,32,19,0,0,0,0,0,0,0,0,1,0,0,0
208,103500,2238,46,44,8,32,19,0,0,0,0,0,0,0,0,1,0,0,0
209,104000,2623,45,43,7,30,19,0,0,0,0,0,0,0,0,1,0,0,0
210,104500,2938,46,44,5,32,19,0,0,0,0,0,0,0,0,1,0,0,0
211,105000,3178,47,45,5,32,20,0,0,0,0,0,0,0,0,1,0,0,0
212,105500,3340,45,43,4,31,19,0,0,0,0,0,0,0,0,1,0,0,0
213,106000,3414,46,43,4,30,19,0,0,0,0,0,0,0,0,1,0,0,0
214,106500,3410,46,43,4,30,19,0,0,0,0,0,0,0,0,1,0,0,0
215,107000,3295,46,44,5,31,20,0,0,0,0,0,0,0,0,1,0,0,0
216,107500,3135,45,43,5,30,19,0,0,0,0,0,0,0,0,1,0,0,0
217,108000,2877,47,43,7,30,19,0,0,0,0,0,0,0,0,1,0,0,0
218,108500,2553,45,43,8,30,19,0,0,0,0,0,0,0,0,1,0,0,0
219,109000,2143,45,43,10,30,19,0,0,0,0,0,0,0,0,1,0,0,0
220,109500,1702,46,43,11,30,19,0,0,0,0,0,0,0,0,1,0,0,0
221,110000,1200,46,43,13,30,19,0,0,0,0,0,0,0,0,1,0,0,0
222,110500,696,48,45,14,32,20,0,0,0,0,0,0,0,0,1,0,0,0
223,111000,155,46,43,16,30,19,0,0,0,0,0,0,0,0,1,0,0,0
224,111500,-396,46,43,20,30,19,0,0,0,0,0,0,0,0,1,0,0,0
225,112000,-935,46,43,23,30,19,0,0,0,0,0,0,0,0,1,0,0,0
226,112500,-1489,46,45,22,32,19,0,0,0,0,0,0,0,0,1,0,0,0
227,113000,-1957,47,43,24,30,19,0,0,0,0,0,0,0,0,1,0,0,0
228,113500,-2398,47,43,27,30,18,0,0,0,0,0,0,0,0,1,0,0,0
229,114000,-2783,48,44,30,32,19,0,0,0,0,0,0,0,0,1,0,0,0
230,114500,-3088,46,45,30,32,19,0,0,0,0,0,0,0,0,1,0,0,0
231,115000,-3342,48,43,33,30,19,0,0,0,0,0,0,0,0,1,0,0,0
232,115500,-3490,49,44,35,31,19,0,0,0,0,0,0,0,0,1,0,0,0
233,116000,-3586,46,43,33,30,19,0,0,0,0,0,0,0,0,1,0,0,0
234,116500,-3555,49,44,34,31,19,0,0,0,0,0,0,0,0,1,0,0,0
235,117000,-3480,46,45,32,32,20,0,0,0,0,0,0,0,0,1,0,0,0
236,117500,-3281,48,43,32,32,19,0,0,0,0,0,0,0,0,1,0,0,0
237,118000,-3027,48,43,30,30,19,0,0,0,0,0,0,0,0,1,0,0,0
238,118500,-2713,48,44,28,31,19,0,0,0,0,0,0,0,0,1,0,0,0
239,119000,-2293,46,45,24,32,19,0,0,0,0,0,0,0,0,1,0,0,0
240,119500,-1834,46,43,21,30,19,0,0,0,0,0,0,0,0,1,0,0,0
241,120000,-1350,46,45,20,32,19,0,0,0,0,0,0,0,0,1,0,0,0
242,120500,-794,46,43,20,30,19,0,0,0,0,0,0,0,0,1,0,0,0
243,121000,-250,48,44,18,32,19,0,0,0,0,0,0,0,0,1,0,0,0
244,121500,314,46,43,11,30,19,0,0,0,0,0,0,0,0,1,0,0,0
245,122000,837,46,43,10,30,19,0,0,0,0,0,0,0,0,1,0,0,0
246,122500,1340,46,43,11,30,19,0,0,0,0,0,0,0,0,1,0,0,0
247,123000,1825,46,44,10,31,20,0,0,0,0,0,0,0,0,1,0,0,0
248,123500,2248,47,45,8,32,20,0,0,0,0,0,0,0,0,1,0,0,0
249,124000,2641,45,43,6,30,19,0,0,0,0,0,0,0,0,1,0,0,0
250,124500,2947,48,45,5,32,20,0,0,0,0,0,0,0,0,1,0,0,0
251,125000,3191,45,43,4,30,19,0,0,0,0,0,0,0,0,1,0,0,0
252,125500,3348,45,43,4,30,19,0,0,0,0,0,0,0,0,1,0,0,0
253,126000,3432,45,43,2,30,19,0,0,0,0,0,0,0,0,1,0,0,0
254,126500,3418,45,43,4,30,19,0,0,0,0,0,0,0,0,1,0,0,0
255,127000,3318,45,42,4,30,19,0,0,0,0,0,0,0,0,1,0,0,0
256,127500,3139,45,43,5,30,19,0,0,0,0,0,0,0,0,1,0,0,0
257,128000,2877,47,44,7,32,20,0,0,0,0,0,0,0,0,1,0,0,0
258,128500,2549,46,44,8,32,20,0,0,0,0,0,0,0,0,1,0,0,0
259,129000,2152,46,44,10,32,20,0,0,0,0,0,0,0,0,1,0,0,0
260,129500,1689,46,44,11,32,19,0,0,0,0,0,0,0,0,1,0,0,0
261,130000,1200,45,43,13,30,19,0,0,0,0,0,0,0,0,1,0,0,0
262,130500,688,46,43,12,30,19,0,0,0,0,0,0,0,0,1,0,0,0
263,131000,147,46,43,16,30,19,0,0,0,0,0,0,0,0,1,0,0,0
264,131500,-405,47,43,20,31,19,0,0,0,0,0,0,0,0,1,0,0,0
265,132000,-950,46,43,22,30,19,0,0,0,0,0,0,0,0,1,0,0,0
266,132500,-1489,46,43,23,30,19,0,0,0,0,0,0,0,0,1,0,0,0
267,133000,-1966,47,43,24,31,19,0,0,0,0,0,0,0,0,1,0,0,0
268,133500,-2395,48,43,27,30,19,0,0,0,0,0,0,0,0,1,0,0,0
269,134000,-2783,46,45,29,32,19,0,0,0,0,0,0,0,0,1,0,0,0
270,134500,-3088,46,43,30,30,19,0,0,0,0,0,0,0,0,1,0,0,0
271,135000,-3342,46,45,32,32,20,0,0,0,0,0,0,0,0,1,0,0,0
272,135500,-3486,46,43,33,31,19,0,0,0,0,0,0,0,0,1,0,0,0
273,136000,-3561,48,43,34,30,19,0,0,0,0,0,0,0,0,1,0,0,0
274,136500,-3551,49,44,35,32,19,0,0,0,0,0,0,0,0,1,0,0,0
275,137000,-3480,48,43,33,31,19,0,0,0,0,0,0,0,0,1,0,0,0
276,137500,-3271,46,43,30,30,19,0,0,0,0,0,0,0,0,1,0,0,0
277,138000,-3027,46,43,30,30,19,0,0,0,0,0,0,0,0,1,0,0,0
278,138500,-2674,48,44,29,31,19,0,0,0,0,0,0,0,0,1,0,0,0
279,139000,-2293,48,44,25,32,20,0,0,0,0,0,0,0,0,1,0,0,0
280,139500,-1817,48,43,24,32,20,0,0,0,0,0,0,0,0,1,0,0,0
281,140000,-1314,46,43,20,30,19,0,0,0,0,0,0,0,0,1,0,0,0
282,140500,-777,47,43,20,30,19,0,0,0,0,0,0,0,0,1,0,0,0
283,141000,-228,46,43,17,30,19,0,0,0,0,0,0,0,0,1,0,0,0
284,141500,321,48,45,15,32,20,0,0,0,0,0,0,0,0,1,0,0,0
285,142000,860,46,43,10,30,19,0,0,0,0,0,0,0,0,1,0,0,0
286,142500,1340,47,45,11,32,19,0,0,0,0,0,0,0,0,1,0,0,0
287,143000,1847,46,43,8,30,19,0,0,0,0,0,0,0,0,1,0,0,0
288,143500,2283,45,43,8,30,19,0,0,0,0,0,0,0,0,1,0,0,0
289,144000,2662,45,43,5,30,19,0,0,0,0,0,0,0,0,1,0,0,0
290,144500,2969,47,45,5,32,20,0,0,0,0,0,0,0,0,1,0,0,0
291,145000,3203,45,43,4,30,19,0,0,0,0,0,0,0,0,1,0,0,0
292,145500,3361,45,43,4,30,19,0,0,0,0,0,0,0,0,1,0,0,0
293,146000,3436,45,43,4,30,19,0,0,0,0,0,0,0,0,1,0,0,0
294,146500,3418,45,43,4,30,19,0,0,0,0,0,0,0,0,1,0,0,0
295,147000,3322,47,45,5,32,20,0,0,0,0,0,0,0,0,1,0,0,0
296,147500,3139,45,43,5,30,19,0,0,0,0,0,0,0,0,1,0,0,0
297,148000,2877,45,44,5,31,19,0,0,0,0,0,0,0,0,1,0,0,0
298,148500,2527,46,43,8,31,19,0,0,0,0,0,0,0,0,1,0,0,0
299,149000,2143,46,44,10,30,19,0,0,0,0,0,0,0,0,1,0,0,0
300,149500,1689,45,43,11,30,19,0,0,0,0,0,0,0,0,1,0,0,0
301,150000,1191,46,43,13,30,19,0,0,0,0,0,0,0,0,1,0,0,0
302,150500,676,46,43,13,30,19,0,0,0,0,0,0,0,0,1,0,0,0
303,151000,136,48,44,17,32,20,0,0,0,0,0,0,0,0,1,0,0,0
304,151500,-414,48,44,21,32,19,0,0,0,0,0,0,0,0,1,0,0,0
305,152000,-958,46,43,22,30,18,0,0,0,0,0,0,0,0,1,0,0,0
306,152500,-1489,46,43,22,30,18,0,0,0,0,0,0,0,0,1,0,0,0
307,153000,-1966,46,42,24,30,19,0,0,0,0,0,0,0,0,1,0,0,0
308,153500,-2395,48,43,27,30,19,0,0,0,0,0,0,0,0,1,0,0,0
309,154000,-2783,48,44,30,31,19,0,0,0,0,0,0,0,0,1,0,0,0
310,154500,-3092,48,43,32,30,19,0,0,0,0,0,0,0,0,1,0,0,0
311,155000,-3342,46,45,32,32,19,0,0,0,0,0,0,0,0,1,0,0,0
312,155500,-3480,47,43,33,30,19,0,0,0,0,0,0,0,0,1,0,0,0
313,156000,-3555,48,43,33,30,19,0,0,0,0,0,0,0,0,1,0,0,0
314,156500,-3551,48,43,33,32,19,0,0,0,0,0,0,0,0,1,0,0,0
315,157000,-3445,46,45,32,32,19,0,0,0,0,0,0,0,0,1,0,0,0
316,157500,-3271,48,43,32,30,19,0,0,0,0,0,0,0,0,1,0,0,0
317,158000,-2992,49,44,30,30,19,0,0,0,0,0,0,0,0,1,0,0,0
318,158500,-2652,48,44,28,32,19,0,0,0,0,0,0,0,0,1,0,0,0
319,159000,-2254,47,43,24,30,19,0,0,0,0,0,0,0,0,1,0,0,0
320,159500,-1804,48,44,23,32,19,0,0,0,0,0,0,0,0,1,0,0,0
321,160000,-1314,48,44,21,32,19,0,0,0,0,0,0,0,0,1,0,0,0
322,160500,-751,48,43,20,32,19,0,0,0,0,0,0,0,0,1,0,0,0
323,161000,-206,46,43,17,30,19,0,0,0,0,0,0,0,0,1,0,0,0
324,161500,342,46,43,14,30,18,0,0,0,0,0,0,0,0,1,0,0,0
325,162000,880,46,43,10,30,19,0,0,0,0,0,0,0,0,1,0,0,0
326,162500,1388,46,43,11,30,19,0,0,0,0,0,0,0,0,1,0,0,0
327,163000,1868,46,44,10,32,19,0,0,0,0,0,0,0,0,1,0,0,0
328,163500,2301,45,43,8,30,19,0,0,0,0,0,0,0,0,1,0,0,0
329,164000,2676,45,43,5,30,19,0,0,0,0,0,0,0,0,1,0,0,0
330,164500,2980,46,43,5,30,19,0,0,0,0,0,0,0,0,1,0,0,0
331,165000,3217,46,43,5,31,19,0,0,0,0,0,0,0,0,1,0,0,0
332,165500,3365,46,44,4,32,20,0,0,0,0,0,0,0,0,1,0,0,0
333,166000,3436,46,45,4,32,20,0,0,0,0,0,0,0,0,1,0,0,0
334,166500,3428,45,43,4,30,19,0,0,0,0,0,0,0,0,1,0,0,0
335,167000,3322,45,43,5,30,19,0,0,0,0,0,0,0,0,1,0,0,0
336,167500,3139,45,43,5,31,19,0,0,0,0,0,0,0,0,1,0,0,0
337,168000,2877,46,43,7,30,19,0,0,0,0,0,0,0,0,1,0,0,0
338,168500,2527,47,44,8,32,20,0,0,0,0,0,0,0,0,1,0,0,0
339,169000,2139,45,43,10,31,19,0,0,0,0,0,0,0,0,1,0,0,0
340,169500,1681,46,43,11,30,19,0,0,0,0,0,0,0,0,1,0,0,0
341,170000,1179,46,44,14,32,19,0,0,0,0,0,0,0,0,1,0,0,0
342,170500,666,46,43,12,30,19,0,0,0,0,0,0,0,0,1,0,0,0
343,171000,152,46,43,14,30,18,0,0,0,0,0,0,0,0,1,0,0,0
344,171500,-422,46,45,19,32,19,0,0,0,0,0,0,0,0,1,0,0,0
345,172000,-967,48,44,23,32,19,0,0,0,0,0,0,0,0,1,0,0,0
346,172500,-1524,46,43,22,30,19,0,0,0,0,0,0,0,0,1,0,0,0
347,173000,-2014,48,43,24,32,19,0,0,0,0,0,0,0,0,1,0,0,0
348,173500,-2434,48,44,27,32,19,0,0,0,0,0,0,0,0,1,0,0,0
349,174000,-2787,46,45,29,32,20,0,0,0,0,0,0,0,0,1,0,0,0
350,174500,-3092,46,43,30,30,19,0,0,0,0,0,0,0,0,1,0,0,0
351,175000,-3342,47,43,32,30,19,0,0,0,0,0,0,0,0,1,0,0,0
352,175500,-3480,46,45,32,32,20,0,0,0,0,0,0,0,0,1,0,0,0
353,176000,-3551,47,43,33,31,19,0,0,0,0,0,0,0,0,1,0,0,0
354,176500,-3551,48,43,33,30,19,0,0,0,0,0,0,0,0,1,0,0,0
355,177000,-3445,46,43,32,30,19,0,0,0,0,0,0,0,0,1,0,0,0
356,177500,-3271,47,43,30,30,18,0,0,0,0,0,0,0,0,1,0,0,0
357,178000,-2992,46,43,29,30,18,0,0,0,0,0,0,0,0,1,0,0,0
358,178500,-2643,48,44,27,32,19,0,0,0,0,0,0,0,0,1,0,0,0
359,179000,-2232,46,43,24,30,19,0,0,0,0,0,0,0,0,1,0,0,0
360,179500,-1804,46,43,22,30,18,0,0,0,0,0,0,0,0,1,0,0,0
361,180000,-1271,46,43,20,30,18,0,0,0,0,0,0,0,0,1,0,0,0
362,180500,-728,46,43,20,31,18,0,0,0,0,0,0,0,0,1,0,0,0
363,181000,-189,47,43,18,32,19,0,0,0,0,0,0,0,0,1,0,0,0
364,181500,363,46,43,14,30,19,0,0,0,0,0,0,0,0,1,0,0,0
365,182000,902,48,45,11,32,20,0,0,0,0,0,0,0,0,1,0,0,0
366,182500,1405,46,45,11,32,20,0,0,0,0,0,0,0,0,1,0,0,0
367,183000,1886,46,43,8,30,19,0,0,0,0,0,0,0,0,1,0,0,0
368,183500,2318,46,43,8,30,19,0,0,0,0,0,0,0,0,1,0,0,0
369,184000,2693,45,43,5,30,19,0,0,0,0,0,0,0,0,1,0,0,0
370,184500,2998,46,44,5,32,19,0,0,0,0,0,0,0,0,1,0,0,0
371,185000,3227,45,43,5,30,19,0,0,0,0,0,0,0,0,1,0,0,0
372,185500,3365,47,45,5,32,20,0,0,0,0,0,0,0,0,1,0,0,0
373,186000,3436,46,45,4,32,20,0,0,0,0,0,0,0,0,1,0,0,0
374,186500,3432,45,43,4,30,19,0,0,0,0,0,0,0,0,1,0,0,0
375,187000,3326,45,43,5,30,19,0,0,0,0,0,0,0,0,1,0,0,0
376,187500,3139,46,43,5,30,19,0,0,0,0,0,0,0,0,1,0,0,0
377,188000,2873,45,43,5,30,18,0,0,0,0,0,0,0,0,1,0,0,0
378,188500,2527,47,45,8,32,20,0,0,0,0,0,0,0,0,1,0,0,0
379,189000,2107,46,43,10,30,19,0,0,0,0,0,0,0,0,1,0,0,0
380,189500,1672,47,45,13,32,20,0,0,0,0,0,0,0,0,1,0,0,0
381,190000,1165,46,43,14,30,19,0,0,0,0,0,0,0,0,1,0,0,0
382,190500,655,46,43,13,31,19,0,0,0,0,0,0,0,0,1,0,0,0
383,191000,140,46,43,16,30,19,0,0,0,0,0,0,0,0,1,0,0,0
384,191500,-434,48,43,20,30,19,0,0,0,0,0,0,0,0,1,0,0,0
385,192000,-980,46,43,22,30,19,0,0,0,0,0,0,0,0,1,0,0,0
386,192500,-1524,46,43,23,30,19,0,0,0,0,0,0,0,0,1,0,0,0
387,193000,-2014,46,43,24,30,19,0,0,0,0,0,0,0,0,1,0,0,0
388,193500,-2434,48,43,27,31,19,0,0,0,0,0,0,0,0,1,0,0,0
389,194000,-2791,46,45,29,32,19,0,0,0,0,0,0,0,0,1,0,0,0
390,194500,-3131,48,43,31,32,19,0,0,0,0,0,0,0,0,1,0,0,0
391,195000,-3342,49,43,33,32,19,0,0,0,0,0,0,0,0,1,0,0,0
392,195500,-3480,46,43,33,30,19,0,0,0,0,0,0,0,0,1,0,0,0
393,196000,-3551,46,44,33,33,20,0,0,0,0,0,0,0,0,1,0,0,0
394,196500,-3551,46,45,33,32,20,0,0,0,0,0,0,0,0,1,0,0,0
395,197000,-3420,48,44,33,32,19,0,0,0,0,0,0,0,0,1,0,0,0
396,197500,-3232,48,43,32,30,19,0,0,0,0,0,0,0,0,1,0,0,0
397,198000,-2953,48,43,30,30,19,0,0,0,0,0,0,0,0,1,0,0,0
398,198500,-2643,46,43,27,31,19,0,0,0,0,0,0,0,0,1,0,0,0
399,199000,-2223,48,43,24,30,19,0,0,0,0,0,0,0,0,1,0,0,0
400,199500,-1769,46,43,21,30,19,0,0,0,0,0,0,0,0,1,0,0,0
401,200000,-1254,46,43,20,30,18,0,0,0,0,0,0,0,0,1,0,0,0
402,200500,-712,46,44,19,32,20,0,0,0,0,0,0,0,0,1,0,0,0
403,201000,-144,46,43,18,31,19,0,0,0,0,0,0,0,0,1,0,0,0
404,201500,382,48,45,15,32,19,0,0,0,0,0,0,0,0,1,0,0,0
405,202000,920,46,43,9,30,19,0,0,0,0,0,0,0,0,1,0,0,0
406,202500,1410,46,43,11,30,19,0,0,0,0,0,0,0,0,1,0,0,0
407,203000,1899,47,44,8,32,19,0,0,0,0,0,0,0,0,1,0,0,0
408,203500,2318,46,44,8,30,19,0,0,0,0,0,0,0,0,1,0,0,0
409,204000,2701,46,43,7,30,19,0,0,0,0,0,0,0,0,1,0,0,0
410,204500,3012,45,43,5,30,19,0,0,0,0,0,0,0,0,1,0,0,0
411,205000,3227,46,44,5,31,19,0,0,0,0,0,0,0,0,1,0,0,0
412,205500,3387,47,45,4,32,20,0,0,0,0,0,0,0,0,1,0,0,0
413,206000,3453,45,43,4,30,19,0,0,0,0,0,0,0,0,1,0,0,0
414,206500,3432,46,44,4,32,20,0,0,0,0,0,0,0,0,1,0,0,0
415,207000,3326,46,44,5,30,20,0,0,0,0,0,0,0,0,1,0,0,0
416,207500,3135,46,44,5,32,19,0,0,0,0,0,0,0,0,1,0,0,0
417,208000,2867,46,43,7,30,19,0,0,0,0,0,0,0,0,1,0,0,0
418,208500,2527,46,43,8,31,19,0,0,0,0,0,0,0,0,1,0,0,0
419,209000,2107,46,44,10,32,20,0,0,0,0,0,0,0,0,1,0,0,0
420,209500,1663,45,43,11,30,19,0,0,0,0,0,0,0,0,1,0,0,0
421,210000,1161,46,43,14,30,19,0,0,0,0,0,0,0,0,1,0,0,0
422,210500,644,46,43,14,31,19,0,0,0,0,0,0,0,0,1,0,0,0
423,211000,127,48,45,17,32,20,0,0,0,0,0,0,0,0,1,0,0,0
424,211500,-448,46,43,20,31,19,0,0,0,0,0,0,0,0,1,0,0,0
425,212000,-993,46,43,23,30,19,0,0,0,0,0,0,0,0,1,0,0,0
426,212500,-1524,47,43,23,30,19,0,0,0,0,0,0,0,0,1,0,0,0
427,213000,-2014,46,43,24,30,19,0,0,0,0,0,0,0,0,1,0,0,0
428,213500,-2434,48,44,27,30,19,0,0,0,0,0,0,0,0,1,0,0,0
429,214000,-2795,46,43,29,30,19,0,0,0,0,0,0,0,0,1,0,0,0
430,214500,-3131,48,43,31,30,19,0,0,0,0,0,0,0,0,1,0,0,0
431,215000,-3342,46,45,32,32,20,0,0,0,0,0,0,0,0,1,0,0,0
432,215500,-3480,46,43,33,30,19,0,0,0,0,0,0,0,0,1,0,0,0
433,216000,-3551,46,44,33,32,20,0,0,0,0,0,0,0,0,1,0,0,0
434,216500,-3512,46,43,33,31,19,0,0,0,0,0,0,0,0,1,0,0,0
435,217000,-3412,47,43,32,30,19,0,0,0,0,0,0,0,0,1,0,0,0
436,217500,-3215,48,43,32,30,19,0,0,0,0,0,0,0,0,1,0,0,0
437,218000,-2949,49,44,30,32,19,0,0,0,0,0,0,0,0,1,0,0,0
438,218500,-2643,48,43,27,32,19,0,0,0,0,0,0,0,0,1,0,0,0
439,219000,-2223,46,42,24,30,19,0,0,0,0,0,0,0,0,1,0,0,0
440,219500,-1738,46,43,21,30,19,0,0,0,0,0,0,0,0,1,0,0,0
441,220000,-1245,48,44,21,31,20,0,0,0,0,0,0,0,0,1,0,0,0
442,220500,-690,46,45,19,32,20,0,0,0,0,0,0,0,0,1,0,0,0
443,221000,-126,47,44,18,32,19,0,0,0,0,0,0,0,0,1,0,0,0
444,221500,404,46,43,14,30,19,0,0,0,0,0,0,0,0,1,0,0,0
445,222000,942,48,45,10,32,20,0,0,0,0,0,0,0,0,1,0,0,0
446,222500,1445,46,43,11,30,19,0,0,0,0,0,0,0,0,1,0,0,0
447,223000,1921,46,43,8,30,19,0,0,0,0,0,0,0,0,1,0,0,0
448,223500,2354,46,43,8,30,19,0,0,0,0,0,0,0,0,1,0,0,0
449,224000,2725,46,44,7,32,20,0,0,0,0,0,0,0,0,1,0,0,0
450,224500,3016,46,43,5,30,19,0,0,0,0,0,0,0,0,1,0,0,0
451,225000,3248,45,44,5,30,19,0,0,0,0,0,0,0,0,1,0,0,0
452,225500,3396,46,43,4,31,19,0,0,0,0,0,0,0,0,1,0,0,0
453,226000,3457,46,44,4,32,20,0,0,0,0,0,0,0,0,1,0,0,0
454,226500,3436,46,44,4,32,20,0,0,0,0,0,0,0,0,1,0,0,0
455,227000,3326,46,44,5,32,20,0,0,0,0,0,0,0,0,1,0,0,0
456,227500,3129,45,43,5,30,19,0,0,0,0,0,0,0,0,1,0,0,0
457,228000,2859,45,43,5,32,20,0,0,0,0,0,0,0,0,1,0,0,0
458,228500,2518,46,43,8,30,19,0,0,0,0,0,0,0,0,1,0,0,0
459,229000,2107,47,45,11,32,20,0,0,0,0,0,0,0,0,1,0,0,0
460,229500,1654,46,43,11,30,19,0,0,0,0,0,0,0,0,1,0,0,0
461,230000,1131,46,43,14,30,19,0,0,0,0,0,0,0,0,1,0,0,0
462,230500,631,48,44,15,32,19,0,0,0,0,0,0,0,0,1,0,0,0
463,231000,115,46,43,16,30,19,0,0,0,0,0,0,0,0,1,0,0,0
464,231500,-459,47,43,21,31,19,0,0,0,0,0,0,0,0,1,0,0,0
465,232000,-1002,46,43,23,30,19,0,0,0,0,0,0,0,0,1,0,0,0
466,232500,-1528,48,44,24,32,19,0,0,0,0,0,0,0,0,1,0,0,0
467,233000,-2014,46,45,24,32,20,0,0,0,0,0,0,0,0,1,0,0,0
468,233500,-2434,46,43,27,30,19,0,0,0,0,0,0,0,0,1,0,0,0
469,234000,-2801,46,43,28,30,19,0,0,0,0,0,0,0,0,1,0,0,0
470,234500,-3131,46,43,30,30,19,0,0,0,0,0,0,0,0,1,0,0,0
471,235000,-3342,46,45,32,33,20,0,0,0,0,0,0,0,0,1,0,0,0
472,235500,-3480,46,43,33,31,19,0,0,0,0,0,0,0,0,1,0,0,0
473,236000,-3551,47,43,33,30,19,0,0,0,0,0,0,0,0,1,0,0,0
474,236500,-3512,49,44,33,32,20,0,0,0,0,0,0,0,0,1,0,0,0
475,237000,-3412,46,42,32,30,19,0,0,0,0,0,0,0,0,1,0,0,0
476,237500,-3211,49,44,32,32,19,0,0,0,0,0,0,0,0,1,0,0,0
477,238000,-2936,48,43,30,32,19,0,0,0,0,0,0,0,0,1,0,0,0
478,238500,-2607,46,44,27,32,20,0,0,0,0,0,0,0,0,1,0,0,0
479,239000,-2189,46,45,23,32,20,0,0,0,0,0,0,0,0,1,0,0,0
480,239500,-1734,47,43,21,30,19,0,0,0,0,0,0,0,0,1,0,0,0
481,240000,-1245,47,43,20,30,19,0,0,0,0,0,0,0,0,1,0,0,0
482,240500,-673,48,44,21,31,20,0,0,0,0,0,0,0,0,1,0,0,0
483,241000,-105,46,45,17,32,20,0,0,0,0,0,0,0,0,1,0,0,0
484,241500,424,46,43,14,30,19,0,0,0,0,0,0,0,0,1,0,0,0
485,242000,959,48,45,10,32,20,0,0,0,0,0,0,0,0,1,0,0,0
486,242500,1462,46,43,11,31,20,0,0,0,0,0,0,0,0,1,0,0,0
487,243000,1942,45,43,8,30,19,0,0,0,0,0,0,0,0,1,0,0,0
488,243500,2365,46,43,8,30,19,0,0,0,0,0,0,0,0,1,0,0,0
489,244000,2736,45,43,5,30,19,0,0,0,0,0,0,0,0,1,0,0,0
490,244500,3016,46,43,5,30,19,0,0,0,0,0,0,0,0,1,0,0,0
491,245000,3256,45,43,5,30,19,0,0,0,0,0,0,0,0,1,0,0,0
492,245500,3400,46,43,4,31,19,0,0,0,0,0,0,0,0,1,0,0,0
493,246000,3457,46,44,4,32,19,0,0,0,0,0,0,0,0,1,0,0,0
494,246500,3432,46,44,4,32,20,0,0,0,0,0,0,0,0,1,0,0,0
495,247000,3322,45,43,5,30,19,0,0,0,0,0,0,0,0,1,0,0,0
496,247500,3129,47,45,5,32,20,0,0,0,0,0,0,0,0,1,0,0,0
497,248000,2855,48,45,7,32,21,0,0,0,0,0,0,0,0,1,0,0,0
498,248500,2506,46,44,8,32,20,0,0,0,0,0,0,0,0,1,0,0,0
499,249000,2100,45,43,10,30,19,0,0,0,0,0,0,0,0,1,0,0,0
500,249500,1619,48,44,11,32,20,0,0,0,0,0,0,0,0,1,0,0,0
501,250000,1131,47,45,14,33,20,0,0,0,0,0,0,0,0,1,0,0,0
502,250500,619,45,43,14,31,19,0,0,0,0,0,0,0,0,1,0,0,0
503,251000,103,46,43,16,30,18,0,0,0,0,0,0,0,0,1,0,0,0
504,251500,-474,46,43,20,30,19,0,0,0,0,0,0,0,0,1,0,0,0
505,252000,-1015,47,43,23,30,19,0,0,0,0,0,0,0,0,1,0,0,0
506,252500,-1542,46,44,23,32,20,0,0,0,0,0,0,0,0,1,0,0,0
507,253000,-2018,47,43,24,32,20,0,0,0,0,0,0,0,0,1,0,0,0
508,253500,-2469,46,44,26,32,20,0,0,0,0,0,0,0,0,1,0,0,0
509,254000,-2813,47,43,29,30,18,0,0,0,0,0,0,0,0,1,0,0,0
510,254500,-3131,46,43,33,30,18,0,0,0,0,0,0,0,0,1,0,0,0
511,255000,-3342,49,43,33,31,19,0,0,0,0,0,0,0,0,1,0,0,0
512,255500,-3480,49,44,34,32,19,0,0,0,0,0,0,0,0,1,0,0,0
513,256000,-3551,46,43,33,30,19,0,0,0,0,0,0,0,0,1,0,0,0
514,256500,-3516,47,43,33,30,18,0,0,0,0,0,0,0,0,1,0,0,0
515,257000,-3412,46,43,32,30,19,0,0,0,0,0,0,0,0,1,0,0,0
516,257500,-3201,46,43,30,30,19,0,0,0,0,0,0,0,0,1,0,0,0
517,258000,-2926,46,43,27,31,19,0,0,0,0,0,0,0,0,1,0,0,0
518,258500,-2607,46,43,26,30,19,0,0,0,0,0,0,0,0,1,0,0,0
519,259000,-2166,47,48,24,32,19,0,0,0,0,0,0,0,0,1,0,0,0
520,259500,-1734,46,44,21,30,23,0,0,0,0,0,0,0,0,1,0,0,0
521,260000,-1201,47,43,21,30,20,0,0,0,0,0,0,0,0,1,0,0,0
522,260500,-656,47,43,20,30,19,0,0,0,0,0,0,0,0,1,0,0,0
523,261000,-87,47,43,18,30,19,0,0,0,0,0,0,0,0,1,0,0,0
524,261500,441,48,47,15,32,20,0,0,0,0,0,0,0,0,1,0,0,0
525,262000,981,46,44,9,31,19,0,0,0,0,0,0,0,0,1,0,0,0
526,262500,1479,47,44,8,32,20,0,0,0,0,0,0,0,0,1,0,0,0
527,263000,1956,45,43,8,30,19,0,0,0,0,0,0,0,0,1,0,0,0
528,263500,2383,46,43,8,30,19,0,0,0,0,0,0,0,0,1,0,0,0
529,264000,2736,46,43,5,30,19,0,0,0,0,0,0,0,0,1,0,0,0
530,264500,3043,46,43,5,30,19,0,0,0,0,0,0,0,0,1,0,0,0
531,265000,3266,47,45,4,32,20,0,0,0,0,0,0,0,0,1,0,0,0
532,265500,3400,46,43,4,30,19,0,0,0,0,0,0,0,0,1,0,0,0
533,266000,3467,46,43,4,30,19,0,0,0,0,0,0,0,0,1,0,0,0
534,266500,3432,46,45,4,32,20,0,0,0,0,0,0,0,0,1,0,0,0
535,267000,3318,45,43,5,30,19,0,0,0,0,0,0,0,0,1,0,0,0
536,267500,3121,45,43,5,30,19,0,0,0,0,0,0,0,0,1,0,0,0
537,268000,2846,45,45,8,30,19,0,0,0,0,0,0,0,0,1,0,0,0
538,268500,2496,46,45,8,31,20,0,0,0,0,0,0,0,0,1,0,0,0
539,269000,2090,48,45,11,37,20,0,0,0,0,0,0,0,0,1,0,0,0
540,269500,1619,47,45,11,33,20,0,0,0,0,0,0,0,0,1,0,0,0
541,270000,1122,46,44,14,32,19,0,0,0,0,0,0,0,0,1,0,0,0
542,270500,605,48,45,11,32,20,0,0,0,0,0,0,0,0,1,0,0,0
543,271000,89,46,43,17,31,19,0,0,0,0,0,0,0,0,1,0,0,0
544,271500,-485,47,43,21,30,19,0,0,0,0,0,0,0,0,1,0,0,0
545,272000,-1027,46,42,23,30,18,0,0,0,0,0,0,0,0,1,0,0,0
546,272500,-1555,48,44,24,32,19,0,0,0,0,0,0,0,0,1,0,0,0
547,273000,-2027,48,43,25,32,19,0,0,0,0,0,0,0,0,1,0,0,0
548,273500,-2469,46,43,27,30,19,0,0,0,0,0,0,0,0,1,0,0,0
549,274000,-2852,46,45,29,32,20,0,0,0,0,0,0,0,0,1,0,0,0
550,274500,-3131,48,44,32,32,20,0,0,0,0,0,0,0,0,1,0,0,0
551,275000,-3342,48,43,32,30,19,0,0,0,0,0,0,0,0,1,0,0,0
552,275500,-3480,46,43,33,30,18,0,0,0,0,0,0,0,0,1,0,0,0
553,276000,-3551,48,43,33,30,19,0,0,0,0,0,0,0,0,1,0,0,0
554,276500,-3508,49,43,32,30,19,0,0,0,0,0,0,0,0,1,0,0,0
555,277000,-3412,46,45,32,26,20,0,0,0,0,0,0,0,0,1,0,0,0
556,277500,-3201,46,43,30,31,19,0,0,0,0,0,0,0,0,1,0,0,0
557,278000,-2922,46,45,29,32,18,0,0,0,0,0,0,0,0,1,0,0,0
558,278500,-2572,46,45,26,32,20,0,0,0,0,0,0,0,0,1,0,0,0
559,279000,-2154,48,44,24,32,20,0,0,0,0,0,0,0,0,1,0,0,0
560,279500,-1686,46,45,21,30,20,0,0,0,0,0,0,0,0,1,0,0,0
561,280000,-1184,47,43,20,31,19,0,0,0,0,0,0,0,0,1,0,0,0
562,280500,-639,48,44,21,32,19,0,0,0,0,0,0,0,0,1,0,0,0
563,281000,-68,46,45,16,32,20,0,0,0,0,0,0,0,0,1,0,0,0
564,281500,460,48,45,14,32,20,0,0,0,0,0,0,0,0,1,0,0,0
565,282000,996,46,43,9,30,19,0,0,0,0,0,0,0,0,1,0,0,0
566,282500,1479,46,42,11,30,19,0,0,0,0,0,0,0,0,1,0,0,0
567,283000,1969,46,44,8,30,20,0,0,0,0,0,0,0,0,1,0,0,0
568,283500,2387,45,43,7,30,20,0,0,0,0,0,0,0,0,1,0,0,0
569,284000,2758,46,44,5,30,19,0,0,0,0,0,0,0,0,1,0,0,0
570,284500,3055,47,45,5,32,20,0,0,0,0,0,0,0,0,1,0,0,0
571,285000,3273,46,43,5,27,19,0,0,0,0,0,0,0,0,1,0,0,0
572,285500,3410,47,40,5,32,20,0,0,0,0,0,0,0,0,1,0,0,0
573,286000,3467,46,44,4,33,17,0,0,0,0,0,0,0,0,1,0,0,0
574,286500,3436,45,43,10,31,18,0,0,0,0,0,0,0,0,1,0,0,0
575,287000,3318,45,43,5,30,19,0,0,0,0,0,0,0,0,1,0,0,0
576,287500,3117,47,45,5,35,20,0,0,0,0,0,0,0,0,1,0,0,0
577,288000,2842,45,43,7,31,19,0,0,0,0,0,0,0,0,1,0,0,0
578,288500,2488,46,44,8,31,19,0,0,0,0,0,0,0,0,1,0,0,0
579,289000,2078,46,43,10,30,19,0,0,0,0,0,0,0,0,1,0,0,0
580,289500,1615,44,43,11,30,19,0,0,0,0,0,0,0,0,1,0,0,0
581,290000,1104,47,44,14,31,20,0,0,0,0,0,0,0,0,1,0,0,0
582,290500,589,46,43,13,30,19,0,0,0,0,0,0,0,0,1,0,0,0
583,291000,74,46,42,17,30,19,0,0,0,0,0,0,0,0,1,0,0,0
584,291500,-500,46,45,20,32,20,0,0,0,0,0,0,0,0,1,0,0,0
585,292000,-1040,47,43,24,30,19,0,0,0,0,0,0,0,0,1,0,0,0
586,292500,-1595,48,44,23,31,19,0,0,0,0,0,0,0,0,1,0,0,0
587,293000,-2049,46,45,24,32,20,0,0,0,0,0,0,0,0,1,0,0,0
588,293500,-2469,47,43,27,31,19,0,0,0,0,0,0,0,0,1,0,0,0
589,294000,-2852,49,44,30,32,20,0,0,0,0,0,0,0,0,1,0,0,0
590,294500,-3131,46,45,35,32,20,0,0,0,0,0,0,0,0,1,0,0,0
591,295000,-3346,41,43,33,31,19,0,0,0,0,0,0,0,0,1,0,0,0
592,295500,-3480,45,43,33,30,18,0,0,0,0,0,0,0,0,1,0,0,0
593,296000,-3551,48,43,33,30,19,0,0,0,0,0,0,0,0,1,0,0,0
594,296500,-3504,46,43,32,30,19,0,0,0,0,0,0,0,0,1,0,0,0
595,297000,-3412,48,43,33,31,19,0,0,0,0,0,0,0,0,1,0,0,0
596,297500,-3201,48,43,31,32,19,0,0,0,0,0,0,0,0,1,0,0,0
597,298000,-2922,49,44,30,30,19,0,0,0,0,0,0,0,0,1,0,0,0
598,298500,-2572,46,43,26,30,19,0,0,0,0,0,0,0,0,1,0,0,0
599,299000,-2154,49,44,24,32,19,0,0,0,0,0,0,0,0,1,0,0,0
600,299500,-1673,46,43,21,30,19,0,0,0,0,0,0,0,0,1,0,0,0
601,300000,-1175,46,45,20,32,20,0,0,0,0,0,0,0,0,1,0,0,0
602,300500,-617,46,45,19,32,20,0,0,0,0,0,0,0,0,1,0,0,0
603,301000,-48,46,43,17,30,19,0,0,0,0,0,0,0,0,1,0,0,0
604,301500,477,46,44,12,30,19,0,0,0,0,0,0,0,0,1,0,0,0
605,302000,1011,46,43,8,30,19,0,0,0,0,0,0,0,0,1,0,0,0
606,302500,1515,46,42,10,30,19,0,0,0,0,0,0,0,0,1,0,0,0
607,303000,1986,45,43,8,30,19,0,0,0,0,0,0,0,0,1,0,0,0
608,303500,2387,46,43,8,26,19,0,0,0,0,0,0,0,0,1,0,0,0
609,304000,2771,46,45,5,30,19,0,0,0,0,0,0,0,0,1,0,0,0
610,304500,3064,45,43,5,30,18,0,0,0,0,0,0,0,0,1,0,0,0
611,305000,3279,47,45,5,32,19,0,0,0,0,0,0,0,0,1,0,0,0
612,305500,3418,48,45,4,32,20,0,0,0,0,0,0,0,0,1,0,0,0
613,306000,3471,46,43,2,30,19,0,0,0,0,0,0,0,0,1,0,0,0
614,306500,3432,46,44,4,32,19,0,0,0,0,0,0,0,0,1,0,0,0
615,307000,3313,45,43,5,30,18,0,0,0,0,0,0,0,0,1,0,0,0
616,307500,3113,45,42,5,30,18,0,0,0,0,0,0,0,0,1,0,0,0
617,308000,2832,47,45,7,30,19,0,0,0,0,0,0,0,0,1,0,0,0
618,308500,2479,47,45,8,32,20,0,0,0,0,0,0,0,0,1,0,0,0
619,309000,2068,46,43,10,30,19,0,0,0,0,0,0,0,0,1,0,0,0
620,309500,1602,46,43,11,30,19,0,0,0,0,0,0,0,0,1,0,0,0
621,310000,1096,46,43,13,30,15,0,0,0,0,0,0,0,0,1,0,0,0
622,310500,576,45,43,14,30,18,0,0,0,0,0,0,0,0,1,0,0,0
623,311000,60,46,43,17,30,18,0,0,0,0,0,0,0,0,1,0,0,0
624,311500,-518,46,43,20,30,19,0,0,0,0,0,0,0,0,1,0,0,0
625,312000,-1054,47,47,23,31,19,0,0,0,0,0,0,0,0,1,0,0,0
626,312500,-1595,47,44,23,30,19,0,0,0,0,0,0,0,0,1,0,0,0
627,313000,-2084,46,43,18,30,18,0,0,0,0,0,0,0,0,1,0,0,0
628,313500,-2504,43,43,27,30,19,0,0,0,0,0,0,0,0,1,0,0,0
629,314000,-2852,46,45,29,32,19,0,0,0,0,0,0,0,0,1,0,0,0
630,314500,-3131,49,44,32,32,20,0,0,0,0,0,0,0,0,1,0,0,0
631,315000,-3346,49,44,33,32,19,0,0,0,0,0,0,0,0,1,0,0,0
632,315500,-3486,48,43,33,30,19,0,0,0,0,0,0,0,0,1,0,0,0
633,316000,-3551,48,43,33,30,19,0,0,0,0,0,0,0,0,1,0,0,0
634,316500,-3494,48,43,33,31,19,0,0,0,0,0,0,0,0,1,0,0,0
635,317000,-3412,48,44,33,32,19,0,0,0,0,0,0,0,0,1,0,0,0
636,317500,-3201,46,45,30,32,20,0,0,0,0,0,0,0,0,1,0,0,0
637,318000,-2922,47,43,29,31,19,0,0,0,0,0,0,0,0,1,0,0,0
638,318500,-2572,46,43,26,30,18,0,0,0,0,0,0,0,0,1,0,0,0
639,319000,-2154,47,43,24,30,19,0,0,0,0,0,0,0,0,1,0,0,0
640,319500,-1664,46,43,21,30,19,0,0,0,0,0,0,0,0,1,0,0,0
641,320000,-1175,48,44,21,32,19,0,0,0,0,0,0,0,0,1,0,0,0
642,320500,-598,48,44,20,32,19,0,0,0,0,0,0,0,0,1,0,0,0
643,321000,-33,47,43,17,30,19,0,0,0,0,0,0,0,0,1,0,0,0
644,321500,494,46,43,13,30,19,0,0,0,0,0,0,0,0,1,0,0,0
645,322000,1029,46,43,9,30,19,0,0,0,0,0,0,0,0,1,0,0,0
646,322500,1527,46,43,10,30,19,0,0,0,0,0,0,0,0,1,0,0,0
647,323000,1999,46,44,8,31,19,0,0,0,0,0,0,0,0,1,0,0,0
648,323500,2422,46,43,7,30,19,0,0,0,0,0,0,0,0,1,0,0,0
649,324000,2781,46,43,5,30,19,0,0,0,0,0,0,0,0,1,0,0,0
650,324500,3072,45,43,5,30,19,0,0,0,0,0,0,0,0,1,0,0,0
651,325000,3287,45,43,4,30,19,0,0,0,0,0,0,0,0,1,0,0,0
652,325500,3422,45,43,4,31,19,0,0,0,0,0,0,0,0,1,0,0,0
653,326000,3471,46,44,4,30,19,0,0,0,0,0,0,0,0,1,0,0,0
654,326500,3436,45,43,4,30,19,0,0,0,0,0,0,0,0,1,0,0,0
655,327000,3295,46,44,5,32,20,0,0,0,0,0,0,0,0,1,0,0,0
656,327500,3107,47,45,5,32,20,0,0,0,0,0,0,0,0,1,0,0,0
657,328000,2807,48,45,7,32,20,0,0,0,0,0,0,0,0,1,0,0,0
658,328500,2457,48,45,8,32,20,0,0,0,0,0,0,0,0,1,0,0,0
659,329000,2039,46,43,10,32,19,0,0,0,0,0,0,0,0,1,0,0,0
660,329500,1585,45,42,11,30,19,0,0,0,0,0,0,0,0,1,0,0,0
661,330000,1061,46,43,14,30,19,0,0,0,0,0,0,0,0,1,0,0,0
662,330500,562,47,45,15,32,20,0,0,0,0,0,0,0,0,1,0,0,0
663,331000,45,46,43,17,30,19,0,0,0,0,0,0,0,0,1,0,0,0
664,331500,-530,46,43,20,30,19,0,0,0,0,0,0,0,0,1,0,0,0
665,332000,-1071,46,42,23,30,19,0,0,0,0,0,0,0,0,1,0,0,0
666,332500,-1595,46,43,23,30,19,0,0,0,0,0,0,0,0,1,0,0,0
667,333000,-2084,48,44,25,31,19,0,0,0,0,0,0,0,0,1,0,0,0
668,333500,-2504,48,43,27,30,19,0,0,0,0,0,0,0,0,1,0,0,0
669,334000,-2852,48,44,30,31,19,0,0,0,0,0,0,0,0,1,0,0,0
670,334500,-3166,46,43,30,30,19,0,0,0,0,0,0,0,0,1,0,0,0
671,335000,-3355,48,43,33,32,19,0,0,0,0,0,0,0,0,1,0,0,0
672,335500,-3486,46,43,33,30,19,0,0,0,0,0,0,0,0,1,0,0,0
673,336000,-3551,47,43,33,31,19,0,0,0,0,0,0,0,0,1,0,0,0
674,336500,-3494,46,44,32,32,19,0,0,0,0,0,0,0,0,1,0,0,0
675,337000,-3371,46,45,31,32,20,0,0,0,0,0,0,0,0,1,0,0,0
676,337500,-3201,46,45,30,33,20,0,0,0,0,0,0,0,0,1,0,0,0
677,338000,-2887,48,43,30,32,19,0,0,0,0,0,0,0,0,1,0,0,0
678,338500,-2525,47,43,27,30,19,0,0,0,0,0,0,0,0,1,0,0,0
679,339000,-2109,48,43,24,31,19,0,0,0,0,0,0,0,0,1,0,0,0
680,339500,-1664,48,44,23,32,20,0,0,0,0,0,0,0,0,1,0,0,0
681,340000,-1132,46,43,19,30,19,0,0,0,0,0,0,0,0,1,0,0,0
682,340500,-582,46,43,18,30,18,0,0,0,0,0,0,0,0,1,0,0,0
683,341000,-14,46,43,17,30,19,0,0,0,0,0,0,0,0,1,0,0,0
684,341500,512,48,45,14,32,20,0,0,0,0,0,0,0,0,1,0,0,0
685,342000,1034,48,45,13,33,20,0,0,0,0,0,0,0,0,1,0,0,0
686,342500,1545,46,43,11,32,19,0,0,0,0,0,0,0,0,1,0,0,0
687,343000,2012,46,43,8,30,19,0,0,0,0,0,0,0,0,1,0,0,0
688,343500,2436,46,43,7,30,19,0,0,0,0,0,0,0,0,1,0,0,0
689,344000,2789,45,43,5,31,19,0,0,0,0,0,0,0,0,1,0,0,0
690,344500,3082,45,43,5,30,19,0,0,0,0,0,0,0,0,1,0,0,0
691,345000,3295,47,45,5,32,20,0,0,0,0,0,0,0,0,1,0,0,0
692,345500,3422,46,45,4,32,20,0,0,0,0,0,0,0,0,1,0,0,0
693,346000,3475,46,43,4,30,19,0,0,0,0,0,0,0,0,1,0,0,0
694,346500,3432,46,43,4,31,19,0,0,0,0,0,0,0,0,1,0,0,0
695,347000,3295,46,43,5,31,19,0,0,0,0,0,0,0,0,1,0,0,0
696,347500,3086,46,43,5,30,19,0,0,0,0,0,0,0,0,1,0,0,0
697,348000,2807,45,43,7,31,20,0,0,0,0,0,0,0,0,1,0,0,0
698,348500,2457,46,43,8,30,19,0,0,0,0,0,0,0,0,1,0,0,0
699,349000,2039,45,43,10,30,19,0,0,0,0,0,0,0,0,1,0,0,0
700,349500,1576,45,43,11,30,19,0,0,0,0,0,0,0,0,1,0,0,0
701,350000,1061,47,45,14,32,20,0,0,0,0,0,0,0,0,1,0,0,0
702,350500,546,48,45,15,33,20,0,0,0,0,0,0,0,0,1,0,0,0
703,351000,30,46,43,18,32,20,0,0,0,0,0,0,0,0,1,0,0,0
704,351500,-545,48,43,21,30,20,0,0,0,0,0,0,0,0,1,0,0,0
705,352000,-1002,46,45,23,32,20,0,0,0,0,0,0,0,0,1,0,0,0
706,352500,-1629,46,43,23,30,19,0,0,0,0,0,0,0,0,1,0,0,0
707,353000,-2084,46,43,24,30,19,0,0,0,0,0,0,0,0,1,0,0,0
708,353500,-2504,46,43,27,30,19,0,0,0,0,0,0,0,0,1,0,0,0
709,354000,-2852,48,43,30,31,19,0,0,0,0,0,0,0,0,1,0,0,0
710,354500,-3166,46,42,30,30,19,0,0,0,0,0,0,0,0,1,0,0,0
711,355000,-3355,48,44,33,32,20,0,0,0,0,0,0,0,0,1,0,0,0
712,355500,-3486,46,45,33,32,20,0,0,0,0,0,0,0,0,1,0,0,0
713,356000,-3551,48,44,34,32,20,0,0,0,0,0,0,0,0,1,0,0,0
714,356500,-3494,46,43,33,30,19,0,0,0,0,0,0,0,0,1,0,0,0
715,357000,-3363,46,43,31,30,19,0,0,0,0,0,0,0,0,1,0,0,0
716,357500,-3166,46,44,30,32,19,0,0,0,0,0,0,0,0,1,0,0,0
717,358000,-2887,46,43,28,30,19,0,0,0,0,0,0,0,0,1,0,0,0
718,358500,-2512,46,45,25,32,20,0,0,0,0,0,0,0,0,1,0,0,0
719,359000,-2098,46,45,23,32,20,0,0,0,0,0,0,0,0,1,0,0,0
720,359500,-1629,46,45,21,32,20,0,0,0,0,0,0,0,0,1,0,0,0
721,360000,-1118,46,43,19,30,19,0,0,0,0,0,0,0,0,1,0,0,0
722,360500,-565,46,45,18,32,20,0,0,0,0,0,0,0,0,1,0,0,0
723,361000,2,46,43,16,31,19,0,0,0,0,0,0,0,0,1,0,0,0
724,361500,529,47,44,14,31,20,0,0,0,0,0,0,0,0,1,0,0,0
725,362000,1052,46,43,12,30,19,0,0,0,0,0,0,0,0,1,0,0,0
726,362500,1550,47,44,11,32,19,0,0,0,0,0,0,0,0,1,0,0,0
727,363000,2029,45,43,8,30,19,0,0,0,0,0,0,0,0,1,0,0,0
728,363500,2443,46,43,7,30,19,0,0,0,0,0,0,0,0,1,0,0,0
729,364000,2803,46,43,5,30,19,0,0,0,0,0,0,0,0,1,0,0,0
730,364500,3086,46,43,5,30,19,0,0,0,0,0,0,0,0,1,0,0,0
731,365000,3295,46,44,4,32,20,0,0,0,0,0,0,0,0,1,0,0,0
732,365500,3432,45,43,4,30,19,0,0,0,0,0,0,0,0,1,0,0,0
733,366000,3471,45,43,4,30,19,0,0,0,0,0,0,0,0,1,0,0,0
734,366500,3432,46,43,4,30,19,0,0,0,0,0,0,0,0,1,0,0,0
735,367000,3295,46,44,5,32,19,0,0,0,0,0,0,0,0,1,0,0,0
736,367500,3086,47,45,5,32,20,0,0,0,0,0,0,0,0,1,0,0,0
737,368000,2807,46,43,7,32,20,0,0,0,0,0,0,0,0,1,0,0,0
738,368500,2453,45,43,8,30,19,0,0,0,0,0,0,0,0,1,0,0,0
739,369000,2033,45,43,10,30,19,0,0,0,0,0,0,0,0,1,0,0,0
740,369500,1550,47,44,13,32,20,0,0,0,0,0,0,0,0,1,0,0,0
741,370000,1052,46,43,14,30,19,0,0,0,0,0,0,0,0,1,0,0,0
742,370500,534,45,43,14,30,19,0,0,0,0,0,0,0,0,1,0,0,0
743,371000,14,48,45,18,32,20,0,0,0,0,0,0,0,0,1,0,0,0
744,371500,-561,46,43,20,31,19,0,0,0,0,0,0,0,0,1,0,0,0
745,372000,-1002,46,44,23,32,20,0,0,0,0,0,0,0,0,1,0,0,0
746,372500,-1625,47,43,24,30,19,0,0,0,0,0,0,0,0,1,0,0,0
747,373000,-2088,47,43,24,30,19,0,0,0,0,0,0,0,0,1,0,0,0
748,373500,-2504,46,43,27,30,19,0,0,0,0,0,0,0,0,1,0,0,0
749,374000,-2861,47,43,30,30,19,0,0,0,0,0,0,0,0,1,0,0,0
750,374500,-3166,46,42,30,30,19,0,0,0,0,0,0,0,0,1,0,0,0
751,375000,-3355,47,43,33,30,19,0,0,0,0,0,0,0,0,1,0,0,0
752,375500,-3486,46,42,32,30,19,0,0,0,0,0,0,0,0,1,0,0,0
753,376000,-3551,47,42,33,30,19,0,0,0,0,0,0,0,0,1,0,0,0
754,376500,-3490,48,43,33,31,19,0,0,0,0,0,0,0,0,1,0,0,0
755,377000,-3355,48,43,33,32,19,0,0,0,0,0,0,0,0,1,0,0,0
756,377500,-3148,49,44,32,32,19,0,0,0,0,0,0,0,0,1,0,0,0
757,378000,-2887,47,43,29,30,19,0,0,0,0,0,0,0,0,1,0,0,0
758,378500,-2504,48,43,27,31,19,0,0,0,0,0,0,0,0,1,0,0,0
759,379000,-2084,48,44,24,32,20,0,0,0,0,0,0,0,0,1,0,0,0
760,379500,-1607,49,44,23,32,19,0,0,0,0,0,0,0,0,1,0,0,0
761,380000,-1105,46,45,19,32,20,0,0,0,0,0,0,0,0,1,0,0,0
762,380500,-546,47,43,19,32,19,0,0,0,0,0,0,0,0,1,0,0,0
763,381000,18,48,45,17,32,20,0,0,0,0,0,0,0,0,1,0,0,0
764,381500,546,47,45,13,32,20,0,0,0,0,0,0,0,0,1,0,0,0
765,382000,1061,48,45,13,32,20,0,0,0,0,0,0,0,0,1,0,0,0
766,382500,1550,46,43,11,31,19,0,0,0,0,0,0,0,0,1,0,0,0
767,383000,2039,46,43,8,31,19,0,0,0,0,0,0,0,0,1,0,0,0
768,383500,2457,46,43,7,30,19,0,0,0,0,0,0,0,0,1,0,0,0
769,384000,2807,46,43,5,31,19,0,0,0,0,0,0,0,0,1,0,0,0
770,384500,3086,46,44,5,32,19,0,0,0,0,0,0,0,0,1,0,0,0
771,385000,3309,45,43,4,30,19,0,0,0,0,0,0,0,0,1,0,0,0
772,385500,3436,45,43,2,30,19,0,0,0,0,0,0,0,0,1,0,0,0
773,386000,3475,46,43,2,30,19,0,0,0,0,0,0,0,0,1,0,0,0
774,386500,3432,46,43,4,30,19,0,0,0,0,0,0,0,0,1,0,0,0
775,387000,3295,45,43,4,30,19,0,0,0,0,0,0,0,0,1,0,0,0
776,387500,3086,46,43,5,30,19,0,0,0,0,0,0,0,0,1,0,0,0
777,388000,2799,47,43,7,30,19,0,0,0,0,0,0,0,0,1,0,0,0
778,388500,2443,46,44,8,32,19,0,0,0,0,0,0,0,0,1,0,0,0
779,389000,2021,46,44,11,32,20,0,0,0,0,0,0,0,0,1,0,0,0
780,389500,1550,46,43,11,30,19,0,0,0,0,0,0,0,0,1,0,0,0
781,390000,1025,45,43,14,30,19,0,0,0,0,0,0,0,0,1,0,0,0
782,390500,518,45,43,14,30,19,0,0,0,0,0,0,0,0,1,0,0,0
783,391000,-1,47,44,18,32,19,0,0,0,0,0,0,0,0,1,0,0,0
784,391500,-578,46,43,20,30,19,0,0,0,0,0,0,0,0,1,0,0,0
785,392000,-1002,47,43,24,30,19,0,0,0,0,0,0,0,0,1,0,0,0
786,392500,-1664,46,43,23,30,19,0,0,0,0,0,0,0,0,1,0,0,0
787,393000,-2102,46,45,24,32,20,0,0,0,0,0,0,0,0,1,0,0,0
788,393500,-2516,46,43,27,30,19,0,0,0,0,0,0,0,0,1,0,0,0
789,394000,-2887,46,45,29,32,20,0,0,0,0,0,0,0,0,1,0,0,0
790,394500,-3166,46,43,30,31,18,0,0,0,0,0,0,0,0,1,0,0,0
791,395000,-3363,47,43,33,30,18,0,0,0,0,0,0,0,0,1,0,0,0
792,395500,-3486,46,45,32,32,20,0,0,0,0,0,0,0,0,1,0,0,0
793,396000,-3551,46,45,32,32,20,0,0,0,0,0,0,0,0,1,0,0,0
794,396500,-3486,47,43,33,30,19,0,0,0,0,0,0,0,0,1,0,0,0
795,397000,-3355,47,43,32,30,19,0,0,0,0,0,0,0,0,1,0,0,0
796,397500,-3166,46,44,30,32,20,0,0,0,0,0,0,0,0,1,0,0,0
797,398000,-2852,46,43,27,30,19,0,0,0,0,0,0,0,0,1,0,0,0
798,398500,-2504,47,43,26,30,19,0,0,0,0,0,0,0,0,1,0,0,0
799,399000,-2084,46,43,22,30,19,0,0,0,0,0,0,0,0,1,0,0,0
800,399500,-1595,47,43,21,30,19,0,0,0,0,0,0,0,0,1,0,0,0
801,400000,-1105,48,44,20,31,19,0,0,0,0,0,0,0,0,1,0,0,0
802,400500,-535,48,44,20,32,19,0,0,0,0,0,0,0,0,1,0,0,0
803,401000,35,48,45,17,32,20,0,0,0,0,0,0,0,0,1,0,0,0
804,401500,563,46,43,12,30,19,0,0,0,0,0,0,0,0,1,0,0,0
805,402000,1082,46,43,11,30,19,0,0,0,0,0,0,0,0,1,0,0,0
806,402500,1585,46,43,10,30,19,0,0,0,0,0,0,0,0,1,0,0,0
807,403000,2039,46,43,8,30,19,0,0,0,0,0,0,0,0,1,0,0,0
808,403500,2457,47,45,8,32,20,0,0,0,0,0,0,0,0,1,0,0,0
809,404000,2824,46,43,5,30,19,0,0,0,0,0,0,0,0,1,0,0,0
810,404500,3107,45,43,5,30,19,0,0,0,0,0,0,0,0,1,0,0,0
811,405000,3295,46,44,4,32,19,0,0,0,0,0,0,0,0,1,0,0,0
812,405500,3436,47,45,4,32,20,0,0,0,0,0,0,0,0,1,0,0,0
813,406000,3475,46,43,4,30,19,0,0,0,0,0,0,0,0,1,0,0,0
814,406500,3428,47,45,4,32,20,0,0,0,0,0,0,0,0,1,0,0,0
815,407000,3295,46,43,4,30,19,0,0,0,0,0,0,0,0,1,0,0,0
816,407500,3082,45,43,5,30,19,0,0,0,0,0,0,0,0,1,0,0,0
817,408000,2789,45,43,7,30,19,0,0,0,0,0,0,0,0,1,0,0,0
818,408500,2422,45,43,8,30,19,0,0,0,0,0,0,0,0,1,0,0,0
819,409000,2008,46,44,11,32,19,0,0,0,0,0,0,0,0,1,0,0,0
820,409500,1536,45,43,11,32,19,0,0,0,0,0,0,0,0,1,0,0,0
821,410000,1021,46,43,14,30,19,0,0,0,0,0,0,0,0,1,0,0,0
822,410500,502,47,44,15,32,19,0,0,0,0,0,0,0,0,1,0,0,0
823,411000,-17,46,45,17,32,20,0,0,0,0,0,0,0,0,1,0,0,0
824,411500,-590,46,45,21,32,20,0,0,0,0,0,0,0,0,1,0,0,0
825,412000,-1175,46,45,21,33,20,0,0,0,0,0,0,0,0,1,0,0,0
826,412500,-1664,48,44,24,32,20,0,0,0,0,0,0,0,0,1,0,0,0
827,413000,-2109,48,43,25,32,19,0,0,0,0,0,0,0,0,1,0,0,0
828,413500,-2525,48,44,29,31,19,0,0,0,0,0,0,0,0,1,0,0,0
829,414000,-2887,48,43,30,30,19,0,0,0,0,0,0,0,0,1,0,0,0
830,414500,-3166,46,42,30,30,19,0,0,0,0,0,0,0,0,1,0,0,0
831,415000,-3363,46,42,32,30,19,0,0,0,0,0,0,0,0,1,0,0,0
832,415500,-3490,49,44,35,32,19,0,0,0,0,0,0,0,0,1,0,0,0
833,416000,-3551,48,43,33,32,19,0,0,0,0,0,0,0,0,1,0,0,0
834,416500,-3480,48,44,34,32,20,0,0,0,0,0,0,0,0,1,0,0,0
835,417000,-3346,47,43,30,30,19,0,0,0,0,0,0,0,0,1,0,0,0
836,417500,-3131,48,43,30,30,19,0,0,0,0,0,0,0,0,1,0,0,0
837,418000,-2852,48,43,29,30,19,0,0,0,0,0,0,0,0,1,0,0,0
838,418500,-2504,49,43,27,32,19,0,0,0,0,0,0,0,0,1,0,0,0
839,419000,-2084,46,43,23,30,18,0,0,0,0,0,0,0,0,1,0,0,0
840,419500,-1595,48,44,22,30,19,0,0,0,0,0,0,0,0,1,0,0,0
841,420000,-1066,48,44,21,32,20,0,0,0,0,0,0,0,0,1,0,0,0
842,420500,-518,48,43,19,30,19,0,0,0,0,0,0,0,0,1,0,0,0
843,421000,52,46,43,16,30,19,0,0,0,0,0,0,0,0,1,0,0,0
844,421500,579,46,43,13,30,19,0,0,0,0,0,0,0,0,1,0,0,0
845,422000,1100,46,44,13,31,20,0,0,0,0,0,0,0,0,1,0,0,0
846,422500,1606,46,43,10,30,19,0,0,0,0,0,0,0,0,1,0,0,0
847,423000,2068,48,45,8,32,20,0,0,0,0,0,0,0,0,1,0,0,0
848,423500,2484,46,45,8,32,20,0,0,0,0,0,0,0,0,1,0,0,0
849,424000,2832,45,43,5,30,19,0,0,0,0,0,0,0,0,1,0,0,0
850,424500,3113,47,44,5,32,20,0,0,0,0,0,0,0,0,1,0,0,0
851,425000,3318,46,44,5,32,20,0,0,0,0,0,0,0,0,1,0,0,0
852,425500,3436,45,43,4,30,19,0,0,0,0,0,0,0,0,1,0,0,0
853,426000,3475,45,43,2,30,19,0,0,0,0,0,0,0,0,1,0,0,0
854,426500,3428,45,43,4,30,19,0,0,0,0,0,0,0,0,1,0,0,0
855,427000,3291,47,45,5,32,20,0,0,0,0,0,0,0,0,1,0,0,0
856,427500,3072,46,43,5,30,19,0,0,0,0,0,0,0,0,1,0,0,0
857,428000,2781,46,44,7,30,19,0,0,0,0,0,0,0,0,1,0,0,0
858,428500,2418,46,43,8,30,19,0,0,0,0,0,0,0,0,1,0,0,0
859,429000,1995,47,45,11,32,20,0,0,0,0,0,0,0,0,1,0,0,0
860,429500,1520,46,43,11,31,19,0,0,0,0,0,0,0,0,1,0,0,0
861,430000,991,48,45,14,32,20,0,0,0,0,0,0,0,0,1,0,0,0
862,430500,486,48,45,15,32,20,0,0,0,0,0,0,0,0,1,0,0,0
863,431000,-33,48,44,19,32,19,0,0,0,0,0,0,0,0,1,0,0,0
864,431500,-608,46,45,20,32,20,0,0,0,0,0,0,0,0,1,0,0,0
865,432000,-1175,46,45,21,32,20,0,0,0,0,0,0,0,0,1,0,0,0
866,432500,-1664,46,43,23,30,19,0,0,0,0,0,0,0,0,1,0,0,0
867,433000,-2154,48,44,26,31,19,0,0,0,0,0,0,0,0,1,0,0,0
868,433500,-2572,46,45,27,32,20,0,0,0,0,0,0,0,0,1,0,0,0
869,434000,-2922,46,45,29,33,20,0,0,0,0,0,0,0,0,1,0,0,0
870,434500,-3201,46,43,30,31,19,0,0,0,0,0,0,0,0,1,0,0,0
871,435000,-3371,46,43,32,30,19,0,0,0,0,0,0,0,0,1,0,0,0
872,435500,-3494,48,43,33,31,19,0,0,0,0,0,0,0,0,1,0,0,0
873,436000,-3551,46,45,33,32,20,0,0,0,0,0,0,0,0,1,0,0,0
874,436500,-3480,47,43,33,31,19,0,0,0,0,0,0,0,0,1,0,0,0
875,437000,-3342,48,44,33,32,20,0,0,0,0,0,0,0,0,1,0,0,0
876,437500,-3131,46,45,30,32,20,0,0,0,0,0,0,0,0,1,0,0,0
877,438000,-2852,49,43,30,32,19,0,0,0,0,0,0,0,0,1,0,0,0
878,438500,-2504,49,44,27,32,19,0,0,0,0,0,0,0,0,1,0,0,0
879,439000,-2049,46,43,23,30,19,0,0,0,0,0,0,0,0,1,0,0,0
880,439500,-1595,48,43,21,32,20,0,0,0,0,0,0,0,0,1,0,0,0
881,440000,-1070,46,43,19,30,19,0,0,0,0,0,0,0,0,1,0,0,0
882,440500,-500,48,43,19,32,19,0,0,0,0,0,0,0,0,1,0,0,0
883,441000,70,46,43,15,30,19,0,0,0,0,0,0,0,0,1,0,0,0
884,441500,596,48,45,13,32,20,0,0,0,0,0,0,0,0,1,0,0,0
885,442000,1113,48,45,12,32,20,0,0,0,0,0,0,0,0,1,0,0,0
886,442500,1619,46,43,11,31,19,0,0,0,0,0,0,0,0,1,0,0,0
887,443000,2082,46,44,8,32,19,0,0,0,0,0,0,0,0,1,0,0,0
888,443500,2492,47,45,8,32,20,0,0,0,0,0,0,0,0,1,0,0,0
889,444000,2842,46,45,5,32,20,0,0,0,0,0,0,0,0,1,0,0,0
890,444500,3121,45,43,5,30,19,0,0,0,0,0,0,0,0,1,0,0,0
891,445000,3322,46,44,4,31,19,0,0,0,0,0,0,0,0,1,0,0,0
892,445500,3436,45,43,2,30,19,0,0,0,0,0,0,0,0,1,0,0,0
893,446000,3475,46,44,4,32,19,0,0,0,0,0,0,0,0,1,0,0,0
894,446500,3418,46,43,4,30,19,0,0,0,0,0,0,0,0,1,0,0,0
895,447000,3287,46,44,5,31,19,0,0,0,0,0,0,0,0,1,0,0,0
896,447500,3068,45,43,5,30,19,0,0,0,0,0,0,0,0,1,0,0,0
897,448000,2771,45,43,7,30,19,0,0,0,0,0,0,0,0,1,0,0,0
898,448500,2404,46,43,8,30,19,0,0,0,0,0,0,0,0,1,0,0,0
899,449000,1982,45,43,10,30,19,0,0,0,0,0,0,0,0,1,0,0,0
900,449500,1511,45,43,11,30,19,0,0,0,0,0,0,0,0,1,0,0,0
901,450000,991,45,43,14,30,19,0,0,0,0,0,0,0,0,1,0,0,0
902,450500,470,46,43,15,30,19,0,0,0,0,0,0,0,0,1,0,0,0
903,451000,-48,48,44,18,31,20,0,0,0,0,0,0,0,0,1,0,0,0
904,451500,-622,46,43,20,30,19,0,0,0,0,0,0,0,0,1,0,0,0
905,452000,-1175,48,44,22,32,20,0,0,0,0,0,0,0,0,1,0,0,0
906,452500,-1678,47,43,24,30,19,0,0,0,0,0,0,0,0,1,0,0,0
907,453000,-2154,46,43,24,30,19,0,0,0,0,0,0,0,0,1,0,0,0
908,453500,-2572,46,44,27,32,20,0,0,0,0,0,0,0,0,1,0,0,0
909,454000,-2922,49,45,32,32,20,0,0,0,0,0,0,0,0,1,0,0,0
910,454500,-3201,46,43,30,30,19,0,0,0,0,0,0,0,0,1,0,0,0
911,455000,-3412,47,42,33,30,19,0,0,0,0,0,0,0,0,1,0,0,0
912,455500,-3494,46,43,33,30,19,0,0,0,0,0,0,0,0,1,0,0,0
913,456000,-3551,47,43,33,30,19,0,0,0,0,0,0,0,0,1,0,0,0
914,456500,-3480,49,44,33,32,19,0,0,0,0,0,0,0,0,1,0,0,0
915,457000,-3342,46,43,30,30,19,0,0,0,0,0,0,0,0,1,0,0,0
916,457500,-3131,47,43,30,30,19,0,0,0,0,0,0,0,0,1,0,0,0
917,458000,-2852,48,43,29,30,19,0,0,0,0,0,0,0,0,1,0,0,0
918,458500,-2469,47,43,26,30,19,0,0,0,0,0,0,0,0,1,0,0,0
919,459000,-2049,46,43,23,30,19,0,0,0,0,0,0,0,0,1,0,0,0
920,459500,-1546,46,45,21,32,20,0,0,0,0,0,0,0,0,1,0,0,0
921,460000,-1035,46,45,19,32,20,0,0,0,0,0,0,0,0,1,0,0,0
922,460500,-483,46,45,18,32,20,0,0,0,0,0,0,0,0,1,0,0,0
923,461000,85,48,45,17,32,20,0,0,0,0,0,0,0,0,1,0,0,0
924,461500,611,46,43,12,31,19,0,0,0,0,0,0,0,0,1,0,0,0
925,462000,1131,46,42,11,30,19,0,0,0,0,0,0,0,0,1,0,0,0
926,462500,1619,45,43,10,30,19,0,0,0,0,0,0,0,0,1,0,0,0
927,463000,2100,46,43,8,30,19,0,0,0,0,0,0,0,0,1,0,0,0
928,463500,2506,45,43,7,30,19,0,0,0,0,0,0,0,0,1,0,0,0
929,464000,2855,45,43,5,30,19,0,0,0,0,0,0,0,0,1,0,0,0
930,464500,3129,46,44,5,31,19,0,0,0,0,0,0,0,0,1,0,0,0
931,465000,3326,46,43,4,30,19,0,0,0,0,0,0,0,0,1,0,0,0
932,465500,3436,46,43,4,31,19,0,0,0,0,0,0,0,0,1,0,0,0
933,466000,3475,45,43,2,30,19,0,0,0,0,0,0,0,0,1,0,0,0
934,466500,3418,46,43,4,30,19,0,0,0,0,0,0,0,0,1,0,0,0
935,467000,3283,46,44,5,30,19,0,0,0,0,0,0,0,0,1,0,0,0
936,467500,3061,45,43,5,30,19,0,0,0,0,0,0,0,0,1,0,0,0
937,468000,2764,45,45,7,31,20,0,0,0,0,0,0,0,0,1,0,0,0
938,468500,2387,45,43,8,30,19,0,0,0,0,0,0,0,0,1,0,0,0
939,469000,1969,47,45,11,32,20,0,0,0,0,0,0,0,0,1,0,0,0
940,469500,1479,48,45,13,32,20,0,0,0,0,0,0,0,0,1,0,0,0
941,470000,978,48,45,15,32,20,0,0,0,0,0,0,0,0,1,0,0,0
942,470500,456,48,45,15,33,20,0,0,0,0,0,0,0,0,1,0,0,0
943,471000,-63,46,45,18,32,20,0,0,0,0,0,0,0,0,1,0,0,0
944,471500,-639,46,45,20,32,20,0,0,0,0,0,0,0,0,1,0,0,0
945,472000,-1188,47,44,22,32,20,0,0,0,0,0,0,0,0,1,0,0,0
946,472500,-1686,46,43,23,30,19,0,0,0,0,0,0,0,0,1,0,0,0
947,473000,-2154,46,43,24,30,19,0,0,0,0,0,0,0,0,1,0,0,0
948,473500,-2572,46,45,27,32,20,0,0,0,0,0,0,0,0,1,0,0,0
949,474000,-2922,49,43,31,31,20,0,0,0,0,0,0,0,0,1,0,0,0
950,474500,-3201,47,42,32,30,19,0,0,0,0,0,0,0,0,1,0,0,0
951,475000,-3412,48,43,33,30,19,0,0,0,0,0,0,0,0,1,0,0,0
952,475500,-3494,46,42,33,30,19,0,0,0,0,0,0,0,0,1,0,0,0
953,476000,-3551,46,42,32,31,18,0,0,0,0,0,0,0,0,1,0,0,0
954,476500,-3480,49,44,33,32,19,0,0,0,0,0,0,0,0,1,0,0,0
955,477000,-3342,46,43,32,30,19,0,0,0,0,0,0,0,0,1,0,0,0
956,477500,-3131,46,43,30,30,19,0,0,0,0,0,0,0,0,1,0,0,0
957,478000,-2809,48,44,30,31,20,0,0,0,0,0,0,0,0,1,0,0,0
958,478500,-2438,46,43,26,30,19,0,0,0,0,0,0,0,0,1,0,0,0
959,479000,-2014,46,45,22,32,20,0,0,0,0,0,0,0,0,1,0,0,0
960,479500,-1533,48,45,22,32,19,0,0,0,0,0,0,0,0,1,0,0,0
961,480000,-1035,46,45,19,32,20,0,0,0,0,0,0,0,0,1,0,0,0
962,480500,-465,46,43,18,30,19,0,0,0,0,0,0,0,0,1,0,0,0
963,481000,102,46,43,15,30,19,0,0,0,0,0,0,0,0,1,0,0,0
964,481500,628,48,45,13,32,20,0,0,0,0,0,0,0,0,1,0,0,0
965,482000,1131,46,43,11,30,20,0,0,0,0,0,0,0,0,1,0,0,0
966,482500,1646,48,45,11,32,20,0,0,0,0,0,0,0,0,1,0,0,0
967,483000,2107,46,43,8,30,19,0,0,0,0,0,0,0,0,1,0,0,0
968,483500,2518,46,43,7,30,19,0,0,0,0,0,0,0,0,1,0,0,0
969,484000,2859,47,44,5,32,20,0,0,0,0,0,0,0,0,1,0,0,0
970,484500,3139,46,43,5,31,19,0,0,0,0,0,0,0,0,1,0,0,0
971,485000,3330,46,44,4,32,20,0,0,0,0,0,0,0,0,1,0,0,0
972,485500,3443,45,43,4,30,19,0,0,0,0,0,0,0,0,1,0,0,0
973,486000,3475,45,43,4,30,19,0,0,0,0,0,0,0,0,1,0,0,0
974,486500,3418,46,44,4,30,19,0,0,0,0,0,0,0,0,1,0,0,0
975,487000,3279,46,44,5,31,19,0,0,0,0,0,0,0,0,1,0,0,0
976,487500,3055,47,45,7,32,20,0,0,0,0,0,0,0,0,1,0,0,0
977,488000,2736,48,45,8,32,20,0,0,0,0,0,0,0,0,1,0,0,0
978,488500,2387,47,45,8,32,20,0,0,0,0,0,0,0,0,1,0,0,0
979,489000,1960,46,43,11,30,19,0,0,0,0,0,0,0,0,1,0,0,0
980,489500,1479,48,45,13,32,20,0,0,0,0,0,0,0,0,1,0,0,0
981,490000,965,46,43,14,31,19,0,0,0,0,0,0,0,0,1,0,0,0
982,490500,440,45,43,15,30,19,0,0,0,0,0,0,0,0,1,0,0,0
983,491000,-80,48,44,19,32,19,0,0,0,0,0,0,0,0,1,0,0,0
984,491500,-656,48,44,22,32,19,0,0,0,0,0,0,0,0,1,0,0,0
985,492000,-1210,46,44,21,32,20,0,0,0,0,0,0,0,0,1,0,0,0
986,492500,-1734,48,44,24,32,20,0,0,0,0,0,0,0,0,1,0,0,0
987,493000,-2189,46,44,24,32,20,0,0,0,0,0,0,0,0,1,0,0,0
988,493500,-2572,49,44,29,32,20,0,0,0,0,0,0,0,0,1,0,0,0
989,494000,-2922,48,43,30,30,19,0,0,0,0,0,0,0,0,1,0,0,0
990,494500,-3201,46,42,30,30,19,0,0,0,0,0,0,0,0,1,0,0,0
991,495000,-3412,46,44,32,32,19,0,0,0,0,0,0,0,0,1,0,0,0
992,495500,-3494,48,43,33,32,19,0,0,0,0,0,0,0,0,1,0,0,0
993,496000,-3551,48,44,34,32,19,0,0,0,0,0,0,0,0,1,0,0,0
994,496500,-3480,48,43,33,30,19,0,0,0,0,0,0,0,0,1,0,0,0
995,497000,-3342,46,45,30,32,20,0,0,0,0,0,0,0,0,1,0,0,0
996,497500,-3131,46,43,30,31,19,0,0,0,0,0,0,0,0,1,0,0,0
997,498000,-2801,46,44,27,32,20,0,0,0,0,0,0,0,0,1,0,0,0
998,498500,-2434,46,43,24,31,19,0,0,0,0,0,0,0,0,1,0,0,0
999,499000,-2014,46,45,22,32,20,0,0,0,0,0,0,0,0,1,0,0,0
1000,499500,-1524,46,43,21,30,19,0,0,0,0,0,0,0,0,1,0,0,0
1001,500000,-1035,46,43,20,31,19,0,0,0,0,0,0,0,0,1,0,0,0
1002,500500,-448,46,43,18,30,19,0,0,0,0,0,0,0,0,1,0,0,0
1003,501000,117,48,45,16,32,20,0,0,0,0,0,0,0,0,1,0,0,0
1004,501500,644,46,43,12,30,19,0,0,0,0,0,0,0,0,1,0,0,0
1005,502000,1161,47,44,11,31,19,0,0,0,0,0,0,0,0,1,0,0,0
1006,502500,1663,46,43,10,32,19,0,0,0,0,0,0,0,0,1,0,0,0
1007,503000,2121,46,43,8,30,18,0,0,0,0,0,0,0,0,1,0,0,0
1008,503500,2527,45,43,7,30,18,0,0,0,0,0,0,0,0,1,0,0,0
1009,504000,2867,46,44,5,31,19,0,0,0,0,0,0,0,0,1,0,0,0
1010,504500,3143,46,43,5,32,19,0,0,0,0,0,0,0,0,1,0,0,0
1011,505000,3340,45,43,4,30,19,0,0,0,0,0,0,0,0,1,0,0,0
1012,505500,3449,46,43,4,30,19,0,0,0,0,0,0,0,0,1,0,0,0
1013,506000,3471,47,45,4,32,19,0,0,0,0,0,0,0,0,1,0,0,0
1014,506500,3414,46,45,4,32,20,0,0,0,0,0,0,0,0,1,0,0,0
1015,507000,3270,46,43,5,30,19,0,0,0,0,0,0,0,0,1,0,0,0
1016,507500,3047,47,45,5,32,20,0,0,0,0,0,0,0,0,1,0,0,0
1017,508000,2736,46,45,8,32,20,0,0,0,0,0,0,0,0,1,0,0,0
1018,508500,2369,46,43,8,30,19,0,0,0,0,0,0,0,0,1,0,0,0
1019,509000,1942,46,44,11,30,20,0,0,0,0,0,0,0,0,1,0,0,0
1020,509500,1467,46,43,11,30,19,0,0,0,0,0,0,0,0,1,0,0,0
1021,510000,952,46,43,14,30,19,0,0,0,0,0,0,0,0,1,0,0,0
1022,510500,425,47,44,16,32,19,0,0,0,0,0,0,0,0,1,0,0,0
1023,511000,-95,48,44,20,32,20,0,0,0,0,0,0,0,0,1,0,0,0
1024,511500,-673,46,45,21,32,20,0,0,0,0,0,0,0,0,1,0,0,0
1025,512000,-1245,46,45,21,33,20,0,0,0,0,0,0,0,0,1,0,0,0
1026,512500,-1734,48,43,24,32,19,0,0,0,0,0,0,0,0,1,0,0,0
1027,513000,-2189,47,43,24,30,19,0,0,0,0,0,0,0,0,1,0,0,0
1028,513500,-2607,46,43,27,30,19,0,0,0,0,0,0,0,0,1,0,0,0
1029,514000,-2922,46,45,29,32,20,0,0,0,0,0,0,0,0,1,0,0,0
1030,514500,-3201,46,43,30,30,19,0,0,0,0,0,0,0,0,1,0,0,0
1031,515000,-3412,47,43,33,30,18,0,0,0,0,0,0,0,0,1,0,0,0
1032,515500,-3504,46,43,33,30,19,0,0,0,0,0,0,0,0,1,0,0,0
1033,516000,-3551,49,44,34,31,19,0,0,0,0,0,0,0,0,1,0,0,0
1034,516500,-3480,46,43,33,30,19,0,0,0,0,0,0,0,0,1,0,0,0
1035,517000,-3342,48,44,33,32,19,0,0,0,0,0,0,0,0,1,0,0,0
1036,517500,-3092,48,44,32,32,19,0,0,0,0,0,0,0,0,1,0,0,0
1037,518000,-2787,49,44,30,32,19,0,0,0,0,0,0,0,0,1,0,0,0
1038,518500,-2434,46,45,24,32,20,0,0,0,0,0,0,0,0,1,0,0,0
1039,519000,-2014,48,45,24,32,20,0,0,0,0,0,0,0,0,1,0,0,0
1040,519500,-1524,46,45,21,32,20,0,0,0,0,0,0,0,0,1,0,0,0
1041,520000,-987,46,45,18,33,20,0,0,0,0,0,0,0,0,1,0,0,0
1042,520500,-432,48,44,19,32,20,0,0,0,0,0,0,0,0,1,0,0,0
1043,521000,133,48,45,16,32,20,0,0,0,0,0,0,0,0,1,0,0,0
1044,521500,659,48,45,13,33,20,0,0,0,0,0,0,0,0,1,0,0,0
1045,522000,1165,46,43,12,31,19,0,0,0,0,0,0,0,0,1,0,0,0
1046,522500,1677,47,44,11,32,19,0,0,0,0,0,0,0,0,1,0,0,0
1047,523000,2135,48,45,8,32,20,0,0,0,0,0,0,0,0,1,0,0,0
1048,523500,2527,48,45,8,32,20,0,0,0,0,0,0,0,0,1,0,0,0
1049,524000,2877,46,43,5,30,19,0,0,0,0,0,0,0,0,1,0,0,0
1050,524500,3152,46,44,5,32,20,0,0,0,0,0,0,0,0,1,0,0,0
1051,525000,3340,46,44,4,32,19,0,0,0,0,0,0,0,0,1,0,0,0
1052,525500,3436,47,45,4,32,20,0,0,0,0,0,0,0,0,1,0,0,0
1053,526000,3475,45,43,4,31,19,0,0,0,0,0,0,0,0,1,0,0,0
1054,526500,3414,45,43,4,30,19,0,0,0,0,0,0,0,0,1,0,0,0
1055,527000,3262,45,43,5,30,19,0,0,0,0,0,0,0,0,1,0,0,0
1056,527500,3039,46,44,5,32,19,0,0,0,0,0,0,0,0,1,0,0,0
1057,528000,2732,46,44,8,32,19,0,0,0,0,0,0,0,0,1,0,0,0
1058,528500,2354,47,45,10,32,20,0,0,0,0,0,0,0,0,1,0,0,0
1059,529000,1930,45,43,10,30,19,0,0,0,0,0,0,0,0,1,0,0,0
1060,529500,1445,46,43,11,30,19,0,0,0,0,0,0,0,0,1,0,0,0
1061,530000,921,46,43,14,30,19,0,0,0,0,0,0,0,0,1,0,0,0
1062,530500,408,46,44,16,31,19,0,0,0,0,0,0,0,0,1,0,0,0
1063,531000,-110,46,43,18,30,19,0,0,0,0,0,0,0,0,1,0,0,0
1064,531500,-684,47,44,22,31,19,0,0,0,0,0,0,0,0,1,0,0,0
1065,532000,-1245,46,43,21,30,19,0,0,0,0,0,0,0,0,1,0,0,0
1066,532500,-1734,46,43,23,30,19,0,0,0,0,0,0,0,0,1,0,0,0
1067,533000,-2189,47,43,25,30,19,0,0,0,0,0,0,0,0,1,0,0,0
1068,533500,-2607,46,43,27,30,19,0,0,0,0,0,0,0,0,1,0,0,0
1069,534000,-2932,46,43,29,30,18,0,0,0,0,0,0,0,0,1,0,0,0
1070,534500,-3201,48,44,33,30,19,0,0,0,0,0,0,0,0,1,0,0,0
1071,535000,-3412,46,45,32,32,20,0,0,0,0,0,0,0,0,1,0,0,0
1072,535500,-3504,49,43,35,32,19,0,0,0,0,0,0,0,0,1,0,0,0
1073,536000,-3551,48,43,33,31,19,0,0,0,0,0,0,0,0,1,0,0,0
1074,536500,-3480,47,43,33,30,19,0,0,0,0,0,0,0,0,1,0,0,0
1075,537000,-3342,48,43,32,30,19,0,0,0,0,0,0,0,0,1,0,0,0
1076,537500,-3084,46,45,30,32,20,0,0,0,0,0,0,0,0,1,0,0,0
1077,538000,-2783,48,43,29,32,20,0,0,0,0,0,0,0,0,1,0,0,0
1078,538500,-2434,46,43,24,30,19,0,0,0,0,0,0,0,0,1,0,0,0
1079,539000,-1975,47,43,23,30,19,0,0,0,0,0,0,0,0,1,0,0,0
1080,539500,-1524,48,44,22,31,20,0,0,0,0,0,0,0,0,1,0,0,0
1081,540000,-974,48,44,21,32,20,0,0,0,0,0,0,0,0,1,0,0,0
1082,540500,-416,48,44,19,32,20,0,0,0,0,0,0,0,0,1,0,0,0
1083,541000,150,46,43,15,30,19,0,0,0,0,0,0,0,0,1,0,0,0
1084,541500,676,47,44,12,31,19,0,0,0,0,0,0,0,0,1,0,0,0
1085,542000,1191,47,44,11,32,19,0,0,0,0,0,0,0,0,1,0,0,0
1086,542500,1689,48,45,11,33,20,0,0,0,0,0,0,0,0,1,0,0,0
1087,543000,2146,48,45,8,32,21,0,0,0,0,0,0,0,0,1,0,0,0
1088,543500,2549,46,44,7,32,20,0,0,0,0,0,0,0,0,1,0,0,0
1089,544000,2895,45,43,5,30,20,0,0,0,0,0,0,0,0,1,0,0,0
1090,544500,3156,46,43,5,30,19,0,0,0,0,0,0,0,0,1,0,0,0
1091,545000,3348,46,43,4,30,20,0,0,0,0,0,0,0,0,1,0,0,0
1092,545500,3453,45,42,4,30,19,0,0,0,0,0,0,0,0,1,0,0,0
1093,546000,3475,46,44,4,32,20,0,0,0,0,0,0,0,0,1,0,0,0
1094,546500,3410,46,44,4,32,20,0,0,0,0,0,0,0,0,1,0,0,0
1095,547000,3262,45,43,5,30,19,0,0,0,0,0,0,0,0,1,0,0,0
1096,547500,3016,47,45,7,32,20,0,0,0,0,0,0,0,0,1,0,0,0
1097,548000,2725,47,43,7,30,19,0,0,0,0,0,0,0,0,1,0,0,0
1098,548500,2348,46,43,8,30,19,0,0,0,0,0,0,0,0,1,0,0,0
1099,549000,1899,46,43,11,30,19,0,0,0,0,0,0,0,0,1,0,0,0
1100,549500,1437,46,43,11,31,19,0,0,0,0,0,0,0,0,1,0,0,0
1101,550000,917,46,43,14,30,19,0,0,0,0,0,0,0,0,1,0,0,0
1102,550500,391,46,43,15,30,19,0,0,0,0,0,0,0,0,1,0,0,0
1103,551000,-127,46,45,18,32,20,0,0,0,0,0,0,0,0,1,0,0,0
1104,551500,-700,48,44,22,32,20,0,0,0,0,0,0,0,0,1,0,0,0
1105,552000,-1245,47,43,22,32,19,0,0,0,0,0,0,0,0,1,0,0,0
1106,552500,-1743,48,43,24,30,19,0,0,0,0,0,0,0,0,1,0,0,0
1107,553000,-2223,46,43,24,30,19,0,0,0,0,0,0,0,0,1,0,0,0
1108,553500,-2607,49,44,29,31,19,0,0,0,0,0,0,0,0,1,0,0,0
1109,554000,-2936,49,44,31,32,19,0,0,0,0,0,0,0,0,1,0,0,0
1110,554500,-3205,48,43,32,30,19,0,0,0,0,0,0,0,0,1,0,0,0
1111,555000,-3412,49,44,34,32,19,0,0,0,0,0,0,0,0,1,0,0,0
1112,555500,-3504,46,43,33,30,19,0,0,0,0,0,0,0,0,1,0,0,0
1113,556000,-3551,46,43,33,30,18,0,0,0,0,0,0,0,0,1,0,0,0
1114,556500,-3480,46,43,32,31,19,0,0,0,0,0,0,0,0,1,0,0,0
1115,557000,-3342,48,43,33,32,19,0,0,0,0,0,0,0,0,1,0,0,0
1116,557500,-3074,49,44,30,32,19,0,0,0,0,0,0,0,0,1,0,0,0
1117,558000,-2783,48,44,30,32,19,0,0,0,0,0,0,0,0,1,0,0,0
1118,558500,-2395,48,43,26,30,19,0,0,0,0,0,0,0,0,1,0,0,0
1119,559000,-1957,47,42,23,30,19,0,0,0,0,0,0,0,0,1,0,0,0
1120,559500,-1489,46,45,21,32,20,0,0,0,0,0,0,0,0,1,0,0,0
1121,560000,-941,47,44,21,30,19,0,0,0,0,0,0,0,0,1,0,0,0
1122,560500,-401,46,43,18,30,19,0,0,0,0,0,0,0,0,1,0,0,0
1123,561000,167,46,43,14,30,19,0,0,0,0,0,0,0,0,1,0,0,0
1124,561500,692,46,43,11,30,19,0,0,0,0,0,0,0,0,1,0,0,0
1125,562000,1200,46,43,11,30,19,0,0,0,0,0,0,0,0,1,0,0,0
1126,562500,1689,47,45,11,32,20,0,0,0,0,0,0,0,0,1,0,0,0
1127,563000,2160,46,44,8,32,20,0,0,0,0,0,0,0,0,1,0,0,0
1128,563500,2563,46,44,7,30,19,0,0,0,0,0,0,0,0,1,0,0,0
1129,564000,2898,46,44,5,32,19,0,0,0,0,0,0,0,0,1,0,0,0
1130,564500,3164,45,43,5,30,19,0,0,0,0,0,0,0,0,1,0,0,0
1131,565000,3354,45,43,4,30,19,0,0,0,0,0,0,0,0,1,0,0,0
1132,565500,3453,47,45,4,32,20,0,0,0,0,0,0,0,0,1,0,0,0
1133,566000,3475,46,45,4,32,20,0,0,0,0,0,0,0,0,1,0,0,0
1134,566500,3400,46,43,4,30,19,0,0,0,0,0,0,0,0,1,0,0,0
1135,567000,3256,46,44,5,32,19,0,0,0,0,0,0,0,0,1,0,0,0
1136,567500,3025,45,43,5,30,19,0,0,0,0,0,0,0,0,1,0,0,0
1137,568000,2715,45,43,7,30,19,0,0,0,0,0,0,0,0,1,0,0,0
1138,568500,2318,48,45,10,32,20,0,0,0,0,0,0,0,0,1,0,0,0
1139,569000,1899,46,43,11,30,19,0,0,0,0,0,0,0,0,1,0,0,0
1140,569500,1410,46,43,11,30,19,0,0,0,0,0,0,0,0,1,0,0,0
1141,570000,904,48,44,14,32,20,0,0,0,0,0,0,0,0,1,0,0,0
1142,570500,377,46,44,16,32,20,0,0,0,0,0,0,0,0,1,0,0,0
1143,571000,-144,48,44,20,32,20,0,0,0,0,0,0,0,0,1,0,0,0
1144,571500,-716,48,44,23,32,19,0,0,0,0,0,0,0,0,1,0,0,0
1145,572000,-1263,46,45,21,32,20,0,0,0,0,0,0,0,0,1,0,0,0
1146,572500,-1760,47,43,24,31,19,0,0,0,0,0,0,0,0,1,0,0,0
1147,573000,-2223,46,44,24,32,20,0,0,0,0,0,0,0,0,1,0,0,0
1148,573500,-2643,47,43,27,30,19,0,0,0,0,0,0,0,0,1,0,0,0
1149,574000,-2949,46,45,30,32,20,0,0,0,0,0,0,0,0,1,0,0,0
1150,574500,-3215,46,43,32,30,19,0,0,0,0,0,0,0,0,1,0,0,0
1151,575000,-3412,47,43,33,30,19,0,0,0,0,0,0,0,0,1,0,0,0
1152,575500,-3516,47,43,33,30,19,0,0,0,0,0,0,0,0,1,0,0,0
1153,576000,-3551,46,43,32,30,18,0,0,0,0,0,0,0,0,1,0,0,0
1154,576500,-3480,46,45,33,32,20,0,0,0,0,0,0,0,0,1,0,0,0
1155,577000,-3342,48,43,32,32,19,0,0,0,0,0,0,0,0,1,0,0,0
1156,577500,-3066,46,43,30,30,19,0,0,0,0,0,0,0,0,1,0,0,0
1157,578000,-2783,47,43,29,31,19,0,0,0,0,0,0,0,0,1,0,0,0
1158,578500,-2381,46,43,24,30,19,0,0,0,0,0,0,0,0,1,0,0,0
1159,579000,-1943,47,43,23,30,19,0,0,0,0,0,0,0,0,1,0,0,0
1160,579500,-1459,46,43,21,30,19,0,0,0,0,0,0,0,0,1,0,0,0
1161,580000,-924,46,43,21,30,18,0,0,0,0,0,0,0,0,1,0,0,0
1162,580500,-388,46,43,18,30,19,0,0,0,0,0,0,0,0,1,0,0,0
1163,581000,182,48,45,15,32,20,0,0,0,0,0,0,0,0,1,0,0,0
1164,581500,707,46,43,11,31,19,0,0,0,0,0,0,0,0,1,0,0,0
1165,582000,1200,46,43,11,30,19,0,0,0,0,0,0,0,0,1,0,0,0
1166,582500,1720,45,43,10,30,19,0,0,0,0,0,0,0,0,1,0,0,0
1167,583000,2174,47,45,8,32,20,0,0,0,0,0,0,0,0,1,0,0,0
1168,583500,2570,48,45,8,32,20,0,0,0,0,0,0,0,0,1,0,0,0
1169,584000,2906,46,43,5,31,19,0,0,0,0,0,0,0,0,1,0,0,0
1170,584500,3156,47,45,5,32,20,0,0,0,0,0,0,0,0,1,0,0,0
1171,585000,3354,47,45,4,32,20,0,0,0,0,0,0,0,0,1,0,0,0
1172,585500,3457,47,45,4,32,20,0,0,0,0,0,0,0,0,1,0,0,0
1173,586000,3475,45,43,2,30,19,0,0,0,0,0,0,0,0,1,0,0,0
1174,586500,3400,45,43,4,30,19,0,0,0,0,0,0,0,0,1,0,0,0
1175,587000,3252,46,43,5,30,19,0,0,0,0,0,0,0,0,1,0,0,0
1176,587500,3016,45,43,5,30,19,0,0,0,0,0,0,0,0,1,0,0,0
1177,588000,2701,46,43,8,30,19,0,0,0,0,0,0,0,0,1,0,0,0
1178,588500,2318,46,44,8,30,19,0,0,0,0,0,0,0,0,1,0,0,0
1179,589000,1891,45,43,11,30,19,0,0,0,0,0,0,0,0,1,0,0,0
1180,589500,1405,46,43,11,30,19,0,0,0,0,0,0,0,0,1,0,0,0
1181,590000,886,47,45,14,32,20,0,0,0,0,0,0,0,0,1,0,0,0
1182,590500,361,46,43,16,31,19,0,0,0,0,0,0,0,0,1,0,0,0
1183,591000,-160,48,44,20,31,20,0,0,0,0,0,0,0,0,1,0,0,0
1184,591500,-733,48,44,22,32,20,0,0,0,0,0,0,0,0,1,0,0,0
1185,592000,-1275,46,43,21,30,19,0,0,0,0,0,0,0,0,1,0,0,0
1186,592500,-1804,47,43,24,30,19,0,0,0,0,0,0,0,0,1,0,0,0
1187,593000,-2223,46,43,25,30,19,0,0,0,0,0,0,0,0,1,0,0,0
1188,593500,-2643,47,43,29,30,19,0,0,0,0,0,0,0,0,1,0,0,0
1189,594000,-2953,46,42,30,30,19,0,0,0,0,0,0,0,0,1,0,0,0
1190,594500,-3223,48,43,33,32,19,0,0,0,0,0,0,0,0,1,0,0,0
1191,595000,-3412,46,45,32,32,20,0,0,0,0,0,0,0,0,1,0,0,0
1192,595500,-3508,46,45,33,32,20,0,0,0,0,0,0,0,0,1,0,0,0
1193,596000,-3551,49,44,35,32,19,0,0,0,0,0,0,0,0,1,0,0,0
1194,596500,-3480,48,43,33,32,19,0,0,0,0,0,0,0,0,1,0,0,0
1195,597000,-3307,46,43,31,30,19,0,0,0,0,0,0,0,0,1,0,0,0
1196,597500,-3063,48,43,30,30,19,0,0,0,0,0,0,0,0,1,0,0,0
1197,598000,-2783,46,43,27,30,18,0,0,0,0,0,0,0,0,1,0,0,0
1198,598500,-2367,47,42,24,30,18,0,0,0,0,0,0,0,0,1,0,0,0
1199,599000,-1943,48,43,23,31,19,0,0,0,0,0,0,0,0,1,0,0,0
1200,599500,-1454,47,43,21,30,19,0,0,0,0,0,0,0,0,1,0,0,0
1201,600000,-911,46,43,21,30,19,0,0,0,0,0,0,0,0,1,0,0,0
1202,600500,-370,47,43,18,30,19,0,0,0,0,0,0,0,0,1,0,0,0
1203,601000,198,48,45,15,33,20,0,0,0,0,0,0,0,0,1,0,0,0
1204,601500,725,46,43,11,31,19,0,0,0,0,0,0,0,0,1,0,0,0
1205,602000,1239,47,44,11,31,19,0,0,0,0,0,0,0,0,1,0,0,0
1206,602500,1737,46,43,10,30,19,0,0,0,0,0,0,0,0,1,0,0,0
1207,603000,2178,48,45,8,32,20,0,0,0,0,0,0,0,0,1,0,0,0
1208,603500,2584,46,45,7,32,20,0,0,0,0,0,0,0,0,1,0,0,0
1209,604000,2920,46,43,5,30,19,0,0,0,0,0,0,0,0,1,0,0,0
1210,604500,3178,45,43,5,30,19,0,0,0,0,0,0,0,0,1,0,0,0
1211,605000,3361,45,43,4,30,19,0,0,0,0,0,0,0,0,1,0,0,0
1212,605500,3457,47,45,4,32,20,0,0,0,0,0,0,0,0,1,0,0,0
1213,606000,3475,46,44,4,32,20,0,0,0,0,0,0,0,0,1,0,0,0
1214,606500,3400,46,43,4,30,19,0,0,0,0,0,0,0,0,1,0,0,0
1215,607000,3227,47,44,5,32,20,0,0,0,0,0,0,0,0,1,0,0,0
1216,607500,3008,46,43,5,30,19,0,0,0,0,0,0,0,0,1,0,0,0
1217,608000,2697,46,44,8,31,19,0,0,0,0,0,0,0,0,1,0,0,0
1218,608500,2313,45,43,8,30,19,0,0,0,0,0,0,0,0,1,0,0,0
1219,609000,1877,47,45,11,32,20,0,0,0,0,0,0,0,0,1,0,0,0
1220,609500,1393,46,43,13,31,20,0,0,0,0,0,0,0,0,1,0,0,0
1221,610000,851,48,45,16,32,20,0,0,0,0,0,0,0,0,1,0,0,0
1222,610500,347,48,45,17,32,20,0,0,0,0,0,0,0,0,1,0,0,0
1223,611000,-174,48,43,20,30,19,0,0,0,0,0,0,0,0,1,0,0,0
1224,611500,-751,47,43,22,31,19,0,0,0,0,0,0,0,0,1,0,0,0
1225,612000,-1314,46,43,22,30,19,0,0,0,0,0,0,0,0,1,0,0,0
1226,612500,-1804,47,43,24,31,19,0,0,0,0,0,0,0,0,1,0,0,0
1227,613000,-2236,48,43,26,30,19,0,0,0,0,0,0,0,0,1,0,0,0
1228,613500,-2643,46,43,27,30,19,0,0,0,0,0,0,0,0,1,0,0,0
1229,614000,-2992,46,45,30,32,20,0,0,0,0,0,0,0,0,1,0,0,0
1230,614500,-3229,46,43,30,30,19,0,0,0,0,0,0,0,0,1,0,0,0
1231,615000,-3412,49,44,33,31,19,0,0,0,0,0,0,0,0,1,0,0,0
1232,615500,-3508,46,45,33,32,20,0,0,0,0,0,0,0,0,1,0,0,0
1233,616000,-3551,49,44,35,32,20,0,0,0,0,0,0,0,0,1,0,0,0
1234,616500,-3480,49,44,33,32,19,0,0,0,0,0,0,0,0,1,0,0,0
1235,617000,-3293,48,44,33,32,19,0,0,0,0,0,0,0,0,1,0,0,0
1236,617500,-3063,46,45,30,32,20,0,0,0,0,0,0,0,0,1,0,0,0
1237,618000,-2748,46,43,27,30,19,0,0,0,0,0,0,0,0,1,0,0,0
1238,618500,-2363,46,43,24,30,19,0,0,0,0,0,0,0,0,1,0,0,0
1239,619000,-1943,46,43,22,30,19,0,0,0,0,0,0,0,0,1,0,0,0
1240,619500,-1454,46,43,21,30,19,0,0,0,0,0,0,0,0,1,0,0,0
1241,620000,-898,46,43,21,30,19,0,0,0,0,0,0,0,0,1,0,0,0
1242,620500,-353,47,44,18,31,20,0,0,0,0,0,0,0,0,1,0,0,0
1243,621000,216,46,43,13,30,19,0,0,0,0,0,0,0,0,1,0,0,0
1244,621500,740,46,43,11,30,19,0,0,0,0,0,0,0,0,1,0,0,0
1245,622000,1257,46,43,11,31,19,0,0,0,0,0,0,0,0,1,0,0,0
1246,622500,1746,46,43,10,30,19,0,0,0,0,0,0,0,0,1,0,0,0
1247,623000,2195,46,43,8,30,19,0,0,0,0,0,0,0,0,1,0,0,0
1248,623500,2598,45,43,7,30,19,0,0,0,0,0,0,0,0,1,0,0,0
1249,624000,2924,46,43,5,30,19,0,0,0,0,0,0,0,0,1,0,0,0
1250,624500,3188,46,43,5,30,20,0,0,0,0,0,0,0,0,1,0,0,0
1251,625000,3361,46,44,4,32,20,0,0,0,0,0,0,0,0,1,0,0,0
1252,625500,3461,46,44,4,32,20,0,0,0,0,0,0,0,0,1,0,0,0
1253,626000,3471,47,45,4,32,20,0,0,0,0,0,0,0,0,1,0,0,0
1254,626500,3396,46,45,4,32,20,0,0,0,0,0,0,0,0,1,0,0,0
1255,627000,3227,47,45,5,32,20,0,0,0,0,0,0,0,0,1,0,0,0
1256,627500,2998,45,43,5,32,19,0,0,0,0,0,0,0,0,1,0,0,0
1257,628000,2668,46,43,8,32,19,0,0,0,0,0,0,0,0,1,0,0,0
1258,628500,2301,47,45,10,32,20,0,0,0,0,0,0,0,0,1,0,0,0
1259,629000,1864,46,44,11,32,20,0,0,0,0,0,0,0,0,1,0,0,0
1260,629500,1375,48,44,13,32,20,0,0,0,0,0,0,0,0,1,0,0,0
1261,630000,851,48,45,15,32,20,0,0,0,0,0,0,0,0,1,0,0,0
1262,630500,330,47,44,16,32,20,0,0,0,0,0,0,0,0,1,0,0,0
1263,631000,-191,46,43,19,30,19,0,0,0,0,0,0,0,0,1,0,0,0
1264,631500,-763,48,44,23,31,20,0,0,0,0,0,0,0,0,1,0,0,0
1265,632000,-1314,46,43,21,30,19,0,0,0,0,0,0,0,0,1,0,0,0
1266,632500,-1804,46,43,23,30,19,0,0,0,0,0,0,0,0,1,0,0,0
1267,633000,-2250,46,43,25,30,19,0,0,0,0,0,0,0,0,1,0,0,0
1268,633500,-2643,49,44,29,31,20,0,0,0,0,0,0,0,0,1,0,0,0
1269,634000,-2992,46,43,30,30,19,0,0,0,0,0,0,0,0,1,0,0,0
1270,634500,-3232,46,44,31,32,20,0,0,0,0,0,0,0,0,1,0,0,0
1271,635000,-3416,49,43,34,32,19,0,0,0,0,0,0,0,0,1,0,0,0
1272,635500,-3512,46,43,33,30,19,0,0,0,0,0,0,0,0,1,0,0,0
1273,636000,-3512,46,43,33,30,19,0,0,0,0,0,0,0,0,1,0,0,0
1274,636500,-3480,47,43,33,30,19,0,0,0,0,0,0,0,0,1,0,0,0
1275,637000,-3285,49,44,33,32,19,0,0,0,0,0,0,0,0,1,0,0,0
1276,637500,-3063,46,45,30,32,20,0,0,0,0,0,0,0,0,1,0,0,0
1277,638000,-2727,48,43,28,32,19,0,0,0,0,0,0,0,0,1,0,0,0
1278,638500,-2363,48,43,26,30,19,0,0,0,0,0,0,0,0,1,0,0,0
1279,639000,-1908,46,45,21,32,20,0,0,0,0,0,0,0,0,1,0,0,0
1280,639500,-1415,46,43,20,30,19,0,0,0,0,0,0,0,0,1,0,0,0
1281,640000,-880,46,43,20,30,19,0,0,0,0,0,0,0,0,1,0,0,0
1282,640500,-336,47,43,18,31,19,0,0,0,0,0,0,0,0,1,0,0,0
1283,641000,231,46,43,13,30,19,0,0,0,0,0,0,0,0,1,0,0,0
1284,641500,756,46,43,11,30,19,0,0,0,0,0,0,0,0,1,0,0,0
1285,642000,1271,46,44,11,32,19,0,0,0,0,0,0,0,0,1,0,0,0
1286,642500,1759,47,45,10,32,20,0,0,0,0,0,0,0,0,1,0,0,0
1287,643000,2213,46,43,8,31,19,0,0,0,0,0,0,0,0,1,0,0,0
1288,643500,2598,46,44,7,32,19,0,0,0,0,0,0,0,0,1,0,0,0
1289,644000,2934,45,43,5,30,19,0,0,0,0,0,0,0,0,1,0,0,0
1290,644500,3195,46,44,5,32,20,0,0,0,0,0,0,0,0,1,0,0,0
1291,645000,3365,46,43,4,30,19,0,0,0,0,0,0,0,0,1,0,0,0
1292,645500,3461,47,45,5,32,20,0,0,0,0,0,0,0,0,1,0,0,0
1293,646000,3471,45,43,4,30,19,0,0,0,0,0,0,0,0,1,0,0,0
1294,646500,3393,47,45,5,32,20,0,0,0,0,0,0,0,0,1,0,0,0
1295,647000,3234,45,43,5,30,19,0,0,0,0,0,0,0,0,1,0,0,0
1296,647500,2990,46,44,5,32,20,0,0,0,0,0,0,0,0,1,0,0,0
1297,648000,2676,45,43,8,30,19,0,0,0,0,0,0,0,0,1,0,0,0
1298,648500,2291,47,45,10,32,19,0,0,0,0,0,0,0,0,1,0,0,0
1299,649000,1851,46,43,10,30,19,0,0,0,0,0,0,0,0,1,0,0,0
1300,649500,1340,48,45,14,32,20,0,0,0,0,0,0,0,0,1,0,0,0
1301,650000,838,46,43,14,30,19,0,0,0,0,0,0,0,0,1,0,0,0
1302,650500,313,46,44,16,32,19,0,0,0,0,0,0,0,0,1,0,0,0
1303,651000,-207,46,43,19,30,19,0,0,0,0,0,0,0,0,1,0,0,0
1304,651500,-781,46,43,21,30,19,0,0,0,0,0,0,0,0,1,0,0,0
1305,652000,-1319,46,42,21,30,19,0,0,0,0,0,0,0,0,1,0,0,0
1306,652500,-1817,46,45,23,32,20,0,0,0,0,0,0,0,0,1,0,0,0
1307,653000,-2293,46,43,26,30,19,0,0,0,0,0,0,0,0,1,0,0,0
1308,653500,-2656,48,43,30,32,20,0,0,0,0,0,0,0,0,1,0,0,0
1309,654000,-2992,48,43,30,30,19,0,0,0,0,0,0,0,0,1,0,0,0
1310,654500,-3232,48,43,33,31,19,0,0,0,0,0,0,0,0,1,0,0,0
1311,655000,-3416,48,43,33,32,19,0,0,0,0,0,0,0,0,1,0,0,0
1312,655500,-3512,46,42,33,30,19,0,0,0,0,0,0,0,0,1,0,0,0
1313,656000,-3512,49,43,34,32,19,0,0,0,0,0,0,0,0,1,0,0,0
1314,656500,-3480,48,44,33,32,19,0,0,0,0,0,0,0,0,1,0,0,0
1315,657000,-3307,46,43,30,30,19,0,0,0,0,0,0,0,0,1,0,0,0
1316,657500,-3063,49,44,30,32,19,0,0,0,0,0,0,0,0,1,0,0,0
1317,658000,-2717,48,43,29,30,19,0,0,0,0,0,0,0,0,1,0,0,0
1318,658500,-2363,46,43,24,30,19,0,0,0,0,0,0,0,0,1,0,0,0
1319,659000,-1887,46,43,23,30,19,0,0,0,0,0,0,0,0,1,0,0,0
1320,659500,-1397,47,43,21,31,19,0,0,0,0,0,0,0,0,1,0,0,0
1321,660000,-863,46,44,20,32,20,0,0,0,0,0,0,0,0,1,0,0,0
1322,660500,-319,49,45,19,30,20,0,0,0,0,0,0,0,0,1,0,0,0
1323,661000,246,48,45,14,33,20,0,0,0,0,0,0,0,0,1,0,0,0
1324,661500,771,48,45,12,32,20,0,0,0,0,0,0,0,0,1,0,0,0
1325,662000,1271,46,44,11,32,19,0,0,0,0,0,0,0,0,1,0,0,0
1326,662500,1776,45,43,10,30,19,0,0,0,0,0,0,0,0,1,0,0,0
1327,663000,2227,46,43,8,30,19,0,0,0,0,0,0,0,0,1,0,0,0
1328,663500,2619,45,43,7,30,19,0,0,0,0,0,0,0,0,1,0,0,0
1329,664000,2941,46,44,5,32,19,0,0,0,0,0,0,0,0,1,0,0,0
1330,664500,3195,45,43,4,30,19,0,0,0,0,0,0,0,0,1,0,0,0
1331,665000,3375,45,43,4,30,19,0,0,0,0,0,0,0,0,1,0,0,0
1332,665500,3461,47,45,4,32,20,0,0,0,0,0,0,0,0,1,0,0,0
1333,666000,3471,46,43,4,31,19,0,0,0,0,0,0,0,0,1,0,0,0
1334,666500,3393,46,43,5,31,19,0,0,0,0,0,0,0,0,1,0,0,0
1335,667000,3227,45,43,5,30,19,0,0,0,0,0,0,0,0,1,0,0,0
1336,667500,2980,48,45,7,32,20,0,0,0,0,0,0,0,0,1,0,0,0
1337,668000,2662,45,45,8,30,19,0,0,0,0,0,0,0,0,1,0,0,0
1338,668500,2279,45,43,8,30,19,0,0,0,0,0,0,0,0,1,0,0,0
1339,669000,1829,47,45,11,32,20,0,0,0,0,0,0,0,0,1,0,0,0
1340,669500,1340,46,43,13,30,19,0,0,0,0,0,0,0,0,1,0,0,0
1341,670000,836,46,44,12,31,19,0,0,0,0,0,0,0,0,1,0,0,0
1342,670500,299,47,45,17,32,20,0,0,0,0,0,0,0,0,1,0,0,0
1343,671000,-224,46,45,19,32,20,0,0,0,0,0,0,0,0,1,0,0,0
1344,671500,-794,47,43,22,31,20,0,0,0,0,0,0,0,0,1,0,0,0
1345,672000,-1350,46,43,22,30,18,0,0,0,0,0,0,0,0,1,0,0,0
1346,672500,-1830,46,45,23,32,20,0,0,0,0,0,0,0,0,1,0,0,0
1347,673000,-2293,46,43,25,30,19,0,0,0,0,0,0,0,0,1,0,0,0
1348,673500,-2664,46,45,27,32,20,0,0,0,0,0,0,0,0,1,0,0,0
1349,674000,-2992,49,45,31,32,20,0,0,0,0,0,0,0,0,1,0,0,0
1350,674500,-3232,48,43,32,32,19,0,0,0,0,0,0,0,0,1,0,0,0
1351,675000,-3445,46,45,32,32,20,0,0,0,0,0,0,0,0,1,0,0,0
1352,675500,-3512,48,43,33,30,19,0,0,0,0,0,0,0,0,1,0,0,0
1353,676000,-3512,46,45,33,32,20,0,0,0,0,0,0,0,0,1,0,0,0
1354,676500,-3480,49,44,33,32,20,0,0,0,0,0,0,0,0,1,0,0,0
1355,677000,-3271,49,44,32,32,20,0,0,0,0,0,0,0,0,1,0,0,0
1356,677500,-3063,49,43,30,32,20,0,0,0,0,0,0,0,0,1,0,0,0
1357,678000,-2713,49,44,29,32,19,0,0,0,0,0,0,0,0,1,0,0,0
1358,678500,-2328,46,43,24,30,19,0,0,0,0,0,0,0,0,1,0,0,0
1359,679000,-1878,47,43,22,30,19,0,0,0,0,0,0,0,0,1,0,0,0
1360,679500,-1389,47,43,21,30,19,0,0,0,0,0,0,0,0,1,0,0,0
1361,680000,-850,46,43,20,30,19,0,0,0,0,0,0,0,0,1,0,0,0
1362,680500,-304,48,44,18,32,20,0,0,0,0,0,0,0,0,1,0,0,0
1363,681000,262,48,45,14,32,20,0,0,0,0,0,0,0,0,1,0,0,0
1364,681500,787,46,43,11,30,19,0,0,0,0,0,0,0,0,1,0,0,0
1365,682000,1301,46,43,11,30,19,0,0,0,0,0,0,0,0,1,0,0,0
1366,682500,1790,46,43,10,32,19,0,0,0,0,0,0,0,0,1,0,0,0
1367,683000,2234,46,43,8,30,19,0,0,0,0,0,0,0,0,1,0,0,0
1368,683500,2627,48,45,7,32,20,0,0,0,0,0,0,0,0,1,0,0,0
1369,684000,2947,46,44,5,32,20,0,0,0,0,0,0,0,0,1,0,0,0
1370,684500,3203,47,45,5,32,20,0,0,0,0,0,0,0,0,1,0,0,0
1371,685000,3379,45,43,4,30,19,0,0,0,0,0,0,0,0,1,0,0,0
1372,685500,3467,45,43,2,30,19,0,0,0,0,0,0,0,0,1,0,0,0
1373,686000,3471,45,43,2,30,19,0,0,0,0,0,0,0,0,1,0,0,0
1374,686500,3383,46,44,5,32,20,0,0,0,0,0,0,0,0,1,0,0,0
1375,687000,3221,45,43,5,30,19,0,0,0,0,0,0,0,0,1,0,0,0
1376,687500,2977,46,44,7,31,19,0,0,0,0,0,0,0,0,1,0,0,0
1377,688000,2654,46,43,7,30,19,0,0,0,0,0,0,0,0,1,0,0,0
1378,688500,2248,46,43,8,30,19,0,0,0,0,0,0,0,0,1,0,0,0
1379,689000,1825,48,45,11,32,20,0,0,0,0,0,0,0,0,1,0,0,0
1380,689500,1331,46,44,13,32,20,0,0,0,0,0,0,0,0,1,0,0,0
1381,690000,822,48,45,13,32,20,0,0,0,0,0,0,0,0,1,0,0,0
1382,690500,282,47,44,16,30,19,0,0,0,0,0,0,0,0,1,0,0,0
1383,691000,-238,46,43,20,30,19,0,0,0,0,0,0,0,0,1,0,0,0
1384,691500,-812,46,45,21,32,20,0,0,0,0,0,0,0,0,1,0,0,0
1385,692000,-1385,46,45,21,32,20,0,0,0,0,0,0,0,0,1,0,0,0
1386,692500,-1834,46,45,23,32,20,0,0,0,0,0,0,0,0,1,0,0,0
1387,693000,-2293,48,43,26,30,19,0,0,0,0,0,0,0,0,1,0,0,0
1388,693500,-2713,46,42,29,30,19,0,0,0,0,0,0,0,0,1,0,0,0
1389,694000,-3000,48,44,32,32,19,0,0,0,0,0,0,0,0,1,0,0,0
1390,694500,-3271,46,43,31,30,19,0,0,0,0,0,0,0,0,1,0,0,0
1391,695000,-3445,47,43,33,30,19,0,0,0,0,0,0,0,0,1,0,0,0
1392,695500,-3551,48,43,33,30,19,0,0,0,0,0,0,0,0,1,0,0,0
1393,696000,-3512,48,43,33,30,19,0,0,0,0,0,0,0,0,1,0,0,0
1394,696500,-3445,46,43,32,31,19,0,0,0,0,0,0,0,0,1,0,0,0
1395,697000,-3271,47,43,32,30,19,0,0,0,0,0,0,0,0,1,0,0,0
1396,697500,-3027,46,43,30,30,19,0,0,0,0,0,0,0,0,1,0,0,0
1397,698000,-2713,48,44,29,31,19,0,0,0,0,0,0,0,0,1,0,0,0
1398,698500,-2328,46,43,24,30,19,0,0,0,0,0,0,0,0,1,0,0,0
1399,699000,-1874,46,44,21,32,20,0,0,0,0,0,0,0,0,1,0,0,0
1400,699500,-1385,46,45,20,32,20,0,0,0,0,0,0,0,0,1,0,0,0
1401,700000,-830,46,45,20,33,20,0,0,0,0,0,0,0,0,1,0,0,0
1402,700500,-288,46,43,17,31,19,0,0,0,0,0,0,0,0,1,0,0,0
1403,701000,279,46,43,12,30,19,0,0,0,0,0,0,0,0,1,0,0,0
1404,701500,803,46,43,10,30,19,0,0,0,0,0,0,0,0,1,0,0,0
1405,702000,1313,48,45,11,32,20,0,0,0,0,0,0,0,0,1,0,0,0
1406,702500,1803,46,43,8,30,19,0,0,0,0,0,0,0,0,1,0,0,0
1407,703000,2248,47,45,8,32,20,0,0,0,0,0,0,0,0,1,0,0,0
1408,703500,2633,48,45,8,33,20,0,0,0,0,0,0,0,0,1,0,0,0
1409,704000,2947,46,43,5,32,19,0,0,0,0,0,0,0,0,1,0,0,0
1410,704500,3213,46,43,4,30,19,0,0,0,0,0,0,0,0,1,0,0,0
1411,705000,3383,45,43,4,30,19,0,0,0,0,0,0,0,0,1,0,0,0
1412,705500,3467,46,45,4,31,19,0,0,0,0,0,0,0,0,1,0,0,0
1413,706000,3467,45,43,4,30,19,0,0,0,0,0,0,0,0,1,0,0,0
1414,706500,3383,46,43,4,30,19,0,0,0,0,0,0,0,0,1,0,0,0
1415,707000,3217,45,43,5,30,19,0,0,0,0,0,0,0,0,1,0,0,0
1416,707500,2947,47,44,7,30,19,0,0,0,0,0,0,0,0,1,0,0,0
1417,708000,2645,45,43,7,30,19,0,0,0,0,0,0,0,0,1,0,0,0
1418,708500,2248,47,45,10,32,20,0,0,0,0,0,0,0,0,1,0,0,0
1419,709000,1812,46,43,11,30,19,0,0,0,0,0,0,0,0,1,0,0,0
1420,709500,1318,46,44,13,31,19,0,0,0,0,0,0,0,0,1,0,0,0
1421,710000,806,46,44,13,32,19,0,0,0,0,0,0,0,0,1,0,0,0
1422,710500,267,46,43,16,30,19,0,0,0,0,0,0,0,0,1,0,0,0
1423,711000,-254,46,43,19,30,18,0,0,0,0,0,0,0,0,1,0,0,0
1424,711500,-829,46,45,21,32,20,0,0,0,0,0,0,0,0,1,0,0,0
1425,712000,-1385,47,43,23,32,19,0,0,0,0,0,0,0,0,1,0,0,0
1426,712500,-1874,46,43,23,30,18,0,0,0,0,0,0,0,0,1,0,0,0
1427,713000,-2297,47,43,26,30,19,0,0,0,0,0,0,0,0,1,0,0,0
1428,713500,-2713,46,43,27,30,19,0,0,0,0,0,0,0,0,1,0,0,0
1429,714000,-3006,47,43,30,30,19,0,0,0,0,0,0,0,0,1,0,0,0
1430,714500,-3271,47,43,32,31,19,0,0,0,0,0,0,0,0,1,0,0,0
1431,715000,-3445,46,43,32,30,19,0,0,0,0,0,0,0,0,1,0,0,0
1432,715500,-3512,46,43,33,30,19,0,0,0,0,0,0,0,0,1,0,0,0
1433,716000,-3512,46,43,32,30,19,0,0,0,0,0,0,0,0,1,0,0,0
1434,716500,-3445,46,43,32,30,19,0,0,0,0,0,0,0,0,1,0,0,0
1435,717000,-3271,46,43,30,30,19,0,0,0,0,0,0,0,0,1,0,0,0
1436,717500,-3027,47,43,30,30,19,0,0,0,0,0,0,0,0,1,0,0,0
1437,718000,-2713,46,43,27,30,18,0,0,0,0,0,0,0,0,1,0,0,0
1438,718500,-2297,48,43,24,31,19,0,0,0,0,0,0,0,0,1,0,0,0
1439,719000,-1874,47,42,22,30,18,0,0,0,0,0,0,0,0,1,0,0,0
1440,719500,-1385,48,44,21,32,20,0,0,0,0,0,0,0,0,1,0,0,0
1441,720000,-820,48,43,21,30,19,0,0,0,0,0,0,0,0,1,0,0,0
1442,720500,-275,48,44,18,32,19,0,0,0,0,0,0,0,0,1,0,0,0
1443,721000,294,47,44,12,32,20,0,0,0,0,0,0,0,0,1,0,0,0
1444,721500,818,48,44,11,32,20,0,0,0,0,0,0,0,0,1,0,0,0
1445,722000,1327,46,43,11,30,19,0,0,0,0,0,0,0,0,1,0,0,0
1446,722500,1816,46,44,10,31,20,0,0,0,0,0,0,0,0,1,0,0,0
1447,723000,2248,47,45,8,32,20,0,0,0,0,0,0,0,0,1,0,0,0
1448,723500,2645,46,44,7,32,20,0,0,0,0,0,0,0,0,1,0,0,0
1449,724000,2969,46,43,5,30,20,0,0,0,0,0,0,0,0,1,0,0,0
1450,724500,3213,46,43,5,30,19,0,0,0,0,0,0,0,0,1,0,0,0
1451,725000,3383,46,45,4,30,20,0,0,0,0,0,0,0,0,1,0,0,0
1452,725500,3467,46,44,4,30,20,0,0,0,0,0,0,0,0,1,0,0,0
1453,726000,3467,46,43,4,30,19,0,0,0,0,0,0,0,0,1,0,0,0
1454,726500,3365,46,43,5,30,19,0,0,0,0,0,0,0,0,1,0,0,0
1455,727000,3209,46,43,5,30,19,0,0,0,0,0,0,0,0,1,0,0,0
1456,727500,2959,45,43,5,30,19,0,0,0,0,0,0,0,0,1,0,0,0
1457,728000,2637,46,43,8,31,19,0,0,0,0,0,0,0,0,1,0,0,0
1458,728500,2244,46,43,8,30,19,0,0,0,0,0,0,0,0,1,0,0,0
1459,729000,1794,47,45,11,32,20,0,0,0,0,0,0,0,0,1,0,0,0
1460,729500,1305,46,43,13,30,19,0,0,0,0,0,0,0,0,1,0,0,0
1461,730000,790,46,43,12,30,19,0,0,0,0,0,0,0,0,1,0,0,0
1462,730500,251,46,43,16,30,19,0,0,0,0,0,0,0,0,1,0,0,0
1463,731000,-271,45,43,20,30,19,0,0,0,0,0,0,0,0,1,0,0,0
1464,731500,-846,46,43,22,30,19,0,0,0,0,0,0,0,0,1,0,0,0
1465,732000,-1385,47,43,22,30,19,0,0,0,0,0,0,0,0,1,0,0,0
1466,732500,-1874,46,45,24,32,20,0,0,0,0,0,0,0,0,1,0,0,0
1467,733000,-2307,47,43,26,30,19,0,0,0,0,0,0,0,0,1,0,0,0
1468,733500,-2713,47,43,29,30,19,0,0,0,0,0,0,0,0,1,0,0,0
1469,734000,-3027,47,43,30,30,18,0,0,0,0,0,0,0,0,1,0,0,0
1470,734500,-3271,49,44,33,31,19,0,0,0,0,0,0,0,0,1,0,0,0
1471,735000,-3445,46,45,32,32,20,0,0,0,0,0,0,0,0,1,0,0,0
1472,735500,-3512,46,43,33,31,19,0,0,0,0,0,0,0,0,1,0,0,0
1473,736000,-3512,46,45,33,32,20,0,0,0,0,0,0,0,0,1,0,0,0
1474,736500,-3445,46,43,32,30,19,0,0,0,0,0,0,0,0,1,0,0,0
1475,737000,-3271,48,43,32,30,19,0,0,0,0,0,0,0,0,1,0,0,0
1476,737500,-3027,48,43,30,30,18,0,0,0,0,0,0,0,0,1,0,0,0
1477,738000,-2674,46,43,27,30,19,0,0,0,0,0,0,0,0,1,0,0,0
1478,738500,-2293,46,43,24,30,19,0,0,0,0,0,0,0,0,1,0,0,0
1479,739000,-1834,47,43,23,30,19,0,0,0,0,0,0,0,0,1,0,0,0
1480,739500,-1341,49,44,21,32,19,0,0,0,0,0,0,0,0,1,0,0,0
1481,740000,-803,46,45,19,32,20,0,0,0,0,0,0,0,0,1,0,0,0
1482,740500,-258,47,43,18,32,19,0,0,0,0,0,0,0,0,1,0,0,0
1483,741000,309,48,45,12,32,20,0,0,0,0,0,0,0,0,1,0,0,0
1484,741500,834,46,43,10,31,19,0,0,0,0,0,0,0,0,1,0,0,0
1485,742000,1340,48,45,11,32,20,0,0,0,0,0,0,0,0,1,0,0,0
1486,742500,1829,46,44,8,30,19,0,0,0,0,0,0,0,0,1,0,0,0
1487,743000,2273,46,43,8,30,19,0,0,0,0,0,0,0,0,1,0,0,0
1488,743500,2658,48,45,7,32,20,0,0,0,0,0,0,0,0,1,0,0,0
1489,744000,2977,46,43,5,30,19,0,0,0,0,0,0,0,0,1,0,0,0
1490,744500,3221,45,44,5,30,19,0,0,0,0,0,0,0,0,1,0,0,0
1491,745000,3387,45,43,4,30,19,0,0,0,0,0,0,0,0,1,0,0,0
1492,745500,3467,47,45,4,32,20,0,0,0,0,0,0,0,0,1,0,0,0
1493,746000,3467,46,44,4,32,19,0,0,0,0,0,0,0,0,1,0,0,0
1494,746500,3365,46,43,4,30,19,0,0,0,0,0,0,0,0,1,0,0,0
